GO	[-3.00 -0.30]	[-0.30 -0.19]	[-0.19 -0.13]	[-0.13 -0.07]	[-0.07 -0.03]	[-0.03 0.02]	[0.02 0.05]	[0.05 0.11]	[0.11 0.18]	[0.18 0.31]	[0.31 2.54]
MORF_ACTG1 MORF_ACTG1	-2.223	-1.104	-0.320	-0.757	1.510	3.750	0.891	1.510	-0.502	-2.223	-1.013
MORF_TPT1 MORF_TPT1	-2.427	-0.662	-0.407	-0.662	0.852	4.707	0.587	1.537	-0.662	-1.580	-0.959
GCM_TPT1 GCM_TPT1	-1.648	-0.944	-0.944	-0.944	0.862	2.753	1.682	1.682	-0.534	-0.944	-0.885
MORF_NPM1 MORF_NPM1	-1.637	-0.869	-0.273	-0.417	1.172	3.989	-0.273	1.473	-0.417	-2.197	-0.780
GNF2_PCNA GNF2_PCNA	2.753	-0.287	0.316	-0.534	0.316	-0.287	-0.534	-1.648	-0.534	-1.648	2.320
GNF2_EIF3S6 GNF2_EIF3S6	-1.879	-1.282	0.256	-0.351	0.419	3.933	0.629	1.191	-0.561	-1.282	-0.504
GNF2_MSH2 GNF2_MSH2	-0.796	0.607	0.607	0.276	-0.796	-0.796	1.059	-0.796	-0.796	-0.328	2.390
GNF2_CENPE GNF2_CENPE	2.291	-0.796	0.607	-0.796	0.607	-0.328	-0.796	-0.796	0.276	-0.796	1.117
GCM_NPM1 GCM_NPM1	-1.157	-0.292	-0.760	-0.292	0.733	2.163	0.496	2.163	-0.482	-1.728	-1.074
