GO	[-3.82 -0.37]	[-0.37 -0.19]	[-0.19 -0.12]	[-0.12 -0.06]	[-0.06 -0.01]	[-0.01 0.00]	[0.00 0.05]	[0.05 0.12]	[0.12 0.25]	[0.25 0.55]	[0.55 4.46]
MORF_NPM1 MORF_NPM1	-5.574	-2.668	0.292	-0.560	1.018	-1.806	3.984	8.726	1.971	-1.466	-6.825
MORF_ACTG1 MORF_ACTG1	-4.615	-2.456	-0.556	-1.245	0.733	-1.578	4.058	9.182	2.216	-0.968	-5.798
GNF2_EIF3S6 GNF2_EIF3S6	-3.946	-3.946	-0.485	-0.485	1.914	-1.949	2.583	7.845	2.583	-1.949	-5.074
MORF_PRKDC MORF_PRKDC	-2.536	1.670	2.767	3.766	3.084	-4.145	1.227	0.559	-1.205	-4.145	-8.029
MORF_TPT1 MORF_TPT1	-4.269	-4.269	-1.419	-1.059	0.493	-1.419	4.536	9.232	1.685	-0.555	-3.210
MORF_EIF4A2 MORF_EIF4A2	-3.735	-1.977	1.629	0.733	1.911	-2.456	3.259	5.890	-0.408	-3.032	-5.798
MORF_PPP1CC MORF_PPP1CC	-3.997	2.122	3.065	5.433	1.589	-2.788	1.352	-0.348	-2.313	-2.788	-5.735
GNF2_DAP3 GNF2_DAP3	-5.032	-0.471	1.650	1.123	0.702	-3.907	1.374	3.400	2.628	-3.907	-5.032
MORF_HAT1 MORF_HAT1	-3.607	0.970	3.069	7.763	1.870	-4.280	1.381	-1.152	-1.424	-3.032	-3.032
MORF_ANP32B MORF_ANP32B	-6.004	-0.335	0.888	2.206	1.944	-2.335	5.292	1.698	-0.335	-2.335	-7.038
MORF_IL4 MORF_IL4	3.005	-1.009	-1.009	-3.060	-3.060	10.612	-1.513	-2.591	-2.182	0.670	3.005
MORF_RFC4 MORF_RFC4	-1.229	2.677	2.354	5.475	1.050	-2.861	1.268	-0.311	-3.475	-5.133	-4.215
MORF_MAP2K7 MORF_MAP2K7	3.816	-1.288	-1.041	-2.294	-1.288	10.447	-1.576	-2.737	-3.840	0.683	1.923
GNF2_RAN GNF2_RAN	-2.603	0.811	5.879	5.298	1.060	-2.603	-0.714	0.420	-2.603	-3.593	-2.603
GCM_ACTG1 GCM_ACTG1	-3.228	-0.952	0.631	1.520	3.189	-3.228	2.451	4.462	-0.527	-3.228	-5.202
MORF_DNMT1 MORF_DNMT1	-2.375	2.028	0.740	5.874	2.722	-3.014	0.945	0.413	-3.014	-3.829	-3.829
MORF_G22P1 MORF_G22P1	-5.004	-0.407	1.671	5.076	1.671	-1.694	2.820	0.667	-0.407	-3.541	-5.978
GNF2_HPX GNF2_HPX	3.809	-1.895	-1.180	-1.895	-4.496	5.612	-1.895	-1.504	-0.912	-0.375	6.111
MORF_CTSB MORF_CTSB	2.314	-0.565	-0.723	-2.031	-2.031	11.150	-1.388	-2.883	-4.009	0.927	1.539
MORF_BCL2L11 MORF_BCL2L11	4.326	-1.131	-0.910	-2.031	-1.388	6.439	-2.428	-2.883	-2.883	0.482	4.326
GNF2_HPN GNF2_HPN	3.460	-1.867	-1.158	-1.480	-4.457	5.200	-1.867	-1.480	-0.893	-0.256	5.684
MORF_NME2 MORF_NME2	-3.613	-2.988	-0.349	-0.349	1.648	-2.014	2.847	7.677	1.172	-1.313	-3.613
MORF_CDH4 MORF_CDH4	2.626	-1.201	-0.709	-1.922	-1.922	8.779	-1.922	-2.965	-2.395	0.599	2.982
MORF_RAD21 MORF_RAD21	-2.241	0.568	0.877	4.290	1.485	-5.271	3.199	0.877	-0.483	-2.679	-5.271
MORF_PTPN11 MORF_PTPN11	-3.441	0.561	3.667	4.120	1.203	-2.662	0.746	0.746	-0.896	-4.523	-3.441
GCM_TPT1 GCM_TPT1	-2.919	-2.010	-2.010	-0.649	-0.264	-2.010	2.903	8.431	2.030	-0.649	-2.010
MORF_RRM1 MORF_RRM1	-2.454	0.879	1.685	6.130	2.367	-2.454	0.879	-0.386	-2.454	-3.210	-3.210
GNF2_FBL GNF2_FBL	-3.337	0.329	1.623	0.586	2.508	-4.973	1.897	1.623	0.934	-1.447	-6.182
GNF2_PA2G4 GNF2_PA2G4	-1.206	1.001	3.242	3.729	2.360	-1.686	-0.579	0.367	-3.298	-3.298	-3.298
MORF_CD8A MORF_CD8A	3.429	-1.012	-1.313	-2.667	-1.313	6.211	-1.313	-2.125	-2.667	0.310	4.274
MORF_CDC10 MORF_CDC10	-3.303	0.601	4.446	1.165	2.229	-2.703	0.954	0.601	0.339	-2.703	-6.140
MORF_DAP3 MORF_DAP3	-2.258	-0.410	2.301	4.266	0.940	-2.674	1.778	0.775	0.628	-3.149	-6.915
MORF_CTBP1 MORF_CTBP1	-2.848	-0.490	0.578	1.535	2.981	-2.848	4.466	0.900	0.578	-2.848	-5.816
GNF2_LCAT GNF2_LCAT	4.016	-1.601	-0.952	-1.601	-4.063	4.462	-2.036	-1.244	-0.952	-0.264	4.930
GCM_APEX1 GCM_APEX1	-2.248	-0.761	0.631	1.863	2.918	-2.872	1.863	3.319	-0.555	-2.872	-4.777
GCM_NPM1 GCM_NPM1	-1.806	-1.396	-0.798	0.440	0.780	-3.751	3.210	6.580	1.231	-1.396	-3.751
MORF_JUND MORF_JUND	-2.667	-2.667	-1.217	-0.529	1.944	-1.217	2.835	6.362	0.440	-0.814	-2.667
GNF2_RRM1 GNF2_RRM1	-1.459	3.120	1.581	4.581	1.581	-1.459	0.256	-1.060	-1.459	-3.677	-3.677
MORF_AP3D1 MORF_AP3D1	-3.444	-0.615	0.535	2.895	1.343	-1.384	4.094	0.535	0.889	-4.299	-4.299
GCM_CSNK2B GCM_CSNK2B	-3.095	-0.991	0.543	1.205	1.488	-2.351	3.333	2.909	0.543	-3.095	-4.142
MORF_UBE2N MORF_UBE2N	-3.973	0.615	2.327	3.137	1.331	-2.943	1.633	0.615	-0.903	-2.943	-2.943
GCM_MYST2 GCM_MYST2	-1.361	1.029	6.024	2.860	1.029	-4.174	-0.525	0.414	-0.525	-1.671	-4.966
MORF_FBL MORF_FBL	-3.100	-0.432	1.844	3.544	1.844	-2.033	3.162	0.698	-1.627	-2.517	-3.808
MORF_RAD54L MORF_RAD54L	-1.106	2.647	1.929	2.275	2.647	-3.287	-0.280	-0.280	-0.815	-3.287	-4.353
GCM_MLL GCM_MLL	-3.001	3.458	0.811	1.900	2.781	-7.297	-0.418	0.652	-0.550	-0.904	-1.718
MORF_PTPRR MORF_PTPRR	2.749	-0.386	-1.419	-3.210	-1.874	8.569	-1.059	-1.419	-1.874	0.879	0.671
MORF_EIF3S6 MORF_EIF3S6	-3.156	-1.549	0.502	0.666	1.877	-1.198	4.593	2.196	0.502	-1.978	-5.117
GNF2_HCK GNF2_HCK	-0.860	-2.867	-1.185	-0.860	-0.860	-2.148	-1.604	-0.609	1.398	6.997	4.709
MORF_PSMC1 MORF_PSMC1	-3.532	0.438	-0.477	1.227	1.918	-5.694	3.084	2.767	0.699	-1.778	-2.536
GNF2_RBBP6 GNF2_RBBP6	-2.961	1.979	3.832	1.604	1.604	-2.047	-0.670	0.500	-0.670	-2.961	-2.961
MORF_ESPL1 MORF_ESPL1	-2.541	1.333	1.333	4.745	2.111	-1.685	0.499	-0.741	-2.541	-1.685	-2.541
MORF_PRKCA MORF_PRKCA	2.228	-0.374	-1.024	-3.217	-1.554	7.322	-1.024	-2.267	-2.267	0.698	2.520
MORF_FLT1 MORF_FLT1	4.794	-1.290	-1.290	-2.635	-1.653	5.772	-1.653	-1.290	-0.750	-0.555	2.716
GNF2_ST13 GNF2_ST13	-2.667	-1.793	-0.330	-0.529	1.213	-1.793	3.337	4.447	1.213	-1.793	-2.667
MORF_THPO MORF_THPO	3.038	-0.292	-1.313	-2.125	-2.125	7.296	-1.012	-1.680	-2.125	-0.292	2.002
GNF2_CASP1 GNF2_CASP1	-0.958	-2.767	-1.273	-0.958	-1.273	-3.557	0.251	-0.358	4.389	4.873	1.978
GNF2_APEX1 GNF2_APEX1	-2.114	1.148	6.487	2.476	0.489	-2.829	0.336	-0.268	-1.575	-1.575	-2.829
MORF_RAD23B MORF_RAD23B	-1.789	0.476	-0.337	2.363	2.078	-6.140	2.988	0.932	0.363	-1.190	-3.673
MORF_TNFRSF6 MORF_TNFRSF6	3.737	-0.627	-0.627	-2.341	-0.807	5.372	-1.579	-3.376	-1.931	0.459	2.382
MORF_CCNI MORF_CCNI	-3.677	-2.678	0.763	1.581	1.581	-1.060	1.275	3.120	0.390	-1.060	-3.677
MORF_PPP1CA MORF_PPP1CA	-3.409	-0.640	0.447	1.535	2.346	-4.853	2.655	2.056	0.336	-0.640	-3.409
GNF2_KPNB1 GNF2_KPNB1	-3.045	1.519	5.359	0.667	1.880	-3.045	0.301	-0.473	-1.495	-0.713	-2.120
GNF2_RFC3 GNF2_RFC3	-1.704	3.103	3.103	3.728	-0.318	-1.704	-0.575	-0.994	-0.994	-1.704	-1.704
MORF_PCNA MORF_PCNA	-2.491	0.888	4.454	3.935	0.660	-1.816	0.468	-1.317	-0.444	-2.491	-2.491
MORF_BUB1 MORF_BUB1	-2.164	1.021	2.219	3.826	1.021	-2.164	0.722	-0.536	-2.164	-2.164	-1.368
MORF_WNT1 MORF_WNT1	4.668	-0.312	-0.638	-1.554	-3.403	3.728	0.420	-2.627	-2.627	0.420	0.985
MORF_EI24 MORF_EI24	-3.201	0.370	1.239	4.194	1.746	-2.117	1.481	0.822	-0.825	-2.610	-3.201
MORF_PPP6C MORF_PPP6C	-3.287	-0.588	-0.280	0.832	4.393	-4.353	0.632	3.046	0.323	-1.473	-1.106
GNF2_HDAC1 GNF2_HDAC1	-2.122	0.912	3.547	0.706	1.410	-3.518	0.380	2.363	-0.690	-2.732	-2.732
GNF2_CCNA2 GNF2_CCNA2	-1.937	1.742	2.138	3.545	1.068	-1.339	0.561	-0.914	-0.914	-2.835	-2.835
MORF_RPA2 MORF_RPA2	-3.060	0.995	2.400	1.185	2.122	-1.824	1.185	0.995	-0.382	-2.591	-4.929
MORF_PPP2CA MORF_PPP2CA	-2.154	-0.585	0.932	3.784	0.932	-2.154	2.284	0.736	0.566	-2.700	-4.220
GNF2_GSTM1 GNF2_GSTM1	3.182	-1.609	-0.672	-1.224	-3.480	2.408	-1.609	-0.916	-0.672	0.270	5.021
MORF_TERF1 MORF_TERF1	-2.751	-0.360	2.700	1.840	1.840	-1.865	0.605	0.850	-0.360	-2.751	-2.751
GNF2_CKS1B GNF2_CKS1B	-1.537	2.894	4.947	1.797	-0.477	-0.863	-0.863	-0.477	-1.537	-1.537	-1.537
GNF2_SMC4L1 GNF2_SMC4L1	-1.849	3.377	1.743	4.374	0.638	-1.345	-0.301	-0.963	-0.963	-2.528	-2.528
MORF_RAB1A MORF_RAB1A	-1.801	-0.795	-0.372	0.427	-0.278	-2.564	2.730	2.730	3.721	-0.628	-4.893
MORF_LCAT MORF_LCAT	4.350	-0.353	-1.137	0.255	-2.304	5.268	-0.353	-3.553	-1.840	-0.353	0.492
MORF_ERH MORF_ERH	-3.712	-0.281	1.826	1.529	2.495	-1.777	2.148	0.322	-0.281	-1.777	-3.712
MORF_PRKAR1A MORF_PRKAR1A	-2.117	-1.356	-0.468	0.265	1.019	-2.610	3.022	3.022	2.672	-1.066	-3.201
GNF2_IGFBP1 GNF2_IGFBP1	-0.218	-0.798	-1.454	-1.454	-0.798	9.865	-0.798	-1.454	-0.431	0.403	0.681
CAR_HPX CAR_HPX	1.880	-0.713	-0.713	-1.495	-3.045	4.205	-0.301	-1.495	-1.495	-0.473	3.674
MORF_SNRP70 MORF_SNRP70	-1.721	0.479	0.704	-0.301	3.497	-2.583	0.975	2.054	-0.301	-2.583	-2.583
GCM_DFFA GCM_DFFA	-1.033	1.153	3.376	2.626	0.566	-4.220	-0.302	-0.302	0.736	-2.700	-2.700
GNF2_TST GNF2_TST	3.470	-1.473	-1.106	-0.815	-3.287	2.275	-1.473	-0.815	-0.815	0.323	4.393
MORF_MAP3K14 MORF_MAP3K14	3.820	-0.649	-1.153	-0.471	-2.440	5.717	0.388	-1.920	-2.440	-0.471	0.702
GNF2_TPT1 GNF2_TPT1	-1.579	-1.579	-1.579	-0.501	-0.266	-0.501	1.283	4.083	3.414	-0.895	-1.579
MORF_MAP2K2 MORF_MAP2K2	-2.274	-1.116	-0.342	3.978	0.665	-1.813	3.173	1.055	-0.342	-0.342	-4.378
GNF2_NPM1 GNF2_NPM1	-2.083	1.231	1.561	1.561	-0.288	-1.464	2.333	0.941	-0.692	-3.003	-3.003
GCM_UBE2N GCM_UBE2N	-0.599	1.007	3.288	1.219	1.983	-5.213	-1.005	1.219	-1.005	-1.005	-2.403
GNF2_MCM4 GNF2_MCM4	-1.403	2.154	0.984	3.729	0.984	-0.896	0.693	-1.403	-1.403	-2.206	-2.206
GNF2_TDG GNF2_TDG	-1.454	3.100	3.765	1.942	-0.431	-1.454	-0.798	-0.431	-1.454	-1.454	-0.798
MORF_MBD4 MORF_MBD4	-1.882	0.836	-0.987	0.618	3.311	-3.551	2.057	1.378	0.289	-1.882	-1.882
MORF_SMC1L1 MORF_SMC1L1	-2.583	0.975	2.054	5.267	0.704	-1.721	-0.301	-0.765	-0.490	-1.721	-1.721
GNF2_CCNB2 GNF2_CCNB2	-1.010	2.845	1.913	2.845	0.379	-1.543	0.589	-1.010	-1.010	-2.374	-2.374
MORF_EIF4E MORF_EIF4E	-0.987	3.789	1.378	1.378	1.378	-3.551	-0.475	-0.695	0.435	-1.882	-2.565
MORF_KDR MORF_KDR	1.965	-0.903	-0.903	-2.215	-1.236	4.553	-0.448	-1.664	-2.215	0.615	2.718
GNF2_PCNA GNF2_PCNA	-1.339	4.083	0.793	2.138	1.742	-0.914	-0.240	-1.937	-0.914	-1.339	-2.835
GNF2_STAT6 GNF2_STAT6	-1.686	-2.342	1.001	-0.847	-0.579	-3.298	1.001	1.968	3.729	0.751	-1.206
GNF2_KISS1 GNF2_KISS1	-0.271	-0.473	-1.264	-2.039	-1.264	9.522	-0.473	-1.264	-0.271	0.547	0.334
GCM_RAB10 GCM_RAB10	-1.382	0.525	2.505	1.930	-0.302	-2.970	-0.888	4.658	-0.538	-0.888	-2.970
GNF2_DNM1 GNF2_DNM1	1.161	-0.735	-1.070	-3.087	-2.157	1.832	0.288	-1.527	-1.070	2.222	3.106
GCM_HBP1 GCM_HBP1	-2.919	1.003	2.449	1.649	0.740	-2.919	0.342	0.342	0.520	-0.965	-2.919
GNF2_TIMP2 GNF2_TIMP2	-0.412	-0.412	-1.162	-1.913	-1.162	8.338	-0.412	-1.913	-0.228	0.626	0.626
GCM_DDX5 GCM_DDX5	-1.829	1.891	0.880	1.891	1.175	-0.548	1.513	-0.345	-1.829	-2.709	-2.709
GCM_HMGA2 GCM_HMGA2	0.487	-1.221	-1.575	-0.932	-2.007	7.086	-2.007	-0.367	-0.367	0.353	2.494
MORF_RFC1 MORF_RFC1	-2.697	1.442	1.737	0.936	1.442	-2.091	-0.481	0.545	1.175	-0.916	-4.565
GNF2_CDC20 GNF2_CDC20	-0.981	1.971	2.425	2.425	0.880	-1.508	0.397	-0.981	-0.981	-2.332	-2.332
MORF_RAF1 MORF_RAF1	-1.637	-0.937	2.363	2.363	0.260	-1.637	1.147	1.701	0.260	-0.937	-4.607
GNF2_XRCC5 GNF2_XRCC5	-1.558	1.127	2.169	1.127	3.039	-2.194	0.429	0.429	-2.194	-1.558	-2.194
GCM_CBFB GCM_CBFB	-0.649	0.740	0.520	3.391	1.306	-2.919	0.520	1.003	-0.965	-2.010	-2.919
MORF_DEAF1 MORF_DEAF1	-1.010	-0.400	0.589	2.358	2.358	-0.647	0.848	1.157	-2.374	-2.374	-2.374
GNF2_CENPF GNF2_CENPF	-1.157	1.652	2.497	2.978	0.975	-1.157	0.301	-1.721	-0.765	-1.721	-2.583
MORF_UNG MORF_UNG	-2.230	1.094	2.117	4.499	0.828	-2.230	0.413	-0.779	-0.779	-1.590	-1.590
MORF_THRA MORF_THRA	0.258	-0.580	-0.924	-1.437	-0.924	4.232	-2.248	-0.924	-0.924	0.666	4.232
CAR_IGFBP1 CAR_IGFBP1	1.512	-0.400	-0.647	-1.010	-2.374	4.540	-1.010	-1.543	-1.543	0.379	2.358
GNF2_CDC2 GNF2_CDC2	-1.157	2.054	2.497	2.497	0.704	-1.721	0.479	-1.157	-0.765	-1.721	-2.583
GNF2_EGFR GNF2_EGFR	0.247	-0.363	-1.329	-1.329	-1.329	7.599	-0.703	-1.329	0.247	0.480	0.480
MORF_TERF2IP MORF_TERF2IP	-1.806	-0.291	0.440	2.818	0.992	-2.311	2.107	0.440	0.440	-0.586	-4.862
GNF2_MMP11 GNF2_MMP11	-0.336	-0.600	-1.027	-1.746	-1.027	8.236	-0.336	-1.746	0.269	0.477	0.477
GNF2_MLH1 GNF2_MLH1	-1.746	1.087	4.276	1.939	0.477	-1.746	-0.600	0.269	-1.027	-1.746	-1.027
MORF_CDC16 MORF_CDC16	-1.527	0.288	1.832	0.644	4.676	-1.070	0.644	0.288	-2.157	-0.735	-3.087
GNF2_CARD15 GNF2_CARD15	-0.406	-1.370	-2.877	-0.940	-0.406	-1.370	-0.629	-0.406	0.766	4.560	3.467
GNF2_ELAC2 GNF2_ELAC2	-1.913	2.659	2.148	0.923	1.686	-1.913	-0.228	-1.913	-0.704	-0.704	-1.162
GNF2_BUB1B GNF2_BUB1B	-1.264	1.521	1.950	2.952	0.547	-1.264	0.817	-0.785	-1.264	-2.039	-2.039
MORF_SART1 MORF_SART1	-1.757	-1.187	0.459	0.678	1.604	-1.757	1.251	3.962	-0.315	-1.187	-2.625
GNF2_RFC4 GNF2_RFC4	-1.649	3.129	2.630	1.752	0.330	-1.649	-0.274	-0.453	-0.453	-1.649	-2.499
MORF_STK17A MORF_STK17A	3.871	-0.538	-1.382	-1.694	-1.382	3.871	-2.480	-0.538	-0.697	0.300	1.671
GCM_PSME1 GCM_PSME1	-1.373	-0.314	-0.314	0.618	1.090	-2.565	1.090	4.828	0.435	-1.882	-2.565
MORF_FEN1 MORF_FEN1	-1.247	0.262	1.891	4.352	0.629	-1.247	0.880	0.262	-1.247	-2.709	-1.829
MORF_PAPSS1 MORF_PAPSS1	-1.083	-0.571	1.648	1.648	1.648	-2.489	1.648	0.651	0.334	-2.489	-3.249
MORF_MYL3 MORF_MYL3	3.318	-1.432	0.328	-0.991	-0.276	3.832	-0.276	-2.047	-2.047	-1.432	0.971
MORF_PSMC2 MORF_PSMC2	-1.749	-0.272	0.333	0.631	1.562	-3.673	3.319	1.562	-0.272	-0.761	-2.872
GNF2_MSH6 GNF2_MSH6	-1.287	1.245	2.893	3.572	-0.342	-1.287	-0.672	-0.672	-0.342	-1.287	-1.287
GNF2_MYL3 GNF2_MYL3	1.245	-1.287	-0.672	-1.287	-1.287	1.245	0.264	-1.287	-0.342	-0.672	5.109
MORF_BUB1B MORF_BUB1B	-0.864	1.840	1.840	2.700	1.138	-2.751	0.249	-0.568	-1.865	-1.278	-1.278
MORF_ITGA2 MORF_ITGA2	1.561	0.233	-0.624	-2.332	-0.981	4.646	0.233	-0.981	-2.332	-0.382	1.197
MORF_NF1 MORF_NF1	2.579	-1.077	-0.513	-0.668	-1.648	3.969	-1.648	-2.424	-0.668	0.425	2.276
MORF_IL9 MORF_IL9	2.426	-0.279	-1.185	-0.609	-2.867	3.257	0.473	-2.867	-0.860	-0.279	1.398
GNF2_FEN1 GNF2_FEN1	-0.981	3.457	0.613	1.971	0.880	-0.981	0.397	-0.382	-0.981	-2.332	-2.332
MORF_PRDX3 MORF_PRDX3	-1.882	-0.695	-0.314	4.295	0.836	-1.882	2.057	0.836	-0.475	-0.695	-2.565
GCM_PPP1CC GCM_PPP1CC	-0.624	0.233	0.880	4.033	0.880	-2.332	0.397	0.880	-0.981	-1.508	-2.332
GNF2_TNFRSF1B GNF2_TNFRSF1B	-0.529	-1.793	-1.217	-0.529	-0.529	-1.793	-0.814	-0.330	1.558	6.362	0.910
MORF_RPA1 MORF_RPA1	-0.717	0.758	1.044	3.666	0.520	-2.499	0.758	0.330	-0.717	-1.649	-2.499
MORF_PPP2R5B MORF_PPP2R5B	3.776	-0.319	-0.428	-1.741	-1.152	2.433	-1.741	-2.110	-0.921	0.284	2.433
MORF_CUL1 MORF_CUL1	-2.047	-0.670	1.268	3.318	-0.276	-1.432	1.979	0.500	0.500	-2.047	-2.047
MORF_GSPT1 MORF_GSPT1	-0.785	0.547	1.521	4.133	0.547	-2.039	0.547	-1.264	-0.271	-1.264	-2.039
GNF2_CEBPA GNF2_CEBPA	2.370	-0.814	-1.217	-1.793	-1.793	0.910	-0.814	-0.814	-0.330	0.274	5.053
MORF_DMPK MORF_DMPK	1.536	0.260	-0.346	-1.488	-0.461	4.006	-1.488	-2.622	-2.188	0.595	2.046
MORF_SP3 MORF_SP3	-0.824	0.382	0.559	0.776	1.652	-3.256	3.310	0.242	0.242	-2.304	-1.654
MORF_GMPS MORF_GMPS	-2.206	0.456	0.984	3.729	0.456	-1.403	0.693	0.693	-0.558	-1.403	-2.206
GNF2_HMMR GNF2_HMMR	-1.196	1.629	1.230	3.126	0.598	-1.196	0.598	-0.731	-0.731	-1.955	-1.955
GNF2_TTK GNF2_TTK	-0.928	3.960	1.664	0.860	0.555	-0.928	0.320	-0.928	-0.928	-1.621	-1.621
GNF2_PECAM1 GNF2_PECAM1	-0.624	-2.332	-0.624	-0.624	-0.382	-0.981	-0.981	-0.382	0.613	5.983	1.561
GNF2_GLTSCR2 GNF2_GLTSCR2	-0.672	-1.287	-1.287	-0.342	0.264	-1.287	0.509	4.311	1.726	0.264	-1.287
GNF2_CD1D GNF2_CD1D	0.239	-1.094	-1.830	-0.652	-0.373	-1.830	-0.652	-0.373	1.002	4.717	1.377
GNF2_NS GNF2_NS	-0.961	0.302	2.080	2.080	1.181	-1.663	0.822	-0.300	-0.961	-1.663	-1.663
GNF2_CYP2B6 GNF2_CYP2B6	3.521	-0.473	-1.264	-1.264	-2.039	0.334	-0.785	-0.785	-0.473	0.817	2.952
GNF2_S100A4 GNF2_S100A4	-0.432	-1.955	-1.955	0.370	-0.432	-1.196	-0.432	-0.432	0.886	5.034	0.886
MORF_RAB3A MORF_RAB3A	4.502	-0.540	-0.540	-0.775	-1.488	2.635	0.376	-1.085	-2.716	0.245	0.376
GNF2_CDH3 GNF2_CDH3	0.346	-0.551	-1.121	-1.121	-1.121	1.508	0.346	-0.260	-0.551	-1.121	4.978
GNF2_RAB3A GNF2_RAB3A	0.942	-1.537	-0.863	-1.537	-1.537	1.337	-0.250	-0.863	-0.477	1.337	2.894
GNF2_PPP6C GNF2_PPP6C	-1.621	-0.928	0.555	0.555	0.860	-0.928	1.231	3.306	-0.283	-1.621	-1.621
GCM_GSPT1 GCM_GSPT1	-0.367	1.092	2.056	1.092	2.346	-3.409	-1.041	0.729	-0.640	-1.041	-2.368
GNF2_RRM2 GNF2_RRM2	-0.961	0.822	0.822	3.203	1.181	-0.961	0.822	-0.961	-0.961	-1.663	-1.663
GCM_ZNF198 GCM_ZNF198	-1.087	0.968	2.067	1.753	1.753	-2.978	-0.601	0.427	0.300	-1.421	-2.343
GNF2_MCM5 GNF2_MCM5	-1.127	0.730	4.145	1.333	1.009	-1.127	0.499	-0.741	-1.127	-1.685	-1.685
MORF_CDK2 MORF_CDK2	-2.083	0.314	2.772	1.929	0.482	-1.464	-0.288	1.561	-0.456	-1.464	-2.083
MORF_PDCD1 MORF_PDCD1	2.222	0.288	-0.735	-2.157	-0.490	5.260	-1.070	-1.070	-1.070	0.288	0.288
GNF2_CKS2 GNF2_CKS2	-1.298	2.356	1.100	1.889	0.522	-0.812	0.522	-0.286	-0.812	-2.081	-2.081
MORF_PHB MORF_PHB	-1.601	-0.264	1.259	0.814	1.024	-3.228	1.806	1.024	0.631	-1.244	-2.569
GNF2_MCL1 GNF2_MCL1	-0.647	-2.374	-0.647	-1.010	-0.400	-1.543	0.589	-0.647	3.372	2.358	0.848
MORF_MSH2 MORF_MSH2	-1.098	1.044	1.044	2.630	1.044	-1.649	0.758	-0.453	-0.453	-1.649	-2.499
MORF_BMI1 MORF_BMI1	-1.719	0.353	2.307	0.521	0.971	-1.233	1.569	0.971	-0.398	-2.379	-2.379
MORF_TTN MORF_TTN	0.753	-0.301	-0.301	-1.333	-0.301	5.932	-0.301	-0.514	-1.333	-2.122	0.499
GNF2_HAT1 GNF2_HAT1	-2.081	-0.286	3.427	1.100	1.469	-1.298	0.522	0.317	-0.812	-1.298	-1.298
MORF_ETV3 MORF_ETV3	1.175	-1.247	-0.839	-0.839	-0.345	4.949	-1.829	-1.247	-0.548	0.262	1.513
GNF2_MYL2 GNF2_MYL2	1.188	-1.329	-0.703	-1.329	-1.329	0.795	0.480	-1.329	0.247	0.247	3.446
GNF2_BUB3 GNF2_BUB3	-0.581	0.324	1.970	1.436	2.576	-1.162	-1.162	-0.280	-1.162	-0.581	-1.162
GCM_RAF1 GCM_RAF1	-1.788	-0.355	1.872	0.253	2.916	-1.060	1.044	0.453	-0.626	-1.060	-1.788
GNF2_ITGB2 GNF2_ITGB2	-1.010	-2.374	-0.400	0.379	-1.010	-1.543	-0.400	-0.400	2.845	2.358	1.157
GNF2_CENPE GNF2_CENPE	-0.994	0.785	1.133	3.103	1.133	-0.994	0.285	-0.994	-0.318	-1.704	-1.704
MORF_EPHA7 MORF_EPHA7	2.178	0.715	-0.758	-0.988	-2.487	3.596	0.554	-1.602	-1.267	-0.570	0.715
MORF_BAG5 MORF_BAG5	-1.473	0.416	-0.365	0.639	1.238	-1.473	2.999	0.914	0.245	-2.290	-1.473
MORF_BNIP1 MORF_BNIP1	3.766	-0.477	-0.363	-1.205	-0.976	3.417	-0.976	-1.471	-1.471	-0.271	0.857
GNF2_MAPT GNF2_MAPT	1.133	0.285	-0.318	-1.704	-1.704	1.133	-0.318	-1.704	-0.994	1.542	1.542
GNF2_MYD88 GNF2_MYD88	-0.717	-1.649	-0.453	-0.717	0.330	-2.499	0.330	0.520	4.240	1.376	-0.453
GNF2_MLF1 GNF2_MLF1	0.405	-1.430	-1.430	-0.339	-1.430	5.783	0.266	-0.735	-0.735	0.266	1.308
GNF2_SERPINB5 GNF2_SERPINB5	0.324	-0.581	-1.162	-0.581	-1.162	1.970	0.324	-0.280	-0.581	-1.162	3.993
GNF2_PTX3 GNF2_PTX3	0.987	-0.830	-1.496	-0.830	-0.234	1.395	-1.496	-0.830	-0.830	2.402	1.395
MORF_TPR MORF_TPR	-1.805	1.623	0.934	0.934	0.329	-3.337	0.748	0.446	1.141	-0.382	-2.735
GNF2_SPINK1 GNF2_SPINK1	1.091	-0.521	-1.079	-0.521	-0.521	6.089	-1.079	-0.521	-0.521	-0.241	-0.241
GNF2_FOS GNF2_FOS	-0.318	-0.575	-1.704	-0.994	-0.318	-1.704	-0.575	0.285	0.785	3.728	1.542
GNF2_FGR GNF2_FGR	-1.329	-1.329	0.247	-0.363	-1.329	-0.703	-0.363	-0.363	1.653	3.446	0.795
GNF2_CCNA1 GNF2_CCNA1	0.388	-0.889	-1.901	0.238	-1.308	6.004	-0.375	-0.588	-0.588	0.238	0.821
GCM_PFN1 GCM_PFN1	-2.122	-0.301	0.499	0.499	0.301	-0.840	1.060	1.829	1.420	-1.333	-2.122
MORF_CCNF MORF_CCNF	-1.654	1.323	1.323	1.652	0.776	-3.256	0.242	-0.369	0.559	-0.824	-1.178
GNF2_SERPINI2 GNF2_SERPINI2	0.426	-0.463	-0.996	-0.463	-0.463	6.568	-0.996	-0.463	-0.463	-0.463	0.426
MORF_RAGE MORF_RAGE	2.156	0.319	-1.470	-2.259	-0.913	2.802	-1.831	-0.703	0.434	0.434	1.118
MORF_LTK MORF_LTK	2.192	-0.519	-2.735	-1.447	-0.688	3.201	-0.688	-0.895	-0.382	0.934	0.748
GNF2_DEK GNF2_DEK	-1.578	1.465	2.294	1.858	0.565	-1.039	-0.417	0.362	-0.670	-1.578	-1.578
GCM_ERBB2IP GCM_ERBB2IP	-1.127	-0.741	1.333	1.701	0.499	-1.685	-0.287	1.333	-0.741	1.009	-2.541
MORF_MYC MORF_MYC	2.307	0.521	-1.233	-1.719	-1.233	3.175	-1.233	-0.598	-0.598	-0.255	0.971
GNF2_CD48 GNF2_CD48	-1.329	-1.329	0.480	-0.363	-0.703	-1.329	0.247	1.188	2.786	1.188	-0.703
GNF2_RTN1 GNF2_RTN1	0.722	0.477	-0.868	-1.368	-2.164	1.372	0.286	-1.368	-0.868	1.021	2.219
MORF_REV3L MORF_REV3L	-0.260	1.804	0.542	0.787	-0.435	-2.458	-0.260	-1.068	1.420	0.542	-2.458
GNF2_MBD4 GNF2_MBD4	-1.038	-1.038	-0.492	0.727	0.727	-1.038	0.727	3.673	-0.222	-0.492	-1.038
GNF2_ESPL1 GNF2_ESPL1	-0.798	1.942	1.942	1.033	1.033	-0.798	-0.431	-0.431	-0.798	-1.454	-1.454
GNF2_SPRR1B GNF2_SPRR1B	0.426	-0.463	-0.463	-0.463	-0.996	5.586	0.426	-0.996	-0.996	-0.204	-0.204
GNF2_HLA_C GNF2_HLA_C	-1.196	-1.955	0.370	-0.432	-0.432	-1.955	-0.242	0.598	2.579	1.629	0.370
GNF2_DENR GNF2_DENR	-2.122	1.420	1.420	2.286	-0.514	-1.333	0.499	0.301	-0.301	-0.840	-1.333
GNF2_G22P1 GNF2_G22P1	-0.830	0.647	2.402	1.868	0.380	-1.496	-0.454	0.647	-0.830	-0.830	-1.496
CAR_MLANA CAR_MLANA	1.044	-0.355	-1.060	-0.626	-1.788	1.044	-1.060	-1.060	0.253	0.453	3.513
GNF2_CD53 GNF2_CD53	-1.039	-1.578	-0.247	-0.247	-0.670	-2.416	-0.247	1.118	2.771	1.465	-0.247
GCM_RAD21 GCM_RAD21	-1.537	0.942	0.615	1.337	1.797	-0.477	0.359	0.359	-0.863	-1.537	-1.537
MORF_JAG1 MORF_JAG1	1.633	-0.645	-0.903	-2.215	-0.903	2.327	-2.215	-0.301	0.442	0.821	1.060
GNF2_CD33 GNF2_CD33	-0.301	-0.840	-1.333	-1.333	-0.301	-1.333	-0.514	-0.301	1.060	3.925	1.420
GCM_BAG5 GCM_BAG5	-0.501	-0.266	0.339	0.339	1.729	-1.579	-0.895	2.797	0.584	-1.579	-0.895
GNF2_PTPN6 GNF2_PTPN6	-0.731	-1.955	-0.242	-0.432	-0.731	-1.955	0.370	0.370	1.629	2.579	0.598
MORF_RAB5A MORF_RAB5A	-1.664	-0.903	-0.301	-0.301	0.442	-2.215	3.137	1.965	0.442	0.442	-1.236
MORF_PPP2R4 MORF_PPP2R4	-1.333	-0.301	-0.840	0.753	-0.301	-2.122	0.753	3.925	0.499	-0.301	-0.840
GCM_RBM8A GCM_RBM8A	-0.398	0.971	3.175	1.569	-0.398	-2.379	-0.598	0.353	-0.255	-1.719	-0.870
GCM_TPR GCM_TPR	-0.703	-0.363	2.187	2.187	1.188	-1.329	0.247	-1.329	-0.363	-0.703	-0.703
GCM_BCL2L1 GCM_BCL2L1	-1.412	0.717	1.082	2.020	0.717	-1.412	-0.408	-0.408	0.717	-1.412	-0.766
GCM_MAX GCM_MAX	-1.287	3.572	0.509	0.509	0.509	-1.287	0.509	-0.672	-0.342	-0.342	-1.287
GNF2_TTN GNF2_TTN	1.583	-0.241	-0.521	-1.079	-1.079	2.804	-0.521	-1.079	-0.521	-0.241	1.091
GNF2_UBE2I GNF2_UBE2I	-0.652	-0.652	0.431	0.431	1.377	-1.830	0.685	1.808	0.685	-1.094	-1.830
GCM_RING1 GCM_RING1	0.866	-0.252	-0.525	-0.252	-2.802	4.801	-0.725	-0.525	-0.725	-0.525	0.668
GNF2_CDKN1C GNF2_CDKN1C	-0.260	-0.260	-1.121	-1.121	-0.551	4.148	-0.260	-1.121	-0.260	1.034	0.346
GNF2_PTPRC GNF2_PTPRC	-1.937	-0.914	-0.240	-0.391	-0.391	-1.937	-0.608	0.793	0.793	3.545	0.793
MORF_LMO1 MORF_LMO1	2.219	-0.536	-0.868	-0.868	-1.368	1.372	-2.164	0.477	-0.316	0.286	1.372
GNF2_H2AFX GNF2_H2AFX	-1.287	0.837	0.509	2.277	0.837	-0.672	0.837	-0.672	-0.342	-1.287	-1.287
GNF2_TYK2 GNF2_TYK2	-1.371	-0.385	0.230	0.755	0.230	-1.371	1.584	2.101	0.453	-0.735	-1.371
MORF_USP5 MORF_USP5	-0.868	-0.316	1.021	0.286	-0.536	-0.868	2.219	1.372	0.722	-1.368	-2.164
GNF2_ANP32B GNF2_ANP32B	-0.863	0.615	2.894	1.337	0.942	-0.863	-0.477	-0.250	-0.863	-1.537	-0.863
GCM_RAN GCM_RAN	-0.410	1.324	1.324	0.628	0.775	-4.316	-0.855	0.775	0.628	-0.410	-1.576
MORF_DAP MORF_DAP	-1.654	-1.178	-0.561	1.323	-0.369	-1.178	1.323	1.323	1.652	0.382	-1.654
GCM_SMARCD1 GCM_SMARCD1	0.448	-0.604	-1.129	0.311	-1.966	3.410	-1.129	-0.291	-0.604	-0.291	2.230
GCM_CRKL GCM_CRKL	-0.814	-0.529	3.337	0.440	0.274	-1.217	-0.330	1.213	0.910	-1.217	-1.793
GNF2_ICAM3 GNF2_ICAM3	-0.526	-1.621	0.320	0.555	-0.928	-1.621	-0.283	-0.526	0.860	2.704	0.860
MORF_BECN1 MORF_BECN1	-1.500	-0.835	0.614	1.036	0.810	-1.129	0.614	1.889	1.036	-0.835	-2.558
MORF_ATOX1 MORF_ATOX1	-1.233	-0.398	-0.598	0.353	1.252	-2.379	1.252	1.921	0.727	-0.255	-1.719
GCM_LTK GCM_LTK	1.277	-0.704	-1.913	-1.162	-0.704	3.218	-0.704	-0.228	0.626	0.389	-0.228
GCM_PRKCG GCM_PRKCG	0.678	-0.789	-0.509	0.287	-1.187	2.906	-1.757	-0.509	-0.509	-0.509	2.433
GCM_RAP2A GCM_RAP2A	-0.408	0.427	2.585	0.717	0.717	-0.408	-1.412	-1.412	0.215	0.427	-1.412
GNF2_MMP1 GNF2_MMP1	2.187	-0.703	-1.329	-1.329	-0.363	0.247	-0.363	-0.363	-0.703	2.187	0.795
GCM_CHUK GCM_CHUK	-0.439	0.715	1.268	-0.276	1.268	-2.047	0.715	1.268	-0.439	-2.047	-1.432
GNF2_CD7 GNF2_CD7	2.234	0.339	0.339	-1.579	-1.579	-0.266	-0.501	-0.895	-0.501	1.729	0.584
GNF2_SMC2L1 GNF2_SMC2L1	-0.735	1.133	1.584	1.584	0.755	-0.735	0.230	-0.735	-0.385	-1.371	-1.371
GNF2_CD14 GNF2_CD14	-0.408	-0.766	-0.766	-0.766	-0.408	-0.766	-0.766	-0.408	0.427	3.892	2.020
MORF_FRK MORF_FRK	1.410	0.529	-0.346	-0.690	-1.637	3.547	0.260	-1.637	-0.937	-0.690	0.706
MORF_ESR1 MORF_ESR1	1.671	0.300	0.403	-0.538	-2.480	3.153	-1.115	-0.888	-0.888	-0.302	0.828
GCM_CDH5 GCM_CDH5	0.380	-0.830	-1.496	-0.234	-0.830	4.344	-0.454	-0.454	-0.454	-0.234	0.987
GCM_MSN GCM_MSN	-1.162	-0.280	0.324	0.980	0.608	-1.162	0.324	0.980	1.436	-1.162	-1.162
GCM_TEC GCM_TEC	1.188	-1.329	-1.329	0.247	-1.329	1.188	-0.703	0.247	0.247	0.247	1.653
GNF2_AF1Q GNF2_AF1Q	1.664	0.398	-1.038	-0.492	-1.038	0.727	-0.222	-1.038	-1.038	1.152	0.727
GCM_SUFU GCM_SUFU	0.580	-0.543	2.909	0.580	0.397	-3.214	-0.355	-0.355	0.397	0.253	-1.151
GNF2_SPTA1 GNF2_SPTA1	0.339	1.529	-1.751	-1.261	-0.617	0.339	-1.261	-0.617	-0.413	1.875	1.875
MORF_RAB11A MORF_RAB11A	0.346	0.346	-0.260	0.787	0.542	-1.614	1.420	1.420	-1.068	-0.435	-2.458
GNF2_ANK1 GNF2_ANK1	-0.314	1.161	-1.527	-1.527	-0.490	0.446	-1.070	-0.735	-0.314	1.478	2.647
GNF2_SPTB GNF2_SPTB	-0.314	1.161	-1.527	-1.527	-0.490	0.446	-1.070	-0.735	-0.314	1.478	2.647
GNF2_CBFB GNF2_CBFB	-1.246	-0.641	1.305	0.882	0.882	-1.246	0.282	0.540	0.882	-0.641	-1.246
GNF2_MATK GNF2_MATK	1.749	0.426	-0.204	-0.996	-0.996	-0.463	-0.463	-0.463	-0.996	2.366	0.426
GNF2_BUB1 GNF2_BUB1	-1.079	0.685	1.583	2.156	-0.241	-0.521	0.371	-0.241	-0.521	-1.079	-1.079
MORF_PPP2R5E MORF_PPP2R5E	-0.278	0.326	0.485	0.915	0.485	-2.453	1.490	0.915	0.326	-0.916	-2.453
GNF2_MSH2 GNF2_MSH2	-1.162	0.980	0.980	1.436	0.980	-0.581	-0.581	0.324	-0.280	-1.162	-1.162
GCM_NCAM1 GCM_NCAM1	0.433	-0.413	3.429	0.755	0.310	-3.336	-0.767	-0.413	-0.570	-0.292	0.433
MORF_MTA1 MORF_MTA1	-0.738	0.248	0.248	1.453	0.711	-1.814	2.098	0.526	0.372	-0.738	-2.385
GCM_FANCC GCM_FANCC	0.321	-0.750	-0.282	0.446	-2.635	3.899	-0.555	-0.555	-0.401	-0.401	0.977
