GO	[-6.23 -0.70]	[-0.70 -0.29]	[-0.29 -0.12]	[-0.12 -0.01]	[-0.01 0.00]	[0.00 0.00]	[0.00 0.05]	[0.05 0.16]	[0.16 0.31]	[0.31 0.68]	[0.68 6.04]
TMTCGCGANR_UNKNOWN TMTCGCGANR_UNKNOWN	-5.644	-0.606	1.119	8.632	-3.929	-4.698	0.260	8.109	1.810	-2.740	-4.708
SETBP1_TARGET_GENES SETBP1_TARGET_GENES	-2.797	-0.317	1.315	5.843	-6.391	-7.684	0.491	3.528	1.768	-0.317	-2.362
SREBP1_01 SREBP1_01	-4.204	-0.557	2.990	4.416	-4.204	-4.204	-0.907	5.222	1.831	-0.425	-2.985
TOX4_TARGET_GENES TOX4_TARGET_GENES	-0.769	0.436	0.846	3.653	-5.586	-7.893	-0.607	4.003	2.693	-0.270	-2.949
ZZZ3_TARGET_GENES ZZZ3_TARGET_GENES	-0.884	0.376	2.900	6.543	-5.020	-5.020	0.680	1.087	0.376	-0.884	-3.908
ZBED4_TARGET_GENES ZBED4_TARGET_GENES	-3.413	0.548	2.518	2.226	-4.845	-7.059	-1.061	3.499	2.518	-0.384	-0.664
GGAANCGGAANY_UNKNOWN GGAANCGGAANY_UNKNOWN	-2.702	-0.684	1.394	1.991	-2.702	-4.562	0.702	3.484	4.371	-2.702	-1.624
ZBTB5_TARGET_GENES ZBTB5_TARGET_GENES	-1.897	0.662	0.662	2.390	-7.559	-4.482	1.177	4.390	0.662	0.409	-1.904
MCM3_TARGET_GENES MCM3_TARGET_GENES	-2.883	-0.741	1.249	3.741	-4.691	-5.512	0.721	3.400	1.687	0.458	-1.706
GCGNNANTTCC_UNKNOWN GCGNNANTTCC_UNKNOWN	-3.223	-0.388	2.045	4.304	-4.054	-5.186	0.459	3.078	-0.726	0.788	-0.965
CREB3L2_TARGET_GENES CREB3L2_TARGET_GENES	-1.737	-1.366	0.533	8.521	-3.399	-4.246	0.396	0.695	0.881	1.583	-2.191
E2F_Q2 E2F_Q2	-0.804	-0.277	0.849	3.751	-3.735	-6.194	0.552	6.151	-0.372	-0.490	-1.857
SGCGSSAAA_E2F1DP2_01 SGCGSSAAA_E2F1DP2_01	-1.947	-0.647	3.545	3.198	-3.381	-5.762	-0.276	2.555	1.259	-0.276	-1.954
GTF3A_TARGET_GENES GTF3A_TARGET_GENES	-0.796	-1.143	-2.251	-0.796	5.480	6.086	1.681	-2.251	-1.610	-1.610	-0.799
ZNF667_TARGET_GENES ZNF667_TARGET_GENES	-1.449	0.320	0.568	5.520	-4.942	-3.321	0.725	1.325	2.742	-1.151	-2.231
GGCNKCCATNK_UNKNOWN GGCNKCCATNK_UNKNOWN	-2.442	-3.083	0.680	3.283	-3.900	-3.083	1.886	2.201	2.201	-0.660	-0.484
MXD1_TARGET_GENES MXD1_TARGET_GENES	-2.450	-0.259	1.850	2.426	-2.450	-3.589	-0.357	5.906	0.600	-0.357	-2.979
KCCGNSWTTT_UNKNOWN KCCGNSWTTT_UNKNOWN	-1.565	-0.322	2.072	1.752	-4.479	-2.633	0.406	4.995	0.952	-2.037	-1.193
RUVBL1_TARGET_GENES RUVBL1_TARGET_GENES	-1.526	-0.804	1.911	5.715	-3.156	-4.412	0.326	2.458	1.026	-0.804	-1.532
GGAMTNNNNNTCCY_UNKNOWN GGAMTNNNNNTCCY_UNKNOWN	-2.347	-0.828	3.049	1.998	-2.347	-3.786	-0.442	5.742	-0.828	-0.612	0.289
HOXA7_TARGET_GENES HOXA7_TARGET_GENES	-0.417	0.439	0.312	3.984	-3.709	-4.812	-0.417	3.153	1.218	-0.581	-1.790
ZNF704_TARGET_GENES ZNF704_TARGET_GENES	-2.693	-1.240	1.876	1.502	-2.693	-2.693	0.876	2.739	1.502	-0.546	-1.243
ETF_Q6 ETF_Q6	-1.841	0.937	0.937	5.742	-1.841	-2.347	-0.442	3.863	-1.097	-1.430	-1.435
ZNF547_TARGET_GENES ZNF547_TARGET_GENES	-1.905	0.660	3.257	0.827	-3.454	-6.309	0.514	0.660	1.708	0.284	-0.438
GCGSCMNTTT_UNKNOWN GCGSCMNTTT_UNKNOWN	-1.423	-0.985	0.713	4.322	-0.985	-2.942	-0.275	4.322	0.713	-2.033	-1.426
ZMYM2_TARGET_GENES ZMYM2_TARGET_GENES	-1.274	0.321	0.968	2.667	-5.227	-3.258	0.769	3.413	0.446	-1.274	-0.402
ZBTB1_TARGET_GENES ZBTB1_TARGET_GENES	-1.011	-0.392	1.543	2.157	-3.633	-4.728	0.467	0.817	3.259	-0.392	-1.336
GGCNNMSMYNTTG_UNKNOWN GGCNNMSMYNTTG_UNKNOWN	-1.547	-2.178	0.620	3.986	-3.108	-2.178	0.277	2.559	1.769	-0.505	-0.755
AAGWWRNYGGC_UNKNOWN AAGWWRNYGGC_UNKNOWN	-0.676	-0.495	1.300	4.052	-2.474	-5.061	0.849	2.161	0.501	-0.903	-1.536
NR1D1_TARGET_GENES NR1D1_TARGET_GENES	-1.897	2.242	2.242	1.923	-2.410	-2.410	-1.140	2.949	0.530	-0.865	-2.417
CCGNMNNTNACG_UNKNOWN CCGNMNNTNACG_UNKNOWN	-1.673	-1.673	0.995	4.187	-1.197	-3.275	0.995	2.752	0.539	-0.841	-1.678
DNMT1_TARGET_GENES DNMT1_TARGET_GENES	-0.760	-0.957	2.872	1.287	-1.780	-6.076	-0.760	3.891	0.737	0.463	-0.962
HOXC13_TARGET_GENES HOXC13_TARGET_GENES	-1.455	-0.846	1.387	0.717	-2.379	-4.936	0.401	4.238	1.661	0.401	-1.123
TFCP2_TARGET_GENES TFCP2_TARGET_GENES	-3.067	0.446	0.878	1.815	-1.516	-3.067	-0.731	5.184	0.289	0.289	-1.067
RACTNNRTTTNC_UNKNOWN RACTNNRTTTNC_UNKNOWN	-2.665	0.420	0.731	3.705	-1.684	-3.329	0.563	2.933	-0.580	0.731	-2.133
ACAWNRNSRCGG_UNKNOWN ACAWNRNSRCGG_UNKNOWN	-1.782	-1.210	2.349	2.349	-2.652	-2.652	1.547	0.651	0.907	-0.329	-1.213
STTTCRNTTT_IRF_Q6 STTTCRNTTT_IRF_Q6	-1.443	1.875	1.875	-0.270	-2.485	-5.586	-0.472	-0.472	-0.472	2.997	1.199
XBP1_01 XBP1_01	-1.869	0.612	-0.265	0.464	-4.438	-1.484	-1.484	5.008	2.290	-0.265	0.338
TAANNYSGCG_UNKNOWN TAANNYSGCG_UNKNOWN	-2.434	-0.910	0.679	2.179	-1.769	-3.399	-0.277	3.007	2.179	-0.426	-0.635
ARHGAP35_TARGET_GENES ARHGAP35_TARGET_GENES	-1.430	0.291	-0.442	6.261	-2.347	-2.978	-1.097	1.695	0.937	0.561	-0.831
MYBL1_TARGET_GENES MYBL1_TARGET_GENES	-2.286	0.271	1.660	1.234	-3.709	-5.044	0.584	1.897	1.047	0.721	-0.336
ZNF669_TARGET_GENES ZNF669_TARGET_GENES	-2.214	0.678	1.068	1.068	-3.435	-3.435	0.273	1.830	2.794	-1.390	0.382
ATGGYGGA_UNKNOWN ATGGYGGA_UNKNOWN	-2.531	-0.600	2.199	2.199	-2.531	-4.354	0.447	1.279	0.611	0.447	-0.292
CCAWYNNGAAR_UNKNOWN CCAWYNNGAAR_UNKNOWN	-2.196	-0.275	0.445	1.597	-3.287	-1.426	-1.778	2.151	4.279	0.583	-0.889
HOXD11_TARGET_GENES HOXD11_TARGET_GENES	-0.884	0.445	0.924	1.597	-3.287	-4.903	0.329	2.151	1.863	0.329	-1.432
TSHZ1_TARGET_GENES TSHZ1_TARGET_GENES	-0.944	0.568	1.903	1.903	-4.726	-4.726	0.343	1.227	0.862	-0.595	0.444
HDAC8_TARGET_GENES HDAC8_TARGET_GENES	-0.812	-0.812	1.864	1.091	-3.399	-3.399	0.881	2.493	0.695	0.881	-2.191
GKCGCNNNNNNNTGAYG_UNKNOWN GKCGCNNNNNNNTGAYG_UNKNOWN	-2.528	0.728	1.325	1.689	-1.121	-2.528	1.004	1.689	0.499	-0.737	-2.532
TNCATNTCCYR_UNKNOWN TNCATNTCCYR_UNKNOWN	-2.892	0.464	1.194	2.290	-2.892	-2.892	0.341	3.726	-0.265	-0.265	-0.689
IRX2_TARGET_GENES IRX2_TARGET_GENES	-0.887	-1.122	1.046	1.254	-3.096	-4.478	1.482	2.585	1.482	-0.398	-0.695
GGGNRMNNYCAT_UNKNOWN GGGNRMNNYCAT_UNKNOWN	-2.471	0.314	1.144	2.946	-2.471	-3.441	0.657	2.130	-0.442	-0.442	-0.290
PAX8_TARGET_GENES PAX8_TARGET_GENES	-1.004	-0.325	3.202	1.644	-3.565	-2.582	-0.710	1.332	1.052	-1.390	0.417
SNACANNNYSYAGA_UNKNOWN SNACANNNYSYAGA_UNKNOWN	-1.648	-0.896	1.319	1.319	-2.916	-1.648	-0.301	5.522	0.301	0.441	-1.229
AACWWCAANK_UNKNOWN AACWWCAANK_UNKNOWN	-0.370	2.497	0.598	1.150	-4.864	-3.971	-0.370	1.377	0.760	-0.266	-0.669
BCL6B_TARGET_GENES BCL6B_TARGET_GENES	-0.474	0.457	0.908	2.949	-2.769	-3.963	0.457	1.534	0.908	0.346	-2.777
ZNF133_TARGET_GENES ZNF133_TARGET_GENES	-1.232	0.827	0.388	1.979	-3.454	-4.187	-0.319	2.270	0.827	1.016	-0.978
THRA_TARGET_GENES THRA_TARGET_GENES	0.393	0.543	0.722	1.163	-3.443	-2.668	-2.068	3.980	-0.908	0.271	0.718
KRCTCNNNNMANAGC_UNKNOWN KRCTCNNNNMANAGC_UNKNOWN	-2.735	-0.859	-0.565	2.673	-0.859	-1.853	-0.859	2.673	2.673	-0.359	-0.360
ZNF584_TARGET_GENES ZNF584_TARGET_GENES	-1.944	1.558	-0.411	1.338	-3.278	-2.328	0.389	2.611	0.293	2.051	-1.619
EGR2_01 EGR2_01	-0.697	-0.550	2.181	0.736	-3.678	-5.008	0.474	1.686	-0.325	0.474	1.249
MYC_Q2 MYC_Q2	-1.112	0.278	0.480	1.293	-2.826	-5.437	0.607	2.540	0.370	1.508	-0.434
TTCNRGNNNNTTC_HSF_Q6 TTCNRGNNNNTTC_HSF_Q6	-1.610	-0.805	2.163	1.156	-2.422	-4.296	0.475	1.156	1.378	1.156	-0.809
MAZ_Q6 MAZ_Q6	-1.464	-0.620	1.185	0.998	-2.512	-4.797	0.998	3.277	0.426	0.426	-0.280
CCCNNNNNNAAGWT_UNKNOWN CCCNNNNNNAAGWT_UNKNOWN	-2.497	-1.458	0.827	1.054	-1.458	-1.916	-0.808	2.243	3.851	-0.410	0.321
SMARCA1_TARGET_GENES SMARCA1_TARGET_GENES	-0.511	0.782	0.341	0.977	-2.332	-4.438	0.341	3.726	0.977	-0.265	-1.490
YYCATTCAWW_UNKNOWN YYCATTCAWW_UNKNOWN	-0.992	-0.285	0.664	0.531	-3.523	-3.523	-0.798	4.271	0.531	0.664	0.974
CCAWNWWNNNGGC_UNKNOWN CCAWNWWNNNGGC_UNKNOWN	-2.619	-0.505	0.577	2.711	-2.619	-1.931	-0.338	0.783	2.711	-0.730	0.574
CRGAARNNNNCGA_UNKNOWN CRGAARNNNNCGA_UNKNOWN	-0.755	-0.451	0.848	-0.451	-1.224	-1.988	0.352	4.204	2.485	-1.224	-1.227
ATF_B ATF_B	0.543	-0.278	0.426	1.609	-2.968	-3.492	-2.512	1.185	2.101	-0.370	0.993
FOXQ1_TARGET_GENES FOXQ1_TARGET_GENES	-0.476	-0.250	-0.250	0.359	-1.532	-1.532	-0.476	6.510	0.614	-0.250	-1.535
TAXCREB_01 TAXCREB_01	-0.579	-1.605	0.872	1.545	-3.056	-2.481	-0.766	1.074	3.466	0.693	-0.432
ZNF595_TARGET_GENES ZNF595_TARGET_GENES	-1.076	0.737	2.214	0.737	-1.996	-3.690	0.246	2.214	0.376	0.376	-1.479
CGTSACG_PAX3_B CGTSACG_PAX3_B	-1.151	-0.696	0.904	2.419	-2.224	-4.043	0.320	0.568	2.742	0.433	-0.530
GGCNRNWCTTYS_UNKNOWN GGCNRNWCTTYS_UNKNOWN	-1.362	-0.313	3.266	2.034	-1.866	-2.545	-0.690	1.082	0.290	0.832	-1.366
CREBP1_01 CREBP1_01	-0.672	-0.301	0.648	0.799	-4.517	-2.302	-1.305	2.356	2.082	0.399	0.644
SIPA1_TARGET_GENES SIPA1_TARGET_GENES	-1.753	1.150	-0.266	0.339	-1.404	-2.663	-0.666	4.335	1.896	0.339	-1.116
NRSF_01 NRSF_01	1.859	0.412	-1.276	0.576	1.255	-0.475	-0.939	-2.261	-1.707	-1.276	3.843
PPARGC1A_TARGET_GENES PPARGC1A_TARGET_GENES	-0.732	-0.360	-1.005	0.524	-2.362	-3.104	0.707	4.600	0.707	0.707	-0.362
YBX3_TARGET_GENES YBX3_TARGET_GENES	-2.237	0.259	0.945	0.435	-0.920	-2.237	0.664	3.602	0.664	-0.348	-1.433
ADNP_TARGET_GENES ADNP_TARGET_GENES	-1.225	1.052	2.297	-0.446	-3.939	-2.195	-0.641	1.052	0.817	0.613	0.439
PPARA_TARGET_GENES PPARA_TARGET_GENES	-0.585	0.582	1.097	3.079	-1.889	-1.300	-0.884	0.239	1.417	0.389	-2.781
E2F_01 E2F_01	-0.909	-0.389	0.790	5.187	-1.925	-1.925	-1.331	0.560	0.790	0.373	-0.608
ZSCAN5C_TARGET_GENES ZSCAN5C_TARGET_GENES	-1.111	1.896	0.457	-0.502	-2.169	-3.254	0.457	3.176	1.150	-0.266	-0.871
RBM15_TARGET_GENES RBM15_TARGET_GENES	-2.113	-0.636	0.483	0.986	-2.602	-2.113	0.483	4.039	0.796	-0.477	0.624
TAAWWATAG_RSRFC4_Q2 TAAWWATAG_RSRFC4_Q2	-0.674	1.213	1.015	-0.520	-2.887	-2.887	-1.079	-0.394	0.413	1.920	2.472
PCGF6_TARGET_GENES PCGF6_TARGET_GENES	-1.331	1.063	-0.240	1.376	-1.331	-2.818	-0.389	3.008	-0.240	0.790	-1.334
ZNF41_TARGET_GENES ZNF41_TARGET_GENES	-1.276	1.542	0.412	2.204	-1.276	-2.261	-1.276	-0.475	0.998	2.204	-1.280
GATGKMRGCG_UNKNOWN GATGKMRGCG_UNKNOWN	-0.859	-0.565	1.132	1.826	-1.270	-2.735	0.405	1.459	1.826	-0.859	-1.273
MIF1_01 MIF1_01	-0.524	0.515	1.156	0.648	-5.326	-1.921	0.301	1.156	2.082	-0.672	0.299
KTGGYRSGAA_UNKNOWN KTGGYRSGAA_UNKNOWN	-1.610	-0.540	1.056	2.875	-2.251	-2.251	0.798	0.578	1.350	-0.540	-0.542
KMCATNNWGGA_UNKNOWN KMCATNNWGGA_UNKNOWN	-0.312	-0.461	0.426	2.250	-2.954	-2.954	-0.312	2.628	0.594	0.290	-0.661
CGGAARNGGCNG_UNKNOWN CGGAARNGGCNG_UNKNOWN	-2.320	0.612	-0.381	0.877	-1.500	-1.500	3.424	1.551	-0.381	-0.381	-0.624
RAX2_TARGET_GENES RAX2_TARGET_GENES	-2.901	0.519	0.342	1.636	-1.392	-1.997	1.297	0.738	0.738	0.738	-1.396
GGGNNTTTCC_NFKB_Q6_01 GGGNNTTTCC_NFKB_Q6_01	-1.460	-1.842	3.014	0.351	-1.842	-1.842	-0.883	1.219	0.801	0.801	1.214
CCTNTMAGA_UNKNOWN CCTNTMAGA_UNKNOWN	-0.498	0.999	-0.362	0.999	-2.302	-2.859	-1.842	0.478	3.014	-0.256	0.994
HEN1_02 HEN1_02	-1.127	-0.350	1.010	2.355	-2.754	-3.229	-0.585	1.393	0.342	-0.264	1.386
ZNF532_TARGET_GENES ZNF532_TARGET_GENES	-1.210	-0.526	1.929	1.929	-1.210	-2.652	-0.526	0.907	1.206	0.440	-1.213
TERF2_TARGET_GENES TERF2_TARGET_GENES	-1.896	0.452	1.666	2.252	-1.508	-1.896	-1.508	1.666	0.955	0.330	-0.924
CTR9_TARGET_GENES CTR9_TARGET_GENES	-0.315	-1.180	1.244	2.411	-1.746	-2.610	0.288	-0.315	1.982	0.288	-0.788
STAT3_02 STAT3_02	-0.696	-1.449	1.568	-0.391	-1.449	-4.043	-0.283	0.725	2.115	1.104	0.721
TBX1_TARGET_GENES TBX1_TARGET_GENES	-1.112	-1.112	1.095	1.741	-1.112	-3.931	-0.713	1.508	1.293	-0.431	1.089
YRTCANNRCGC_UNKNOWN YRTCANNRCGC_UNKNOWN	0.275	-0.810	-0.329	1.929	-2.652	-2.652	0.907	1.547	0.275	0.651	-0.528
ZNF777_TARGET_GENES ZNF777_TARGET_GENES	-0.471	-0.471	3.491	-0.270	-2.030	-2.030	-0.782	0.546	-0.471	1.513	0.544
ACTWSNACTNY_UNKNOWN ACTWSNACTNY_UNKNOWN	-0.312	-0.312	1.789	1.789	-2.007	-2.599	-1.165	2.464	0.419	-0.868	-0.313
TGASTMAGC_NFE2_01 TGASTMAGC_NFE2_01	-2.619	0.623	0.387	0.623	-2.619	-1.856	-0.842	1.510	1.510	1.738	0.384
AACYNNNNTTCCS_UNKNOWN AACYNNNNTTCCS_UNKNOWN	-1.379	-1.027	1.703	1.405	-2.396	-1.826	0.687	1.405	0.359	1.136	-1.031
ACCTGTTG_UNKNOWN ACCTGTTG_UNKNOWN	-0.517	2.624	1.759	-0.284	-1.704	-3.691	-0.871	1.278	-0.284	0.558	-0.520
GRE_C GRE_C	-0.311	0.713	0.548	0.902	-5.352	-1.710	-0.311	0.902	-0.311	0.292	1.348
COMP1_01 COMP1_01	-0.442	1.417	0.937	0.413	-2.347	-2.347	-1.841	1.417	-0.828	0.561	1.689
ZNF239_TARGET_GENES ZNF239_TARGET_GENES	-0.266	0.898	-0.892	2.780	-1.574	-1.574	-0.892	1.721	0.339	0.339	-0.894
GCCNNNWTAAR_UNKNOWN GCCNNNWTAAR_UNKNOWN	-0.955	2.012	2.012	0.399	-1.212	-2.816	-1.517	-0.742	1.484	-0.424	1.032
ZNF165_TARGET_GENES ZNF165_TARGET_GENES	-1.224	0.520	0.520	2.281	-3.316	-1.705	-0.595	1.556	0.520	-0.255	0.351
CAGNWMCNNNGAC_UNKNOWN CAGNWMCNNNGAC_UNKNOWN	1.023	1.023	-1.028	0.783	0.405	-0.505	-1.418	-1.418	-1.418	-1.028	4.068
COBLL1_TARGET_GENES COBLL1_TARGET_GENES	-0.502	-0.867	1.626	0.760	-1.111	-2.663	-0.502	3.931	0.944	-0.867	-0.669
KDM1B_TARGET_GENES KDM1B_TARGET_GENES	-1.353	0.707	2.071	2.071	-1.353	-1.796	-1.796	0.524	1.438	-0.521	-0.523
YGCANTGCR_UNKNOWN YGCANTGCR_UNKNOWN	-1.001	-0.291	1.971	1.166	-2.098	-2.633	-0.411	2.622	0.579	-0.760	-0.293
ZNF37A_TARGET_GENES ZNF37A_TARGET_GENES	-0.493	1.327	0.915	0.585	-3.623	-3.002	-0.367	-0.267	1.819	-0.367	0.736
SOX11_TARGET_GENES SOX11_TARGET_GENES	-1.823	-1.090	1.371	0.240	-1.823	-1.090	0.998	1.798	0.998	0.240	-0.374
ZNF677_TARGET_GENES ZNF677_TARGET_GENES	-0.639	0.264	2.749	1.796	-1.413	-2.243	0.373	-0.341	1.522	-0.473	-1.795
YTTCCNNNGGAMR_UNKNOWN YTTCCNNNGGAMR_UNKNOWN	0.721	-0.534	-0.534	1.365	-2.154	-1.361	-1.361	1.365	0.287	2.203	-0.536
ATF6_01 ATF6_01	-2.069	-1.274	1.712	-0.399	-0.981	-2.069	-0.743	1.440	1.192	1.440	0.765
PPARA_02 PPARA_02	-0.473	0.661	-0.341	0.373	-2.794	-3.470	-0.473	1.796	1.522	0.840	0.371
YBX1_TARGET_GENES YBX1_TARGET_GENES	-1.547	-1.090	0.620	1.427	-2.178	-2.178	0.429	1.427	0.277	1.120	0.618
RRCCGTTA_UNKNOWN RRCCGTTA_UNKNOWN	-1.964	-0.750	1.264	2.656	-1.052	-1.964	1.566	0.257	0.760	-0.350	-0.753
AHR_01 AHR_01	-0.834	0.876	0.262	0.262	-1.240	-0.834	0.262	3.225	1.876	-1.240	-1.821
ZNF34_TARGET_GENES ZNF34_TARGET_GENES	-1.997	-0.646	2.425	0.998	-1.997	-1.392	0.998	-0.263	1.297	-0.263	-0.423
METHYLCYTOSINE_DIOXYGENASE_TET_UNIPROT_A0A023HHK9_UNREVIEWED_TARGET_GENES METHYLCYTOSINE_DIOXYGENASE_TET_UNIPROT_A0A023HHK9_UNREVIEWED_TARGET_GENES	-0.446	-0.335	1.773	3.939	-1.171	-1.757	-1.757	0.920	-0.335	-0.335	-0.585
AHRARNT_01 AHRARNT_01	-1.315	0.274	-0.453	0.274	-2.058	-2.058	-0.607	1.247	0.381	1.749	2.650
AAANWWTGC_UNKNOWN AAANWWTGC_UNKNOWN	0.766	1.982	0.387	-0.309	-2.619	-3.084	-0.309	-0.407	-0.527	0.496	1.973
YNTTTNNNANGCARM_UNKNOWN YNTTTNNNANGCARM_UNKNOWN	0.315	2.309	0.936	-2.069	-2.069	-0.288	-0.454	-1.011	-0.688	0.688	1.544
ZNF622_TARGET_GENES ZNF622_TARGET_GENES	-0.909	0.560	1.728	1.376	-1.925	-1.925	0.560	1.376	-0.240	-0.389	-1.334
TTTNNANAGCYR_UNKNOWN TTTNNANAGCYR_UNKNOWN	-0.865	3.061	-0.485	1.021	-1.123	-1.816	-1.123	1.763	0.644	0.362	-1.128
AGCYRWTTC_UNKNOWN AGCYRWTTC_UNKNOWN	0.263	0.870	-0.482	0.263	-0.482	-5.020	-0.660	0.376	0.376	1.595	1.082
ZNF623_TARGET_GENES ZNF623_TARGET_GENES	-0.446	-1.225	-0.301	2.680	-2.195	-1.648	0.613	1.942	0.613	0.301	-0.643
ZSCAN18_TARGET_GENES ZSCAN18_TARGET_GENES	-1.190	0.370	-0.242	0.370	-1.947	-1.190	0.883	0.883	2.561	0.370	-1.193
WCTCNATGGY_UNKNOWN WCTCNATGGY_UNKNOWN	-1.801	0.314	1.440	2.130	-1.801	-1.801	0.467	-0.442	0.883	0.657	-0.654
UBE2I_TARGET_GENES UBE2I_TARGET_GENES	-0.959	-0.646	-0.646	1.636	-1.997	-1.997	0.342	1.636	1.297	0.738	-0.265
ZNF585B_TARGET_GENES ZNF585B_TARGET_GENES	-0.291	1.166	1.166	1.679	-0.760	-3.293	-1.001	0.579	0.579	0.433	-1.664
GGCKCATGS_UNKNOWN GGCKCATGS_UNKNOWN	-1.925	-0.909	1.063	3.008	-0.605	-1.331	-0.240	1.728	-0.389	-0.605	-0.241
GTCNYYATGR_UNKNOWN GTCNYYATGR_UNKNOWN	-0.846	0.401	1.138	0.401	-3.013	-2.379	-0.628	1.138	1.138	0.401	0.910
EN1_01 EN1_01	-0.357	2.641	0.511	-0.701	-0.949	-2.129	-2.129	0.368	0.368	1.644	0.509
MCAATNNNNNGCG_UNKNOWN MCAATNNNNNGCG_UNKNOWN	-0.301	-1.834	0.636	1.726	-1.834	-2.508	0.451	1.113	0.451	0.301	0.633
CENPT_TARGET_GENES CENPT_TARGET_GENES	-0.277	0.326	-0.426	1.176	-2.434	-1.769	-0.426	2.179	1.812	-0.632	-0.428
AR_Q2 AR_Q2	-0.981	0.769	1.440	-0.551	-3.258	-1.274	-0.282	0.968	-0.282	-0.282	2.000
GGARNTKYCCA_UNKNOWN GGARNTKYCCA_UNKNOWN	-0.864	-0.595	0.966	-0.255	-2.361	-0.255	-0.397	1.243	-0.255	-1.224	3.127
DR3_Q4 DR3_Q4	-0.711	0.554	-0.292	0.310	-2.252	-3.354	-0.292	0.708	1.081	1.081	1.294
RUVBL2_TARGET_GENES RUVBL2_TARGET_GENES	-0.500	-0.892	1.721	2.223	-1.574	-0.892	0.339	1.278	-0.500	-0.500	-0.502
HEN1_01 HEN1_01	-0.917	-0.456	0.559	1.010	-1.370	-3.772	-0.585	1.193	1.193	0.693	0.838
CAVIN1_TARGET_GENES CAVIN1_TARGET_GENES	-0.537	-0.363	0.376	1.528	-1.996	-2.693	0.540	2.214	0.376	-0.363	0.245
HOXB7_TARGET_GENES HOXB7_TARGET_GENES	-0.550	-1.118	0.347	3.367	-0.260	-1.118	-0.550	1.032	-0.550	0.644	-0.551
ZNF169_TARGET_GENES ZNF169_TARGET_GENES	0.625	-0.228	0.920	1.272	-1.905	-1.905	0.389	0.920	0.389	-0.411	-1.159
YWATTWNNRGCT_UNKNOWN YWATTWNNRGCT_UNKNOWN	-0.437	0.713	0.500	-0.437	-0.985	-2.033	-0.985	1.260	-0.667	3.279	-0.277
AP2REP_01 AP2REP_01	-0.804	-0.372	1.220	0.552	-2.224	-2.657	-0.632	0.552	0.430	1.663	1.214
MED25_TARGET_GENES MED25_TARGET_GENES	-0.888	0.559	0.559	-0.464	-2.037	-2.037	-0.322	1.191	1.191	-0.650	2.065
PAX3_B PAX3_B	-0.571	-0.390	1.455	1.455	-2.062	-2.062	-1.125	0.693	0.693	0.915	-0.259
MCM2_TARGET_GENES MCM2_TARGET_GENES	-0.488	0.702	0.971	0.302	-1.151	-2.569	-0.300	2.038	0.702	0.302	-1.154
EGR3_01 EGR3_01	-0.426	-0.632	1.176	0.484	-2.434	-1.769	-0.277	2.179	0.484	-0.632	0.906
MAPK3_TARGET_GENES MAPK3_TARGET_GENES	-0.546	-1.240	2.739	1.168	-1.817	-0.834	-0.344	0.262	1.168	0.422	-0.837
GTTGNYNNRGNAAC_UNKNOWN GTTGNYNNRGNAAC_UNKNOWN	0.543	1.715	-0.478	0.393	-2.068	-2.668	-0.667	0.393	-0.334	0.543	1.709
NKX22_01 NKX22_01	0.664	0.980	0.531	1.584	-1.788	-2.138	-0.632	-0.379	0.317	-1.484	1.810
YGACNNYACAR_UNKNOWN YGACNNYACAR_UNKNOWN	0.946	-0.347	1.779	-1.766	-3.066	-0.713	0.385	0.385	0.259	1.194	0.257
GATA2_01 GATA2_01	-0.600	-0.290	0.447	2.199	-3.292	-1.118	0.805	-0.828	0.447	0.447	0.801
YTAAYNGCT_UNKNOWN YTAAYNGCT_UNKNOWN	1.179	0.629	-0.338	0.629	-1.957	-2.393	-1.273	-0.607	0.791	0.791	1.397
EVI1_05 EVI1_05	-1.134	1.148	0.285	1.831	-1.711	-0.907	-0.907	0.785	-0.425	-0.907	2.086
