GO	[-8.51 -0.57]	[-0.57 -0.44]	[-0.44 -0.21]	[-0.21 -0.10]	[-0.10 -0.02]	[-0.02 0.00]	[0.00 0.07]	[0.07 0.16]	[0.16 0.33]	[0.33 0.85]	[0.85 8.56]
MIR6715B_3P MIR6715B_3P	-0.331	-2.218	0.273	2.457	3.553	-3.441	-0.331	1.069	-0.830	-1.766	0.516
MIR371A_5P MIR371A_5P	-0.595	-3.073	0.738	2.282	1.750	-0.761	1.750	-1.192	0.591	0.353	-3.659
MIR7161_5P MIR7161_5P	-0.370	-2.518	0.831	6.374	0.426	-2.119	0.831	-0.370	-0.785	-0.278	-1.211
MIR4255 MIR4255	-2.026	-1.099	3.083	2.760	0.403	-2.441	-0.877	1.194	0.662	-0.689	-0.882
MIR132_3P MIR132_3P	-1.770	-1.467	0.326	2.379	3.974	-2.976	-0.278	0.426	0.326	-0.370	-0.488
MIR1244 MIR1244	0.559	-0.695	-0.695	2.531	-0.336	-1.303	0.750	1.822	-4.068	0.398	-0.493
MIR5100 MIR5100	-2.197	-1.226	-0.301	3.535	0.817	-0.301	1.320	-0.301	0.301	-2.920	0.299
MIR4753_5P MIR4753_5P	-1.508	-0.992	0.565	3.125	2.805	-3.134	-0.363	-0.363	-0.363	0.565	-0.796
MIR3663_5P MIR3663_5P	1.366	-2.155	-0.316	-1.362	1.763	-2.155	1.366	0.287	0.721	-0.316	-0.536
MIR212_3P MIR212_3P	-1.407	-1.407	0.263	2.201	3.757	-2.890	0.263	0.458	0.352	-0.343	-0.588
MIR4649_3P MIR4649_3P	-0.752	-0.597	1.375	1.590	0.548	-4.440	0.333	-1.393	2.068	0.333	-0.471
MIR148A_5P MIR148A_5P	-1.383	-1.383	3.567	1.768	0.776	-2.288	0.594	-0.417	0.312	-0.792	-0.585
MIR4436B_5P MIR4436B_5P	-1.015	-1.632	2.072	2.380	1.785	-1.015	-0.320	-0.320	-0.320	0.283	-2.525
MIR199B_5P MIR199B_5P	-0.277	-2.663	0.851	1.917	1.436	-3.164	1.028	0.552	0.326	-0.805	-0.811
MIR5703 MIR5703	2.134	-3.518	0.647	1.172	0.392	-2.469	0.293	-0.545	0.392	-0.893	1.165
MIR548AV_3P MIR548AV_3P	-1.192	-2.153	1.290	0.904	3.207	-2.580	0.463	0.463	-0.457	-0.761	0.459
MIR199A_5P MIR199A_5P	-0.285	-2.692	0.834	1.887	1.412	-3.195	1.008	0.540	0.318	-0.647	-0.826
MIR634 MIR634	0.596	-0.710	-1.005	1.646	3.208	-1.392	0.808	-1.901	-1.392	0.278	0.276
MIR548AY_3P MIR548AY_3P	-1.006	-2.363	0.380	0.846	3.344	-0.399	1.152	0.380	-1.006	-0.399	-1.009
MIR154_3P MIR154_3P	-1.028	-1.828	0.508	0.898	3.603	-2.399	-1.028	-0.372	0.508	0.508	0.505
MIR548AT_3P MIR548AT_3P	-1.093	-2.488	0.331	1.040	3.103	-0.452	1.040	0.520	-1.093	-0.452	-0.717
MIR4434 MIR4434	1.896	-3.485	0.820	0.998	0.403	-2.441	0.301	-0.533	0.403	-0.877	1.187
MIR4418 MIR4418	-0.734	-1.231	0.311	1.884	3.579	-0.734	-0.292	1.354	-0.734	-1.559	-1.237
MIR4711_3P MIR4711_3P	0.502	0.502	-1.252	0.339	1.518	-1.252	-1.739	-2.400	0.339	2.233	0.698
MIR509_5P MIR509_5P	-1.045	-1.601	0.327	1.727	3.558	0.327	0.327	0.707	-0.647	-2.359	-0.652
MIR520E_5P MIR520E_5P	-1.828	-2.224	0.789	2.755	0.789	-1.828	0.631	0.276	1.165	-0.328	-0.757
MIR142_3P MIR142_3P	-0.570	-3.582	1.129	2.961	0.277	-0.570	-0.436	0.373	1.563	-0.732	-0.931
MIR548U MIR548U	-0.338	-2.398	0.976	4.726	-0.338	-1.276	0.793	-0.458	-0.790	0.267	-0.612
MIR1537_5P MIR1537_5P	0.263	-1.507	0.871	1.598	2.206	0.376	-1.507	0.376	0.376	-0.482	-3.096
MIR6720_5P MIR6720_5P	-0.486	-0.655	0.256	0.256	1.767	-0.352	-3.512	-1.125	2.375	1.248	-0.489
MIR487A_3P MIR487A_3P	-1.051	-1.407	0.492	0.874	3.541	-2.433	-1.051	-0.385	0.492	0.492	0.489
MIR6512_3P MIR6512_3P	-0.448	-0.610	-0.321	0.282	1.587	-0.321	-3.405	-1.063	2.499	1.328	-0.614
MIR509_3_5P MIR509_3_5P	-1.027	-1.578	0.336	1.756	3.253	0.336	0.336	0.723	-0.634	-2.332	-0.638
MIR5001_5P MIR5001_5P	1.957	-2.387	1.699	-0.509	-0.845	-0.661	-1.321	-1.063	0.424	1.699	0.687
MIR624_5P MIR624_5P	-0.829	-1.120	-0.424	2.564	2.564	-0.829	0.312	-0.290	0.447	0.312	-2.542
MIR603 MIR603	0.392	-0.545	2.419	0.392	0.510	-2.953	1.172	1.172	-1.118	-0.415	-1.700
MIR6814_5P MIR6814_5P	3.323	-1.704	-0.737	0.646	0.344	-1.704	0.839	0.839	0.482	-1.309	-0.741
MIR762 MIR762	2.315	-1.761	1.779	-0.746	-0.942	-0.582	-1.174	-1.445	0.605	1.313	0.600
MIR4511 MIR4511	-1.468	-1.182	3.477	0.646	-0.319	-0.319	1.187	0.806	-1.468	0.284	-1.475
MIR6501_3P MIR6501_3P	0.743	-1.782	2.465	-0.515	1.129	-1.429	0.446	1.601	-1.429	-0.886	-0.518
MIR522_3P MIR522_3P	0.326	-3.164	0.851	0.692	1.917	-1.529	1.668	-1.010	0.326	-0.633	-0.280
MIR619_5P MIR619_5P	-0.406	-0.406	2.840	0.427	0.729	-2.426	-1.231	0.729	1.354	-1.231	-0.739
MIR374B_3P MIR374B_3P	2.229	-2.638	0.349	0.470	1.660	-2.145	-0.258	-0.490	0.349	0.613	-0.856
MIR8057 MIR8057	-0.981	-1.363	0.616	1.687	1.369	-0.313	0.435	1.083	0.435	-1.868	-1.874
MIR1825 MIR1825	0.293	-0.555	2.517	2.835	0.661	-2.171	-0.555	-0.722	-0.310	-0.555	-1.169
MIR10398_5P MIR10398_5P	1.315	-0.368	0.382	0.382	-1.643	-2.290	1.999	-0.368	-0.368	-1.171	1.310
MIR6512_5P MIR6512_5P	-0.311	-0.828	0.562	3.057	0.562	-1.844	1.166	-0.443	-2.351	-0.443	0.410
MIR22_5P MIR22_5P	-1.362	-2.607	-0.349	1.691	0.483	-0.477	-1.073	2.584	0.257	-0.349	0.792
MIR1301_5P MIR1301_5P	1.366	-0.864	-0.534	-0.864	2.206	1.018	0.477	0.721	-1.362	-1.362	-0.867
MIR6894_5P MIR6894_5P	1.226	-1.191	0.370	-1.948	-0.431	2.564	0.370	-0.728	-0.728	0.884	-0.433
MIR4701_5P MIR4701_5P	1.413	-1.002	0.433	-0.291	-0.291	-2.101	-0.411	-1.002	-0.761	0.433	3.758
MIR3614_3P MIR3614_3P	-0.301	-1.151	-0.489	2.953	-0.301	0.702	1.285	-1.712	-0.762	-1.151	0.699
MIR224_3P MIR224_3P	-0.293	-3.225	0.817	0.663	1.858	-1.288	1.614	-0.836	0.409	-0.836	0.306
MIR6808_3P MIR6808_3P	-0.574	-1.699	-0.318	0.784	1.536	-1.699	-0.574	0.285	1.130	-0.574	1.126
MIR433_3P MIR433_3P	-0.702	-1.899	0.956	3.684	0.956	-0.525	0.330	-0.525	0.452	-1.188	-0.926
MIR2116_5P MIR2116_5P	-0.817	-1.682	0.496	3.709	1.009	-1.682	-0.817	0.370	-0.623	0.370	0.492
MIR34B_3P MIR34B_3P	-0.357	-1.649	0.683	1.366	2.289	-0.950	-0.507	1.111	0.252	-2.132	-0.510
MIR588 MIR588	1.413	-1.002	0.433	-0.291	-0.291	-1.661	-0.411	-1.299	-0.761	0.433	3.758
MIR618 MIR618	-2.144	-0.314	-0.314	1.818	1.468	-1.064	-0.488	1.818	-0.488	-1.064	0.287
MIR10395_3P MIR10395_3P	-0.465	-2.090	0.370	2.304	2.304	-1.054	-0.623	1.009	-0.817	-0.465	-0.468
MIR561_5P MIR561_5P	-3.462	-0.319	1.460	1.018	1.460	-0.758	1.018	-0.975	-0.319	-0.435	-0.439
MIR1245B_3P MIR1245B_3P	0.613	-2.638	0.966	2.879	-0.258	-1.384	0.349	0.613	-0.360	-1.093	-0.363
MIR6715A_3P MIR6715A_3P	-1.201	-0.752	-0.441	0.493	3.084	-0.957	0.631	1.382	-0.752	-1.828	0.627
MIR4445_5P MIR4445_5P	-0.554	0.942	0.942	1.201	0.942	-0.791	0.942	-2.733	-0.554	-1.505	-0.249
MIR7978 MIR7978	-1.836	0.301	0.451	-0.671	-0.457	-0.957	4.317	0.451	0.637	-0.671	-0.460
MIR320A_5P MIR320A_5P	1.995	-1.237	0.380	-0.493	1.995	-1.237	-1.622	0.906	-0.345	-0.929	0.524
MIR4481 MIR4481	-0.341	0.505	-0.341	1.525	1.525	-3.476	-0.848	-0.848	-0.473	0.842	0.501
