GO	[-0.69 -0.10]	[-0.10 -0.07]	[-0.07 -0.04]	[-0.04 -0.03]	[-0.03 -0.01]	[-0.01 0.00]	[0.00 0.02]	[0.02 0.03]	[0.03 0.06]	[0.06 0.09]	[0.09 0.97]
MORF_RFC4 MORF_RFC4	4.044	0.397	-0.814	-0.320	-0.448	-1.065	-1.744	-0.814	-1.065	-0.814	4.433
GNF2_MLF1 GNF2_MLF1	-3.408	-0.633	3.488	-0.277	1.181	0.327	-0.911	0.327	0.485	-0.277	-0.923
MORF_EIF4A2 MORF_EIF4A2	3.929	1.280	-0.641	-0.341	-0.850	-3.487	-0.341	-0.341	0.663	-0.850	0.365
GCM_HBP1 GCM_HBP1	3.851	-0.811	-0.527	-0.811	-0.811	-1.212	-0.329	0.275	-0.811	1.936	0.434
MODULE_105 MODULE_105	1.573	2.073	-0.869	0.505	1.350	-1.082	-0.869	-0.869	-0.869	-1.958	0.938
MODULE_253 MODULE_253	2.731	-0.378	-0.870	-0.378	0.527	-0.870	0.236	0.527	-0.870	-0.870	0.924
MORF_MYL3 MORF_MYL3	-0.910	0.561	1.735	-0.389	-0.606	1.066	-2.824	-0.910	1.066	-0.389	0.553
MODULE_73 MODULE_73	-0.953	0.822	1.285	0.200	-0.953	-0.953	0.200	-0.434	1.285	0.822	-0.959
MORF_PPP6C MORF_PPP6C	1.551	0.413	0.577	1.261	-0.476	-1.712	-2.269	-0.678	-0.476	-0.476	1.531
