GO	[-6.78 -0.90]	[-0.90 -0.55]	[-0.55 -0.33]	[-0.33 -0.21]	[-0.21 -0.01]	[-0.01 0.02]	[0.02 0.26]	[0.26 0.58]	[0.58 1.22]	[1.22 2.20]	[2.20 9.41]
TMTCGCGANR_UNKNOWN TMTCGCGANR_UNKNOWN	-0.607	3.352	3.711	0.356	2.378	-3.298	0.757	0.603	-1.536	-3.298	-6.947
SGCGSSAAA_E2F1DP2_01 SGCGSSAAA_E2F1DP2_01	-0.276	5.565	2.571	0.709	0.875	-4.047	0.328	-0.829	-0.648	-3.394	-1.973
GGAANCGGAANY_UNKNOWN GGAANCGGAANY_UNKNOWN	0.381	3.089	1.686	-0.493	-0.493	-1.623	3.501	0.381	-0.930	-3.489	-3.508
GCGNNANTTCC_UNKNOWN GCGNNANTTCC_UNKNOWN	-0.272	1.476	2.054	-0.537	1.222	-3.232	0.612	-0.272	1.476	-2.576	-3.251
GKCGCNNNNNNNTGAYG_UNKNOWN GKCGCNNNNNNNTGAYG_UNKNOWN	0.729	3.031	2.546	0.729	0.499	-1.677	-0.287	-1.122	-1.122	-1.677	-2.542
GATA_Q6 GATA_Q6	-0.920	-1.979	-1.657	-0.586	-1.376	1.620	-0.264	-1.657	0.443	2.372	4.622
NRSF_01 NRSF_01	0.413	-1.710	-1.278	1.865	-0.677	1.259	-2.266	-2.266	1.547	1.259	0.569
SREBP1_01 SREBP1_01	-0.910	-0.425	0.383	-0.318	2.108	-0.718	1.594	1.153	1.153	-1.717	-4.248
KRCTCNNNNMANAGC_UNKNOWN KRCTCNNNNMANAGC_UNKNOWN	-0.859	0.250	2.237	0.405	0.250	-1.855	1.462	-0.859	-0.566	-2.738	1.816
GATGKMRGCG_UNKNOWN GATGKMRGCG_UNKNOWN	-1.855	1.830	2.237	-0.566	1.462	-1.271	0.605	-0.359	-0.359	-1.271	-0.867
GGGNNTTTCC_NFKB_Q6_01 GGGNNTTTCC_NFKB_Q6_01	-0.256	-2.868	-1.464	-0.885	-0.362	-0.499	0.478	2.675	2.028	0.804	-0.506
AACYNNNNTTCCS_UNKNOWN AACYNNNNTTCCS_UNKNOWN	1.409	1.708	2.036	0.509	0.509	-2.401	-0.752	-1.029	-0.536	-1.382	-0.543
GGCNNMSMYNTTG_UNKNOWN GGCNNMSMYNTTG_UNKNOWN	-0.505	1.430	1.430	-2.181	0.277	-0.327	0.852	1.774	-1.091	-0.753	-1.560
YNTTTNNNANGCARM_UNKNOWN YNTTTNNNANGCARM_UNKNOWN	0.689	-2.072	-1.455	-0.454	-1.012	0.938	-1.012	0.689	-0.288	0.689	2.732
AHRARNT_01 AHRARNT_01	-0.608	-3.839	-0.329	-0.608	2.042	0.381	-0.453	0.381	1.757	-0.801	0.824
