GO	[-5.35 -0.84]	[-0.84 -0.37]	[-0.37 -0.09]	[-0.09 0.00]	[0.00 0.00]	[0.00 0.00]	[0.00 0.00]	[0.00 0.00]	[0.00 0.21]	[0.21 0.65]	[0.65 5.00]
MIR193A_3P_MIR193B_3P MIR193A_3P_MIR193B_3P	-0.325	1.620	0.278	0.278	-0.790	-0.790	-0.790	-0.790	-0.325	3.886	-0.783
MIR216B_3P MIR216B_3P	-0.479	-1.544	0.358	-0.251	-1.544	2.328	-0.479	-0.479	2.911	-0.866	0.365
MIR3617_3P MIR3617_3P	-1.166	0.607	0.607	2.587	-0.583	1.440	-0.280	-0.280	-1.166	-1.166	-0.575
MIR5690 MIR5690	0.727	-1.041	-0.493	0.397	0.397	-1.041	-1.041	3.690	0.397	-0.493	-0.487
MIR182_3P MIR182_3P	-0.832	2.160	-0.352	1.527	-0.832	-0.832	0.566	0.566	-0.352	-0.832	-0.347
MIR6758_3P MIR6758_3P	-0.915	-0.915	-0.915	-0.407	-0.915	0.216	0.490	0.490	0.875	2.612	0.219
MIR134_3P MIR134_3P	0.255	2.886	0.993	-0.352	-0.832	-0.832	-0.832	-0.832	0.566	0.255	-0.347
MIR4480 MIR4480	-0.623	-0.623	2.077	0.824	-0.623	-0.223	-0.623	-0.623	0.824	0.824	-0.618
MIR503_5P MIR503_5P	0.346	0.346	-1.124	1.035	-0.552	-0.260	-1.124	0.346	-0.260	-1.124	2.722
