GO	[-2.64 -0.20]	[-0.20 -0.13]	[-0.13 -0.08]	[-0.08 -0.04]	[-0.04 -0.01]	[-0.01 0.01]	[0.01 0.05]	[0.05 0.09]	[0.09 0.14]	[0.14 0.22]	[0.22 1.47]
MIR6857_3P MIR6857_3P	0.255	-0.833	-0.833	0.255	0.565	-0.833	-0.353	-0.833	-0.833	2.883	1.561
MIR6778_5P MIR6778_5P	-0.326	-0.791	-0.791	1.058	-0.791	3.882	0.278	-0.326	0.278	-0.326	-0.773
MIR1233_5P MIR1233_5P	0.234	-0.875	-0.875	0.930	-0.875	3.522	0.234	0.234	0.234	-0.380	-0.855
MIR4786_5P MIR4786_5P	-1.042	0.726	-0.494	0.726	0.726	-1.042	-1.042	-1.042	0.726	1.665	-0.213
ACTACCT_MIR196A_MIR196B ACTACCT_MIR196A_MIR196B	-0.302	0.821	0.526	-0.967	-1.672	0.526	-0.967	-0.302	3.220	0.300	-0.938
MIR199A_5P MIR199A_5P	-0.435	-0.243	-1.204	1.232	1.232	0.886	-1.968	-0.736	1.232	0.368	-1.169
MIR199B_5P MIR199B_5P	-0.435	-0.243	-1.204	1.232	1.232	0.886	-1.968	-0.736	1.232	0.368	-1.169
TCTAGAG_MIR517 TCTAGAG_MIR517	-0.624	-0.624	0.823	2.877	-0.224	-0.224	-0.624	-0.224	-0.624	0.823	-0.610
MIR379_5P MIR379_5P	-0.457	-0.457	-0.457	0.577	1.148	1.878	-0.457	0.577	-0.457	-0.457	-0.447
