GO	[-10.07 -0.88]	[-0.88 -0.50]	[-0.50 -0.25]	[-0.25 -0.03]	[-0.03 0.00]	[0.00 0.21]	[0.21 0.46]	[0.46 0.58]	[0.58 0.97]	[0.97 1.97]	[1.97 26.66]
CAHOY_NEURONAL CAHOY_NEURONAL	0.709	-1.801	-1.357	-4.158	0.525	-1.801	-0.360	3.677	0.249	-0.360	3.665
RPS14_DN.V1_UP RPS14_DN.V1_UP	-0.965	-1.190	-2.102	-0.772	-1.452	-0.965	-0.474	-0.965	1.421	7.405	2.703
KRAS.LUNG.BREAST_UP.V1_UP KRAS.LUNG.BREAST_UP.V1_UP	-0.785	0.283	-3.808	-1.018	3.441	-2.523	-0.442	1.524	-0.442	0.392	2.378
KRAS.300_UP.V1_DN KRAS.300_UP.V1_DN	-1.299	-1.018	-0.595	-1.299	5.576	0.392	-3.103	-0.442	0.392	0.392	2.070
BRCA1_DN.V1_UP BRCA1_DN.V1_UP	0.264	-1.106	-2.253	-1.797	2.424	-0.641	-1.797	1.048	0.264	0.264	4.328
PTEN_DN.V1_UP PTEN_DN.V1_UP	2.597	-1.980	-0.885	-1.100	1.121	-1.351	-1.643	0.622	-0.885	0.285	4.267
ESC_J1_UP_LATE.V1_UP ESC_J1_UP_LATE.V1_UP	-0.411	-1.082	-2.786	-1.331	0.390	-0.309	-1.082	2.341	-0.309	-0.309	5.518
PTEN_DN.V1_DN PTEN_DN.V1_DN	-0.301	-0.675	-2.758	-1.599	0.973	0.650	-1.312	2.098	-0.853	-0.402	3.993
RAF_UP.V1_UP RAF_UP.V1_UP	-1.845	-1.264	0.509	-1.031	-1.534	-0.398	0.949	-1.534	1.778	2.027	2.016
