GO	[-5.59 -0.41]	[-0.41 -0.22]	[-0.22 -0.11]	[-0.11 -0.03]	[-0.03 0.00]	[0.00 0.06]	[0.06 0.16]	[0.16 0.29]	[0.29 0.48]	[0.48 1.00]	[1.00 6.96]
PTEN_DN.V1_UP PTEN_DN.V1_UP	1.622	-1.578	-2.730	-1.909	1.622	-0.838	-1.292	-1.909	0.820	1.394	4.412
KRAS.AMP.LUNG_UP.V1_UP KRAS.AMP.LUNG_UP.V1_UP	2.814	-2.774	-4.302	-0.832	3.182	-0.461	-0.626	-1.395	0.385	1.072	1.062
JAK2_DN.V1_UP JAK2_DN.V1_UP	0.403	-1.675	-1.675	-3.498	3.444	-1.103	-0.405	-1.675	1.905	0.823	2.755
RB_P107_DN.V1_DN RB_P107_DN.V1_DN	-4.031	1.251	1.790	2.777	-0.711	-1.234	0.473	1.790	-0.377	-3.201	-0.953
BRCA1_DN.V1_UP BRCA1_DN.V1_UP	0.612	-0.538	-2.048	-3.236	1.477	0.459	-1.256	-2.048	1.755	0.459	3.081
CAHOY_NEURONAL CAHOY_NEURONAL	1.229	-0.696	-0.696	-1.742	0.399	-1.305	-3.038	-0.963	0.559	3.360	2.524
ATM_DN.V1_DN ATM_DN.V1_DN	-0.581	-0.768	-2.493	-0.768	3.120	-0.430	-0.430	-3.070	1.305	0.876	2.101
GCNP_SHH_UP_LATE.V1_UP GCNP_SHH_UP_LATE.V1_UP	-1.158	2.080	0.620	2.662	-0.928	-0.571	2.662	0.277	-1.158	-2.110	-2.124
KRAS.KIDNEY_UP.V1_UP KRAS.KIDNEY_UP.V1_UP	3.649	-0.539	-1.212	-0.942	0.748	-1.539	-2.403	-0.942	-0.395	2.229	1.374
VEGF_A_UP.V1_DN VEGF_A_UP.V1_DN	-2.054	-0.343	1.257	1.470	-1.412	2.793	0.583	1.701	-1.710	-1.412	-1.424
KRAS.PROSTATE_UP.V1_DN KRAS.PROSTATE_UP.V1_DN	0.715	-0.596	-1.045	-2.165	5.466	-1.045	-1.718	-0.596	0.715	0.292	1.111
E2F1_UP.V1_UP E2F1_UP.V1_UP	-1.118	1.755	2.868	0.755	-1.118	-0.561	1.520	0.755	-0.900	-2.396	-2.020
IL21_UP.V1_DN IL21_UP.V1_DN	0.649	-0.895	-2.059	-1.387	2.145	-0.415	-1.698	-1.698	1.624	1.875	1.165
HOXA9_DN.V1_UP HOXA9_DN.V1_UP	-1.957	0.956	0.293	0.293	-1.082	0.636	1.570	3.967	-0.688	-1.332	-1.971
KRAS.PROSTATE_UP.V1_UP KRAS.PROSTATE_UP.V1_UP	-0.331	-0.832	-0.832	-1.770	2.468	-0.626	-3.450	0.864	0.520	1.305	1.294
KRAS.LUNG.BREAST_UP.V1_UP KRAS.LUNG.BREAST_UP.V1_UP	0.362	-0.868	-2.839	-1.443	1.773	-0.352	0.256	-1.824	0.492	2.068	1.760
RELA_DN.V1_DN RELA_DN.V1_DN	2.032	-0.499	-0.672	-0.672	1.003	-1.148	-0.886	-2.872	2.681	-0.672	1.215
GCNP_SHH_UP_EARLY.V1_UP GCNP_SHH_UP_EARLY.V1_UP	-2.341	0.725	-0.268	2.029	-0.486	2.313	1.518	-0.268	-1.030	-1.933	-1.296
IL15_UP.V1_DN IL15_UP.V1_DN	0.620	-1.158	-1.744	-2.110	0.487	-0.327	-0.928	-0.733	1.570	0.772	3.638
KRAS.BREAST_UP.V1_UP KRAS.BREAST_UP.V1_UP	0.342	-1.588	-2.019	-0.711	2.777	-0.711	-0.377	-1.588	1.251	1.790	0.622
SNF5_DN.V1_DN SNF5_DN.V1_DN	2.641	0.400	-2.831	-1.889	0.528	0.292	-1.525	-0.744	0.400	0.849	1.480
ESC_V6.5_UP_EARLY.V1_DN ESC_V6.5_UP_EARLY.V1_DN	0.328	0.328	-0.506	0.900	-1.364	-0.275	-2.072	-3.050	0.900	1.310	2.354
ALK_DN.V1_DN ALK_DN.V1_DN	1.332	-0.448	-1.065	-0.814	0.884	-1.744	-1.065	-2.194	0.884	1.332	2.166
PIGF_UP.V1_UP PIGF_UP.V1_UP	-1.352	-0.318	1.783	0.492	0.285	0.937	0.771	1.324	0.285	-1.644	-3.944
ERBB2_UP.V1_DN ERBB2_UP.V1_DN	-1.732	-0.758	0.343	2.461	-1.732	0.570	3.068	0.710	-0.758	-0.597	-0.959
ATM_DN.V1_UP ATM_DN.V1_UP	1.229	-1.056	-1.343	-1.686	1.012	-0.465	-1.343	-0.819	0.646	3.346	0.639
KRAS.KIDNEY_UP.V1_DN KRAS.KIDNEY_UP.V1_DN	-0.272	-0.965	-1.256	-1.256	0.459	0.332	-0.728	-0.728	0.612	-0.272	5.731
IL21_UP.V1_UP IL21_UP.V1_UP	1.296	0.354	-0.345	-2.161	0.593	-1.471	-1.196	-0.962	-0.596	2.588	1.743
CAMP_UP.V1_UP CAMP_UP.V1_UP	-0.648	0.968	-0.293	1.807	-1.514	0.521	1.152	0.801	-0.293	-0.506	-4.212
PIGF_UP.V1_DN PIGF_UP.V1_DN	0.354	-1.196	-0.596	-0.962	0.354	0.261	-2.161	-1.196	1.296	1.296	3.204
KRAS.300_UP.V1_DN KRAS.300_UP.V1_DN	0.492	-0.868	-0.656	-1.127	4.287	-0.868	-0.868	-0.868	0.362	-0.352	1.760
KRAS.300_UP.V1_UP KRAS.300_UP.V1_UP	0.804	-0.499	-1.467	-0.362	0.629	-1.148	-1.148	-0.672	-0.672	3.811	1.215
P53_DN.V2_UP P53_DN.V2_UP	-0.595	-0.595	-0.595	-2.041	1.792	-0.320	-1.299	-0.785	0.678	0.856	2.703
CTIP_DN.V1_UP CTIP_DN.V1_UP	0.831	-0.925	-1.991	-1.562	-0.254	-0.694	0.354	-0.365	1.278	-0.254	3.182
KRAS.LUNG_UP.V1_DN KRAS.LUNG_UP.V1_DN	0.804	-0.256	-0.499	-2.313	0.629	0.351	-1.467	-1.850	0.629	1.003	2.017
HOXA9_DN.V1_DN HOXA9_DN.V1_DN	-1.292	2.131	0.528	2.131	-1.578	-0.661	0.820	0.410	0.309	-0.838	-1.591
PDGF_UP.V1_UP PDGF_UP.V1_UP	-1.515	1.175	0.959	1.414	0.766	0.452	0.597	-0.526	-2.938	-1.191	-0.389
PTEN_DN.V1_DN PTEN_DN.V1_DN	0.301	-1.429	-1.146	-0.908	0.844	-0.409	-1.429	-0.708	1.465	1.031	2.550
KRAS.LUNG_UP.V1_UP KRAS.LUNG_UP.V1_UP	1.807	-0.341	-1.107	-3.485	1.531	-0.341	-0.641	-0.473	0.506	0.506	0.655
KRAS.LUNG.BREAST_UP.V1_DN KRAS.LUNG.BREAST_UP.V1_DN	-0.461	-0.461	-0.832	0.680	3.182	-0.832	-1.770	-1.395	1.072	0.385	0.672
