chr	start	end	name	score	strand	thickStart	thickEnd	itemRgb	blockCount	blockSizes	blockStarts	logFC	p_value
chr14	20309812	20309911	1012398:Retroposon:SVA_D	0	+	20309812	20309911	0	1	100	0	0.612121285313354	0.918634608032913
chr14	21697572	21697621	1013519:Retroposon:SVA_B	0	+	21697572	21697621	0	1	50	0	-1.38629436111052	0.167111835739418
chr14	21698022	21698071	1013519:Retroposon:SVA_B	0	+	21698022	21698071	0	1	50	0	0.268633877481086	0.87293952709618
chr1	152471590	152471639	101477:Retroposon:SVA_D	0	-	152471590	152471639	0	1	50	0	-6.65415481747402e-17	1
chr14	65634234	65634283	1041731:Retroposon:SVA_D	0	+	65634234	65634283	0	1	50	0	1.18958406687384	0.453024545209019
chr14	67341745	67341794	1042788:Retroposon:SVA_E	0	+	67341745	67341794	0	1	50	0	2.99573227340218	0.000728512223314937
chr14	76822690	76822739	1050593:Retroposon:SVA_F	0	+	76822690	76822739	0	1	50	0	1.79175946921869	0.0242698986728733
chr1	160936644	160936693	107573:Retroposon:SVA_C	0	-	160936644	160936693	0	1	50	0	3.47683479586778	0.292135437400397
chr1	161616940	161616989	108115:Retroposon:SVA_C	0	-	161616940	161616989	0	1	50	0	-0.510825623246244	0.536897081434145
chr14	35152098	35152147	1082430:Retroposon:SVA_C	0	-	35152098	35152147	0	1	50	0	-2.6390573344824	0.220380445537349
chr14	65692737	65692786	1102599:Retroposon:SVA_D	0	-	65692737	65692786	0	1	50	0	-2.4567357728213	0.00278699360011858
chr14	76898426	76898475	1111740:Retroposon:SVA_B	0	-	76898426	76898475	0	1	50	0	-0.287682071932034	0.707375395817177
chr14	77994093	77994142	1112855:Retroposon:SVA_E	0	-	77994093	77994142	0	1	50	0	1.38629436111052	0.143850563544193
chr14	81244571	81244620	1115091:Retroposon:SVA_B	0	-	81244571	81244620	0	1	50	0	-0.980829253011781	0.242865805071063
chr14	85830196	85830245	1117747:Retroposon:SVA_D	0	-	85830196	85830245	0	1	50	0	0.263044768066395	0.857297996023186
chr15	31184392	31184441	1140151:Retroposon:SVA_B	0	+	31184392	31184441	0	1	50	0	2.14006616349627	0.211717011347733
chr15	84642334	84642383	1180623:Retroposon:SVA_A	0	+	84642334	84642383	0	1	50	0	-3.36729582998647	0.183693757418583
chr15	84672451	84672500	1180646:Retroposon:SVA_C	0	+	84672451	84672500	0	1	50	0	1.60943791610235	0.0543804234231622
chr15	88524614	88524663	1183406:Retroposon:SVA_B	0	+	88524614	88524663	0	1	50	0	2.70805020109284	0.00310479707850908
chr15	27003620	27003669	1197413:Retroposon:SVA_F	0	-	27003620	27003669	0	1	50	0	1.79175946921869	0.0242698986728733
chr15	27004420	27004469	1197413:Retroposon:SVA_F	0	-	27004420	27004469	0	1	50	0	-1.94591015481599	0.35731819857535
chr1	179418876	179418925	120492:Retroposon:SVA_D	0	-	179418876	179418925	0	1	50	0	1.38629436210067	0.329465065751179
chr15	45331872	45331921	1210134:Retroposon:SVA_A	0	-	45331872	45331921	0	1	50	0	2.0794415445652	0.151441468810839
chr15	55445575	55445624	1216786:Retroposon:SVA_A	0	-	55445575	55445624	0	1	50	0	1.10782894377304	0.686456205386297
chr15	72806412	72806461	1231008:Retroposon:SVA_D	0	-	72806412	72806461	0	1	50	0	-2.56494936425976	0.26294962313906
chr15	78520651	78520700	1235442:Retroposon:SVA_D	0	-	78520651	78520700	0	1	50	0	1.09861229199984	0.549811020896123
chr15	92767556	92767605	1246483:Retroposon:SVA_D	0	-	92767556	92767605	0	1	50	0	0.22314355131421	0.741243011053988
chr16	8733467	8733516	1259271:Retroposon:SVA_F	0	-	8733467	8733516	0	1	50	0	-1.60943791391813	0.318465778501574
chr16	11336338	11336387	1261911:Retroposon:SVA_F	0	-	11336338	11336387	0	1	50	0	-1.26346825466323e-16	1
chr16	24109490	24109539	1275091:Retroposon:SVA_D	0	-	24109490	24109539	0	1	50	0	0.0363676530775073	0.979102241760435
chr16	56740838	56740887	1293024:Retroposon:SVA_C	0	-	56740838	56740887	0	1	50	0	-4.80402104473326	0.143261286447018
chr1	198584102	198584151	132297:Retroposon:SVA_A	0	-	198584102	198584151	0	1	50	0	4.06044301054642	0.00249657217093369
chr16	8115036	8115135	1325421:Retroposon:SVA_D	0	+	8115036	8115135	0	1	100	0	2.99573227355399	0.0131800187791052
chr16	18734381	18734430	1336205:Retroposon:SVA_B	0	+	18734381	18734430	0	1	50	0	2.30258509665292	0.113252245158867
chr16	53539802	53539851	1357312:Retroposon:SVA_D	0	+	53539802	53539851	0	1	50	0	4.34380542185369	0.188972897909131
chr16	66631508	66631557	1366810:Retroposon:SVA_D	0	+	66631508	66631557	0	1	50	0	2.83321334404685	0.000231737965137979
chr16	71589113	71589162	1371381:Retroposon:SVA_D	0	+	71589113	71589162	0	1	50	0	0.336472237585837	0.838349453306856
chr16	80243081	80243130	1378077:Retroposon:SVA_C	0	+	80243081	80243130	0	1	50	0	0.382992252256105	0.881271240447605
chr16	89498736	89498785	1385273:Retroposon:SVA_A	0	+	89498736	89498785	0	1	50	0	0.925769475828698	0.716596265353875
chr16	89498986	89499085	1385273:Retroposon:SVA_A	0	+	89498986	89499085	0	1	100	0	0.16805910987339	0.997798982088295
chr17	28603909	28603958	1406919:Retroposon:SVA_D	0	-	28603909	28603958	0	1	50	0	-2.03143231959875	0.0905615400708357
chr17	28604709	28604808	1406919:Retroposon:SVA_D	0	-	28604709	28604808	0	1	100	0	1.19860125806487	0.109424657883193
chr17	28658360	28658409	1406958:Retroposon:SVA_A	0	-	28658360	28658409	0	1	50	0	2.11750109621885	0.153850225465156
chr17	28658760	28658809	1406958:Retroposon:SVA_A	0	-	28658760	28658809	0	1	50	0	-1.10084692968476	0.47731759590482
chr17	46316986	46317035	1423079:Retroposon:SVA_C	0	-	46316986	46317035	0	1	50	0	0.436427333712131	0.860630473148715
chr17	46534606	46534655	1423304:Retroposon:SVA_C	0	-	46534606	46534655	0	1	50	0	2.39789527279837	0.384066649763126
chr17	69196385	69196434	1441967:Retroposon:SVA_B	0	-	69196385	69196434	0	1	50	0	2.57261223020711	0.199174769164759
chr17	82453369	82453418	1451465:Retroposon:SVA_A	0	-	82453369	82453418	0	1	50	0	-1.66350513370438	0.516441667961598
chr17	82453669	82453768	1451465:Retroposon:SVA_A	0	-	82453669	82453768	0	1	100	0	-1.1289594450574	0.825907325480722
chr17	1636292	1636341	1453467:Retroposon:SVA_A	0	+	1636292	1636341	0	1	50	0	-0.470003620806811	0.745439468205143
chr17	8550924	8550973	1459712:Retroposon:SVA_D	0	+	8550924	8550973	0	1	50	0	21.4815557019334	4.94849357279836e-06
chr17	16145132	16145181	1465575:Retroposon:SVA_B	0	+	16145132	16145181	0	1	50	0	4.91998092581876	9.31696214623301e-08
chr17	19950631	19950680	1469030:Retroposon:SVA_B	0	+	19950631	19950680	0	1	50	0	-5.54126354515842	0.130665946476493
chr17	19950881	19950980	1469030:Retroposon:SVA_B	0	+	19950881	19950980	0	1	100	0	1.89711998488588	0.465292556561781
chr17	20557327	20557376	1469455:Retroposon:SVA_B	0	+	20557327	20557376	0	1	50	0	1.09861228917849	0.409123255361004
chr17	22740933	22741032	1470827:Retroposon:SVA_D	0	+	22740933	22741032	0	1	100	0	-2.99573227361	0.161014743776602
chr17	30522922	30522971	1473880:Retroposon:SVA_D	0	+	30522922	30522971	0	1	50	0	1.94193399280041	0.265861221508712
chr17	30523022	30523121	1473880:Retroposon:SVA_D	0	+	30523022	30523121	0	1	100	0	-1.67687919312146	0.346339351054923
chr17	30523672	30523771	1473880:Retroposon:SVA_D	0	+	30523672	30523771	0	1	100	0	4.27666611901605	0.0119328944027834
chr17	30524072	30524121	1473880:Retroposon:SVA_D	0	+	30524072	30524121	0	1	50	0	-3.120895416508	0.245624417399758
chr17	32178294	32178343	1475460:Retroposon:SVA_A	0	+	32178294	32178343	0	1	50	0	0.386921530395051	0.597160094155503
chr17	43453159	43453208	1485163:Retroposon:SVA_E	0	+	43453159	43453208	0	1	50	0	-0.51082562376599	0.481442688958819
chr17	65484434	65484483	1503687:Retroposon:SVA_D	0	+	65484434	65484483	0	1	50	0	1.38629436111052	0.143850563544193
chr17	65484784	65484833	1503687:Retroposon:SVA_D	0	+	65484784	65484833	0	1	50	0	1.38629436111052	0.143850563544193
chr17	65938082	65938164	1504033:Retroposon:SVA_D	0	+	65938082	65938164	0	1	83	0	-2.63905732961526	0.298261194380941
chr17	77775688	77775737	1513595:Retroposon:SVA_D	0	+	77775688	77775737	0	1	50	0	4.11087386417331	0.0070466448001173
chr18	7203678	7203727	1521922:Retroposon:SVA_B	0	-	7203678	7203727	0	1	50	0	-2.82928562836237e-10	1
chr18	14010393	14010442	1526603:Retroposon:SVA_D	0	-	14010393	14010442	0	1	50	0	1.85629798925356	0.249325549111616
chr18	67126472	67126521	1557759:Retroposon:SVA_D	0	-	67126472	67126521	0	1	50	0	-0.191055229699403	0.911496955276096
chr18	77029227	77029276	1563066:Retroposon:SVA_D	0	-	77029227	77029276	0	1	50	0	1.46633706879306	0.0185679608906166
chr18	14225137	14225186	1574135:Retroposon:SVA_A	0	+	14225137	14225186	0	1	50	0	-1.40594135850369	0.616517136528706
chr18	49799686	49799735	1593933:Retroposon:SVA_D	0	+	49799686	49799735	0	1	50	0	-3.5835189389794	0.0666228213591254
chr19	9483341	9483390	1621129:Retroposon:SVA_B	0	+	9483341	9483390	0	1	50	0	-2.61352402761046	0.000557226744243522
chr19	9483791	9483840	1621129:Retroposon:SVA_B	0	+	9483791	9483840	0	1	50	0	-3.61091791263486	0.0165631835586201
chr19	9680481	9680530	1621343:Retroposon:SVA_B	0	+	9680481	9680530	0	1	50	0	0.762140049588878	0.418634551575474
chr19	12467136	12467185	1624346:Retroposon:SVA_D	0	+	12467136	12467185	0	1	50	0	-2.39789527280036	0.0496370109519637
chr19	19769916	19769965	1632117:Retroposon:SVA_B	0	+	19769916	19769965	0	1	50	0	-3.58351893845611	0.175557173756374
chr19	22105116	22105165	1633647:Retroposon:SVA_B	0	+	22105116	22105165	0	1	50	0	-4.04305126783455	0.161117517344901
chr19	23419220	23419269	1634390:Retroposon:SVA_C	0	+	23419220	23419269	0	1	50	0	0.693147180711604	0.561568512568148
chr19	23964085	23964134	1634702:Retroposon:SVA_A	0	+	23964085	23964134	0	1	50	0	-2.72457950305342	9.0016838448892e-05
chr19	36490489	36490538	1641510:Retroposon:SVA_B	0	+	36490489	36490538	0	1	50	0	-1.54044504119643	0.209449947737147
chr19	36490639	36490688	1641510:Retroposon:SVA_B	0	+	36490639	36490688	0	1	50	0	2.30258509911249	0.0125062499918006
chr19	36490789	36490838	1641510:Retroposon:SVA_B	0	+	36490789	36490838	0	1	50	0	2.87638550921049	0.0915159087312755
chr19	36491739	36491788	1641510:Retroposon:SVA_B	0	+	36491739	36491788	0	1	50	0	1.14513230427351	0.0241673296277644
chr19	41181769	41181818	1646196:Retroposon:SVA_F	0	+	41181769	41181818	0	1	50	0	0.223143552087724	0.902085237564716
chr19	11677095	11677144	1674440:Retroposon:SVA_B	0	-	11677095	11677144	0	1	50	0	-0.62860866145474	0.772790138060883
chr19	20953034	20953083	1683731:Retroposon:SVA_C	0	-	20953034	20953083	0	1	50	0	-3.04452243779564	0.0754158797938799
chr19	21259579	21259628	1683957:Retroposon:SVA_A	0	-	21259579	21259628	0	1	50	0	-20.1743872698943	0.157441302828861
chr19	21511707	21511756	1684160:Retroposon:SVA_D	0	-	21511707	21511756	0	1	50	0	-3.83586164446258	0.208226072538718
chr19	22700835	22700884	1684849:Retroposon:SVA_D	0	-	22700835	22700884	0	1	50	0	-0.510825625259385	0.600994969149695
chr19	23290697	23290746	1685231:Retroposon:SVA_B	0	-	23290697	23290746	0	1	50	0	-0.497272657367587	0.174567401073322
chr19	34922595	34922644	1690824:Retroposon:SVA_B	0	-	34922595	34922644	0	1	50	0	-5.39816270150839	5.52911373749021e-05
chr19	38798270	38798319	1694475:Retroposon:SVA_D	0	-	38798270	38798319	0	1	50	0	-4.0943445622221	0.197834169079173
chr19	52593156	52593205	1708496:Retroposon:SVA_D	0	-	52593156	52593205	0	1	50	0	4.12713438504509	0.00685510559236479
chr19	52720155	52720204	1708574:Retroposon:SVA_B	0	-	52720155	52720204	0	1	50	0	0.71868048256511	0.780527484258007
chr19	54214458	54214507	1710123:Retroposon:SVA_D	0	-	54214458	54214507	0	1	50	0	-1.70474809624717	0.235754702679042
chr2	25910030	25910079	1730609:Retroposon:SVA_E	0	-	25910030	25910079	0	1	50	0	2.01490302039518	0.0147761029216211
chr2	27594770	27594819	1732133:Retroposon:SVA_A	0	-	27594770	27594819	0	1	50	0	3.61091791264422	0.016145060850741
chr2	33761839	33761888	1737020:Retroposon:SVA_C	0	-	33761839	33761888	0	1	50	0	-0.405465107947139	0.655619382616321
chr2	37933044	37933093	1739632:Retroposon:SVA_C	0	-	37933044	37933093	0	1	50	0	6.64120460551553e-22	1
chr2	39628759	39628808	1741018:Retroposon:SVA_D	0	-	39628759	39628808	0	1	50	0	-2.42774823588324	0.15225480592629
chr2	42621708	42621757	1742999:Retroposon:SVA_C	0	-	42621708	42621757	0	1	50	0	0.405465107118023	0.547032433005629
chr2	42621858	42621907	1742999:Retroposon:SVA_C	0	-	42621858	42621907	0	1	50	0	3.09104245978155	0.0365640906357306
chr2	71543509	71543558	1763236:Retroposon:SVA_C	0	-	71543509	71543558	0	1	50	0	1.09861228865874	0.308614648814082
chr2	98988660	98988709	1778783:Retroposon:SVA_C	0	-	98988660	98988709	0	1	50	0	1.38629436210067	0.329465065751179
chr2	110063959	110064008	1785976:Retroposon:SVA_F	0	-	110063959	110064008	0	1	50	0	-1.16315080980568	0.638799314714854
chr2	125277295	125277344	1796344:Retroposon:SVA_B	0	-	125277295	125277344	0	1	50	0	1.47590652472557	0.509671751173402
chr2	134968245	134968294	1802496:Retroposon:SVA_D	0	-	134968245	134968294	0	1	50	0	5.62762111369063	0.000476117475343041
chr2	156451839	156451888	1815218:Retroposon:SVA_E	0	-	156451839	156451888	0	1	50	0	0.773189886244776	0.360165811402346
chr2	169575006	169575055	1822879:Retroposon:SVA_D	0	-	169575006	169575055	0	1	50	0	-4.68213123063577	0.0545572726266784
chr2	172700244	172700293	1825474:Retroposon:SVA_B	0	-	172700244	172700293	0	1	50	0	0.230241588213251	0.602162522291176
chr1	20816918	20816967	184382:Retroposon:SVA_E	0	+	20816918	20816967	0	1	50	0	-2.88106936523475	0.0178472731000025
chr2	206357719	206357768	1846480:Retroposon:SVA_D	0	-	206357719	206357768	0	1	50	0	1.98870526903465e-09	1
chr2	214834440	214834489	1851595:Retroposon:SVA_D	0	-	214834440	214834489	0	1	50	0	21.6473088322941	3.74269187752851e-06
chr2	239449327	239449376	1869090:Retroposon:SVA_D	0	-	239449327	239449376	0	1	50	0	-2.85671060739735e-16	1
chr1	23503689	23503738	187176:Retroposon:SVA_D	0	+	23503689	23503738	0	1	50	0	-3.98898404656427	0.162642631013196
chr2	25633385	25633434	1887480:Retroposon:SVA_E	0	+	25633385	25633434	0	1	50	0	-0.57206924900671	0.700429719853024
chr2	25633635	25633684	1887480:Retroposon:SVA_E	0	+	25633635	25633684	0	1	50	0	-0.287682072451823	0.522123844170309
chr2	27359228	27359277	1889093:Retroposon:SVA_F	0	+	27359228	27359277	0	1	50	0	0.0327898228229886	0.840270044845344
chr2	43298482	43298531	1900668:Retroposon:SVA_F	0	+	43298482	43298531	0	1	50	0	-2.8109075811908	0.0640541670458054
chr1	26595947	26595996	190494:Retroposon:SVA_D	0	+	26595947	26595996	0	1	50	0	0.634829010138858	0.700109545127411
chr2	54699503	54699552	1908518:Retroposon:SVA_C	0	+	54699503	54699552	0	1	50	0	2.48490665410051	0.0883805762722737
chr2	65339320	65339369	1916056:Retroposon:SVA_D	0	+	65339320	65339369	0	1	50	0	0.405465107118022	0.530064182410845
chr2	74123806	74123855	1922261:Retroposon:SVA_B	0	+	74123806	74123855	0	1	50	0	-5.33753807970132	0.133790279584625
chr2	74124406	74124455	1922261:Retroposon:SVA_B	0	+	74124406	74124455	0	1	50	0	-0.999239814854905	0.713182010609028
chr2	110307495	110307544	1943261:Retroposon:SVA_B	0	+	110307495	110307544	0	1	50	0	-1.16315080980568	0.638799314714854
chr2	152160069	152160118	1969678:Retroposon:SVA_E	0	+	152160069	152160118	0	1	50	0	1.02961942056427	0.586918822557131
chr2	156294102	156294151	1971872:Retroposon:SVA_F	0	+	156294102	156294151	0	1	50	0	22.3198649299667	3.23898581855442e-06
chr2	160448293	160448342	1974586:Retroposon:SVA_B	0	+	160448293	160448342	0	1	50	0	-19.8669332844639	0.156661254479226
chr2	160449293	160449342	1974586:Retroposon:SVA_B	0	+	160449293	160449342	0	1	50	0	-2.07944154167047	0.0209142931538755
chr2	169505434	169505483	1979729:Retroposon:SVA_C	0	+	169505434	169505483	0	1	50	0	-0.693147180711603	0.436031876568612
chr2	171775308	171775357	1981502:Retroposon:SVA_B	0	+	171775308	171775357	0	1	50	0	1.79175947120739	0.214928347684519
chr2	192894055	192894104	1994304:Retroposon:SVA_B	0	+	192894055	192894104	0	1	50	0	0.847297860386767	0.0810541683862618
chr2	203207134	203207183	2001386:Retroposon:SVA_D	0	+	203207134	203207183	0	1	50	0	-3.59181774254547	0.00168214971332958
chr2	218845904	218845953	2011448:Retroposon:SVA_C	0	+	218845904	218845953	0	1	50	0	2.70805020621561	0.0644944498604477
chr2	221891646	221891745	2013559:Retroposon:SVA_D	0	+	221891646	221891745	0	1	100	0	2.07944154167984	0.754162677169417
chr20	2825700	2825749	2029531:Retroposon:SVA_E	0	+	2825700	2825749	0	1	50	0	1.38629436111052	0.143850563544193
chr20	5701480	5701529	2032051:Retroposon:SVA_D	0	+	5701480	5701529	0	1	50	0	0.510825620468297	0.562728726754423
chr1	39808064	39808113	203424:Retroposon:SVA_B	0	+	39808064	39808113	0	1	50	0	-0.693147181389062	0.610642798255842
chr1	39808414	39808463	203424:Retroposon:SVA_B	0	+	39808414	39808463	0	1	50	0	-4.39906810052873	0.222193840133988
chr20	25561526	25561575	2044785:Retroposon:SVA_D	0	+	25561526	25561575	0	1	50	0	0.476386334416509	0.0545161878201652
chr20	32723520	32723569	2047613:Retroposon:SVA_F	0	+	32723520	32723569	0	1	50	0	1.73460106095146	0.245152441536865
chr20	37013116	37013165	2052186:Retroposon:SVA_D	0	+	37013116	37013165	0	1	50	0	1.09861228850708	0.0847440000603883
chr20	37150716	37150765	2052361:Retroposon:SVA_B	0	+	37150716	37150765	0	1	50	0	-1.60943791242473	0.113182545685405
chr20	37150916	37150965	2052361:Retroposon:SVA_B	0	+	37150916	37150965	0	1	50	0	-0.875468737356859	0.305722229148137
chr20	38378390	38378439	2053506:Retroposon:SVA_D	0	+	38378390	38378439	0	1	50	0	-0.239479970633904	0.872759712214649
chr20	44974534	44974583	2059293:Retroposon:SVA_A	0	+	44974534	44974583	0	1	50	0	-2.96855469192598	0.391568141508403
chr20	44974684	44974733	2059293:Retroposon:SVA_A	0	+	44974684	44974733	0	1	50	0	-4.89783979995091	0.141451186597474
chr20	44974834	44974883	2059293:Retroposon:SVA_A	0	+	44974834	44974883	0	1	50	0	-3.80146381486108	0.152510127819956
chr20	49921474	49921523	2064338:Retroposon:SVA_D	0	+	49921474	49921523	0	1	50	0	-2.90220621554317	0.337850169418125
chr20	49921924	49921973	2064338:Retroposon:SVA_D	0	+	49921924	49921973	0	1	50	0	-0.310154928303839	0.897650722288041
chr20	10395140	10395189	2083366:Retroposon:SVA_C	0	-	10395140	10395189	0	1	50	0	-1.98870401479415e-09	1
chr20	10395540	10395589	2083366:Retroposon:SVA_C	0	-	10395540	10395589	0	1	50	0	-0.49783842823918	0.832183209004262
chr20	36975832	36975881	2101788:Retroposon:SVA_D	0	-	36975832	36975881	0	1	50	0	1.6916760088269	0.305858803283937
chr20	37550599	37550698	2102403:Retroposon:SVA_B	0	-	37550599	37550698	0	1	100	0	-0.823508998445481	0.696648687929889
chr20	43607026	43607075	2107541:Retroposon:SVA_D	0	-	43607026	43607075	0	1	50	0	0.788457360364271	0.744240175580012
chr20	61654009	61654058	2123912:Retroposon:SVA_D	0	-	61654009	61654058	0	1	50	0	-0.251314428280897	0.623206684326782
chr21	9593996	9594045	2126832:Retroposon:SVA_D	0	-	9593996	9594045	0	1	50	0	1.29928298813901	0.322697351183728
chr1	52181356	52181405	214295:Retroposon:SVA_D	0	+	52181356	52181405	0	1	50	0	-2.07944154167047	0.0209142931538755
chr21	35898188	35898237	2164912:Retroposon:SVA_E	0	+	35898188	35898237	0	1	50	0	-2.21557371600442	0.407431504984579
chr21	43822257	43822306	2170321:Retroposon:SVA_B	0	+	43822257	43822306	0	1	50	0	1.09861228865874	0.308614648814082
chr22	28554053	28554134	2182828:Retroposon:SVA_D	0	+	28554053	28554134	0	1	82	0	2.39789527279837	0.412164044807595
chr22	29552916	29552965	2183851:Retroposon:SVA_C	0	+	29552916	29552965	0	1	50	0	-2.52572865098576	0.266171963698704
chr22	36291615	36291664	2190207:Retroposon:SVA_D	0	+	36291615	36291664	0	1	50	0	1.38629436111052	0.143850563544193
chr22	37787154	37787203	2191760:Retroposon:SVA_D	0	+	37787154	37787203	0	1	50	0	2.12823170514022	0.215864628344541
chr22	25277520	25277619	2210277:Retroposon:SVA_D	0	-	25277520	25277619	0	1	100	0	4.60766706618668	0.482099296340169
chr22	31184668	31184717	2215901:Retroposon:SVA_B	0	-	31184668	31184717	0	1	50	0	-1.85969860040937	0.116017184247529
chr3	6129582	6129631	2237018:Retroposon:SVA_D	0	-	6129582	6129631	0	1	50	0	1.38629436111052	0.143850563544193
chr3	14945090	14945439	2244425:Retroposon:SVA_A	0	-	14945090	14945439	0	1	350	0	0.735093041285996	0.152604598519221
chr3	14945490	14945739	2244425:Retroposon:SVA_A	0	-	14945490	14945739	0	1	250	0	6.109247582755	1.55884024302501e-06
chr3	15996573	15996622	2245304:Retroposon:SVA_B	0	-	15996573	15996622	0	1	50	0	-2.30258509665292	0.244385309476705
chr3	47309181	47309230	2266797:Retroposon:SVA_C	0	-	47309181	47309230	0	1	50	0	-3.66867674679642	0.237852415635526
chr3	56584633	56584682	2273811:Retroposon:SVA_C	0	-	56584633	56584682	0	1	50	0	9.90142266023376e-10	1
chr3	103531304	103531353	2301521:Retroposon:SVA_D	0	-	103531304	103531353	0	1	50	0	-3.99820070167446	0.000860999356805059
chr3	121312763	121312812	2312137:Retroposon:SVA_D	0	-	121312763	121312812	0	1	50	0	-0.500775281824626	0.735849196685989
chr3	129339120	129339169	2318134:Retroposon:SVA_D	0	-	129339120	129339169	0	1	50	0	2.39789527679775	0.0995936585355973
chr3	129361790	129361839	2318156:Retroposon:SVA_E	0	-	129361790	129361839	0	1	50	0	0.0725706928348324	0.87260150443345
chr3	143085805	143085854	2328050:Retroposon:SVA_D	0	-	143085805	143085854	0	1	50	0	-0.798507696217771	0.757145247079497
chr3	149445307	149445356	2331620:Retroposon:SVA_C	0	-	149445307	149445356	0	1	50	0	-20.6888794541139	0.0299188934031809
chr3	179290480	179290529	2350541:Retroposon:SVA_D	0	-	179290480	179290529	0	1	50	0	20.9861648603138	2.29546328467389e-06
chr3	181926234	181926283	2352489:Retroposon:SVA_B	0	-	181926234	181926283	0	1	50	0	3.10608033072285	0.246566782344822
chr3	186435576	186435625	2356144:Retroposon:SVA_B	0	-	186435576	186435625	0	1	50	0	-1.62510402917851	0.0374608927517637
chr3	197602018	197602067	2364456:Retroposon:SVA_D	0	-	197602018	197602067	0	1	50	0	1.61990921230139	0.527293073863286
chr3	197731149	197731198	2364533:Retroposon:SVA_D	0	-	197731149	197731198	0	1	50	0	5.03695260240426	7.89596594774623e-08
chr3	41841603	41841652	2394541:Retroposon:SVA_A	0	+	41841603	41841652	0	1	50	0	-4.27666611901606	0.15495631470112
chr3	75288732	75288781	2419830:Retroposon:SVA_D	0	+	75288732	75288781	0	1	50	0	0.693147180559946	0.329373189513133
chr3	122746676	122746725	2445116:Retroposon:SVA_D	0	+	122746676	122746725	0	1	50	0	4.21950770517611	0.00585703314401587
chr3	186873686	186873735	2488108:Retroposon:SVA_D	0	+	186873686	186873735	0	1	50	0	-1.38629436210067	0.353079968112576
chr3	196244705	196244754	2495144:Retroposon:SVA_C	0	+	196244705	196244754	0	1	50	0	2.53897387105827	0.290131699595799
chr3	196385833	196385882	2495305:Retroposon:SVA_B	0	+	196385833	196385882	0	1	50	0	-3.09104245978156	0.195691750500207
chr3	196385983	196386032	2495305:Retroposon:SVA_B	0	+	196385983	196386032	0	1	50	0	3.71357206670431	0.0136610318738375
chr3	196973652	196973701	2495891:Retroposon:SVA_D	0	+	196973652	196973701	0	1	50	0	-0.441832752279041	0.778019703410785
chr3	196974002	196974051	2495891:Retroposon:SVA_D	0	+	196974002	196974051	0	1	50	0	-3.78418963391826	0.168822781874493
chr4	6837476	6837525	2501858:Retroposon:SVA_B	0	-	6837476	6837525	0	1	50	0	-1.62428047547865	0.34101469933413
chr4	7602705	7602754	2502469:Retroposon:SVA_B	0	-	7602705	7602754	0	1	50	0	-1.2427034310761	0.479405443512269
chr4	28515132	28515181	2517091:Retroposon:SVA_D	0	-	28515132	28515181	0	1	50	0	6.65415481747402e-17	0.99999996637168
chr4	53256400	53256449	2531559:Retroposon:SVA_D	0	-	53256400	53256449	0	1	50	0	-2.1972245830973	0.180912513073783
chr1	109053067	109053116	254078:Retroposon:SVA_B	0	+	109053067	109053116	0	1	50	0	-2.39789527273717	0.12729126751777
chr1	109053867	109053916	254078:Retroposon:SVA_B	0	+	109053867	109053916	0	1	50	0	-1.60943791227308	0.102792987210287
chr1	109074262	109074311	254116:Retroposon:SVA_B	0	+	109074262	109074311	0	1	50	0	0.287682073441923	0.740823222413705
chr4	77984410	77984459	2546448:Retroposon:SVA_D	0	-	77984410	77984459	0	1	50	0	3.0122615755052	0.252757950521508
chr1	113940328	113941267	257789:Retroposon:SVA_A	0	+	113940328	113941267	0	1	940	0	3.73369346791503	0.173236924490437
chr4	151526993	151527042	2590111:Retroposon:SVA_D	0	-	151526993	151527042	0	1	50	0	1.38629436783083	0.362333758316608
chr4	152866364	152866413	2590988:Retroposon:SVA_E	0	-	152866364	152866413	0	1	50	0	0.405465108466886	0.62437920611754
chr4	165020481	165020530	2598107:Retroposon:SVA_E	0	-	165020481	165020530	0	1	50	0	1.38629436111052	0.143850563544193
chr1	143637097	143637146	263563:Retroposon:SVA_D	0	+	143637097	143637146	0	1	50	0	2.0794415445652	0.151441468810839
chr1	143703605	143703654	263611:Retroposon:SVA_D	0	+	143703605	143703654	0	1	50	0	-1.79175946921869	0.105906012321233
chr4	41048747	41048796	2641873:Retroposon:SVA_C	0	+	41048747	41048796	0	1	50	0	-3.25809654497136	0.188202246176645
chr4	44181707	44181756	2643972:Retroposon:SVA_C	0	+	44181707	44181756	0	1	50	0	5.53733426701855	0.000561977227281574
chr4	44181807	44181856	2643972:Retroposon:SVA_C	0	+	44181807	44181856	0	1	50	0	0.479573080261886	0.418040388540599
chr4	48186920	48186969	2646456:Retroposon:SVA_B	0	+	48186920	48186969	0	1	50	0	4.03424064167636	0.00013422284724296
chr4	48292881	48292930	2646571:Retroposon:SVA_C	0	+	48292881	48292930	0	1	50	0	-1.14809234593148	0.663872144071595
chr4	52992487	52992536	2648412:Retroposon:SVA_B	0	+	52992487	52992536	0	1	50	0	0.847297860396169	0.340386005128284
chr1	147061712	147061761	265908:Retroposon:SVA_B	0	+	147061712	147061761	0	1	50	0	-2.06074939982579	0.212481246715977
chr1	147232923	147232972	266005:Retroposon:SVA_D	0	+	147232923	147232972	0	1	50	0	-0.45271799295871	0.77401353544455
chr4	106320778	106320827	2680674:Retroposon:SVA_D	0	+	106320778	106320827	0	1	50	0	1.47810190341377	0.269860470903874
chr4	106321128	106321177	2680674:Retroposon:SVA_D	0	+	106321128	106321177	0	1	50	0	3.91866754814682	0.204757108798135
chr4	109603597	109603646	2682758:Retroposon:SVA_B	0	+	109603597	109603646	0	1	50	0	20.2983173665393	0.0511822895948314
chr4	118792074	118792123	2687998:Retroposon:SVA_B	0	+	118792074	118792123	0	1	50	0	2.30258509299407	0.0245465930975919
chr4	122812787	122812836	2690446:Retroposon:SVA_F	0	+	122812787	122812836	0	1	50	0	-2.84296951900158	0.302521721240519
chr4	123684667	123684716	2690977:Retroposon:SVA_B	0	+	123684667	123684716	0	1	50	0	-4.06044301204997	0.0606160800901855
chr4	126771002	126771051	2692605:Retroposon:SVA_B	0	+	126771002	126771051	0	1	50	0	0.117783038954023	0.922035862607796
chr4	148267890	148267939	2705162:Retroposon:SVA_A	0	+	148267890	148267939	0	1	50	0	0.510825623246243	0.481435211324709
chr4	169829009	169829058	2718440:Retroposon:SVA_B	0	+	169829009	169829058	0	1	50	0	20.2188758249325	0.15317868245072
chr5	37012848	37012897	2750659:Retroposon:SVA_D	0	-	37012848	37012897	0	1	50	0	-1.23837423104327	0.61151049068743
chr5	43577930	43577979	2754996:Retroposon:SVA_D	0	-	43577930	43577979	0	1	50	0	1.70474809134811	0.249225219787248
chr5	43578430	43578479	2754996:Retroposon:SVA_D	0	-	43578430	43578479	0	1	50	0	-4.75359019110637	0.144269477604423
chr5	43578630	43578679	2754996:Retroposon:SVA_D	0	-	43578630	43578679	0	1	50	0	-2.08510727921551	0.256950702650957
chr5	43578830	43578879	2754996:Retroposon:SVA_D	0	-	43578830	43578879	0	1	50	0	-0.5596157894033	0.730591573050422
chr5	43666167	43666216	2755068:Retroposon:SVA_B	0	-	43666167	43666216	0	1	50	0	-2.01670320104641	0.28842825715028
chr5	43666267	43666316	2755068:Retroposon:SVA_B	0	-	43666267	43666316	0	1	50	0	-1.09861228850708	0.245515984706835
chr5	62512876	62512925	2763978:Retroposon:SVA_D	0	-	62512876	62512925	0	1	50	0	0.325422400434628	0.885230318952828
chr5	69063337	69063386	2768257:Retroposon:SVA_D	0	-	69063337	69063386	0	1	50	0	-4.37197629882038	0.206552809217757
chr1	162465421	162465470	277375:Retroposon:SVA_D	0	+	162465421	162465470	0	1	50	0	19.4536249989141	0.0194046244120525
chr5	119121487	119121536	2798767:Retroposon:SVA_D	0	-	119121487	119121536	0	1	50	0	-0.297251523467931	0.903286682719663
chr1	167029582	167029681	280496:Retroposon:SVA_B	0	+	167029582	167029681	0	1	100	0	-2.4254832293172	0.536937791360915
chr5	138811840	138811889	2811427:Retroposon:SVA_D	0	-	138811840	138811889	0	1	50	0	-3.71357206670431	0.171115825318999
chr5	168643976	168644025	2834844:Retroposon:SVA_F	0	-	168643976	168644025	0	1	50	0	-0.405465107118023	0.670351116224282
chr1	172572217	172572266	284284:Retroposon:SVA_D	0	+	172572217	172572266	0	1	50	0	4.33729074067147	5.49135565675041e-06
chr5	32041291	32041340	2863260:Retroposon:SVA_A	0	+	32041291	32041340	0	1	50	0	1.1050639239496	0.696346087622592
chr5	32041741	32041790	2863260:Retroposon:SVA_A	0	+	32041741	32041790	0	1	50	0	2.9211434112118	0.0655269506586792
chr1	176057369	176057418	286702:Retroposon:SVA_D	0	+	176057369	176057418	0	1	50	0	-1.38629436111995	0.145274902499356
chr5	40722923	40722972	2869398:Retroposon:SVA_B	0	+	40722923	40722972	0	1	50	0	-3.54961738678043	0.244343205046593
chr5	42979278	42979327	2870764:Retroposon:SVA_B	0	+	42979278	42979327	0	1	50	0	0.619039208406228	0.339833255328625
chr5	43522590	43522639	2871163:Retroposon:SVA_D	0	+	43522590	43522639	0	1	50	0	2.55528744365511	0.0907312062648393
chr5	45890296	45890345	2872336:Retroposon:SVA_C	0	+	45890296	45890345	0	1	50	0	0.693147181389062	0.440914528291512
chr5	56372558	56372607	2876293:Retroposon:SVA_D	0	+	56372558	56372607	0	1	50	0	0.693147181550087	0.305248505345002
chr5	80300801	80300850	2892738:Retroposon:SVA_D	0	+	80300801	80300850	0	1	50	0	-0.18012616623052	0.900798261602195
chr5	80301051	80301100	2892738:Retroposon:SVA_D	0	+	80301051	80301100	0	1	50	0	1.48664233495417	0.000300714805712809
chr5	109340676	109340725	2908913:Retroposon:SVA_C	0	+	109340676	109340725	0	1	50	0	-0.287682072451409	0.707375395817064
chr5	112360354	112360403	2910751:Retroposon:SVA_F	0	+	112360354	112360403	0	1	50	0	-0.565807758190359	0.145670376966216
chr5	153037241	153037290	2938713:Retroposon:SVA_D	0	+	153037241	153037290	0	1	50	0	-0.207639364798755	0.789038955742193
chr5	156940366	156940415	2941963:Retroposon:SVA_B	0	+	156940366	156940415	0	1	50	0	-1.13476080278442	0.491220846727686
chr5	176306802	176306851	2956783:Retroposon:SVA_F	0	+	176306802	176306851	0	1	50	0	-3.11721216676982	0.0386324414790653
chr5	176307152	176307201	2956783:Retroposon:SVA_F	0	+	176307152	176307201	0	1	50	0	0.770438854861591	0.765601437166516
chr5	176433113	176433162	2956919:Retroposon:SVA_F	0	+	176433113	176433162	0	1	50	0	5.27811465923052	0.00090191161823816
chr6	15725627	15725676	2971889:Retroposon:SVA_F	0	-	15725627	15725676	0	1	50	0	-2.30258509895146	0.286309274810434
chr6	31067088	31067137	2982794:Retroposon:SVA_C	0	-	31067088	31067137	0	1	50	0	-2.88480071460487	0.0670472413625296
chr6	31931641	31931690	2983439:Retroposon:SVA_D	0	-	31931641	31931690	0	1	50	0	2.07944154686993	0.066548754042492
chr6	32384626	32384675	2983702:Retroposon:SVA_D	0	-	32384626	32384675	0	1	50	0	3.95124371980872	0.000793595504596234
chr6	47444191	47444240	2995792:Retroposon:SVA_B	0	-	47444191	47444240	0	1	50	0	1.60943791005375	0.34331178156041
chr6	47444391	47444440	2995792:Retroposon:SVA_B	0	-	47444391	47444440	0	1	50	0	-0.963576004866556	0.232216702261949
chr1	197406344	197406428	299891:Retroposon:SVA_D	0	+	197406344	197406428	0	1	85	0	-0.115069329784786	0.960520675684964
chr6	56720729	56720778	3001240:Retroposon:SVA_B	0	-	56720729	56720778	0	1	50	0	1.09861228866811	0.0475119447979865
chr6	87736377	87736426	3017867:Retroposon:SVA_C	0	-	87736377	87736426	0	1	50	0	-1.94591015150397	0.277343698328865
chr6	105854393	105854442	3028180:Retroposon:SVA_D	0	-	105854393	105854442	0	1	50	0	-0.223143550324068	0.802275655900191
chr6	129088962	129089011	3042631:Retroposon:SVA_C	0	-	129088962	129089011	0	1	50	0	0.916290733206525	0.333430314841515
chr6	135363432	135363481	3046689:Retroposon:SVA_F	0	-	135363432	135363481	0	1	50	0	-0.693147184881822	0.545085121010478
chr6	158348728	158348777	3062163:Retroposon:SVA_A	0	-	158348728	158348777	0	1	50	0	1.19190022309167	0.668119817531445
chr6	13134470	13134519	3077469:Retroposon:SVA_B	0	+	13134470	13134519	0	1	50	0	6.64120460551553e-22	1
chr6	27653480	27653529	3088085:Retroposon:SVA_B	0	+	27653480	27653529	0	1	50	0	1.18958406687388	0.200967226899739
chr6	29932083	29932132	3089686:Retroposon:SVA_D	0	+	29932083	29932132	0	1	50	0	2.39789527679775	0.0995936585355973
chr1	211460913	211460962	309979:Retroposon:SVA_F	0	+	211460913	211460962	0	1	50	0	-1.79175946921869	0.105906012321233
chr6	58190499	58190548	3110627:Retroposon:SVA_B	0	+	58190499	58190548	0	1	50	0	-1.20397280433801	0.0389718941777384
chr6	58257792	58257841	3110654:Retroposon:SVA_C	0	+	58257792	58257841	0	1	50	0	-2.33367568006408	0.000148322320211669
chr1	34967243	34967292	31117:Retroposon:SVA_D	0	-	34967243	34967292	0	1	50	0	5.21493575759961	4.5370773249509e-08
chr6	112047133	112047182	3141692:Retroposon:SVA_D	0	+	112047133	112047182	0	1	50	0	1.3862943638536	0.179512887499837
chr6	130802147	130802196	3152687:Retroposon:SVA_D	0	+	130802147	130802196	0	1	50	0	0.614366302706831	0.797809030989606
chr7	5230840	5230970	3181466:Retroposon:SVA_A	0	+	5230840	5230970	0	1	131	0	1.28093384681836	0.105022113993007
chr7	23636631	23636680	3193173:Retroposon:SVA_C	0	+	23636631	23636680	0	1	50	0	-1.70474809223988	0.11562320592664
chr7	26148564	26148613	3194900:Retroposon:SVA_D	0	+	26148564	26148613	0	1	50	0	-1.61025863708117e-10	0.999999730973442
chr7	27044552	27044601	3195570:Retroposon:SVA_C	0	+	27044552	27044601	0	1	50	0	-1.46385259546577	0.385203025948873
chr7	27045807	27045856	3195571:Retroposon:SVA_F	0	+	27045807	27045856	0	1	50	0	1.50407739661546	0.040723112659106
chr1	225615623	225615672	319697:Retroposon:SVA_B	0	+	225615623	225615672	0	1	50	0	-0.606135807579061	0.626012766058515
chr7	32753151	32753450	3199465:Retroposon:SVA_B	0	+	32753151	32753450	0	1	300	0	1.47644545811393	0.0723503536459651
chr7	32753551	32754000	3199465:Retroposon:SVA_B	0	+	32753551	32754000	0	1	450	0	-2.33939906640706	0.277062355538761
chr7	32754101	32754150	3199465:Retroposon:SVA_B	0	+	32754101	32754150	0	1	50	0	-0.709147521906386	0.784686806594796
chr7	32754201	32754350	3199465:Retroposon:SVA_B	0	+	32754201	32754350	0	1	150	0	1.5234954826334	0.0200507139550981
chr7	33303905	33303954	3199865:Retroposon:SVA_A	0	+	33303905	33303954	0	1	50	0	-2.39789527273717	0.12729126751777
chr7	33304605	33304654	3199865:Retroposon:SVA_A	0	+	33304605	33304654	0	1	50	0	-0.358281376258611	0.801523435157873
chr1	227275993	227276042	321128:Retroposon:SVA_A	0	+	227275993	227276042	0	1	50	0	-0.510825623246243	0.481442688958869
chr1	227276293	227276342	321128:Retroposon:SVA_A	0	+	227276293	227276342	0	1	50	0	-0.693147180711603	0.436031876568612
chr7	64554002	64554051	3217206:Retroposon:SVA_B	0	+	64554002	64554051	0	1	50	0	0.18232155878266	0.833406442195963
chr7	64554152	64554201	3217206:Retroposon:SVA_B	0	+	64554152	64554201	0	1	50	0	0.619039208376701	0.186695090726491
chr7	64718441	64718490	3217276:Retroposon:SVA_D	0	+	64718441	64718490	0	1	50	0	2.397895272789	0.00116669521064128
chr7	64785266	64785315	3217322:Retroposon:SVA_E	0	+	64785266	64785315	0	1	50	0	1.3862943596265	0.154257179133297
chr7	65257515	65257564	3217665:Retroposon:SVA_C	0	+	65257515	65257564	0	1	50	0	-0.788457360365724	0.382504700296134
chr7	91887304	91887353	3237722:Retroposon:SVA_A	0	+	91887304	91887353	0	1	50	0	-0.115831815525123	0.961306434882242
chr7	91889104	91889203	3237723:Retroposon:SVA_A	0	+	91889104	91889203	0	1	100	0	2.48237820343464	0.485774156926147
chr7	91889254	91889303	3237723:Retroposon:SVA_A	0	+	91889254	91889303	0	1	50	0	0.949080557852263	0.663332210951408
chr7	91889554	91889603	3237723:Retroposon:SVA_A	0	+	91889554	91889603	0	1	50	0	1.1999647829284	0.629959269312333
chr7	101092018	101092067	3244452:Retroposon:SVA_C	0	+	101092018	101092067	0	1	50	0	0.682056493865787	0.660278641704039
chr7	101093018	101093067	3244452:Retroposon:SVA_C	0	+	101093018	101093067	0	1	50	0	0.437213806422746	0.851542937475877
chr7	108255855	108255904	3250004:Retroposon:SVA_B	0	+	108255855	108255904	0	1	50	0	0.313657558306371	0.458021100039989
chr7	129216130	129216179	3262353:Retroposon:SVA_A	0	+	129216130	129216179	0	1	50	0	-1.73864963523241	0.355812863373783
chr7	129216330	129216379	3262353:Retroposon:SVA_A	0	+	129216330	129216379	0	1	50	0	-2.70805020832467	0.251864628161021
chr7	130590571	130590620	3263554:Retroposon:SVA_D	0	+	130590571	130590620	0	1	50	0	0.693147180711604	0.561568512568148
chr7	150199018	150199067	3277099:Retroposon:SVA_B	0	+	150199018	150199067	0	1	50	0	-1.09861228814836	0.208756959780148
chr7	44992575	44992624	3312482:Retroposon:SVA_B	0	-	44992575	44992624	0	1	50	0	0.510825624739639	0.72873890660794
chr7	64738173	64738222	3322054:Retroposon:SVA_D	0	-	64738173	64738222	0	1	50	0	-0.117783038954077	0.900825440953903
chr7	73797023	73797072	3330942:Retroposon:SVA_D	0	-	73797023	73797072	0	1	50	0	1.38629436111052	0.143850563544193
chr7	75453616	75453665	3332882:Retroposon:SVA_A	0	-	75453616	75453665	0	1	50	0	-3.04452243772342	0.229538740950419
chr7	75453866	75453965	3332882:Retroposon:SVA_A	0	-	75453866	75453965	0	1	100	0	2.12389330425067	0.334884777100954
chr7	75454266	75454315	3332882:Retroposon:SVA_A	0	-	75454266	75454315	0	1	50	0	2.63188884013665	0.348660921215556
chr7	76638471	76638520	3334242:Retroposon:SVA_A	0	-	76638471	76638520	0	1	50	0	-2.29963957503149	0.165901076760872
chr7	99887695	99887744	3348628:Retroposon:SVA_D	0	-	99887695	99887744	0	1	50	0	-1.79175946922806	0.44937782212794
chr7	100522653	100522702	3349202:Retroposon:SVA_F	0	-	100522653	100522702	0	1	50	0	0.287682071932034	0.707368499774518
chr1	247220807	247220856	335517:Retroposon:SVA_D	0	+	247220807	247220856	0	1	50	0	-0.40546511009687	0.691197475492092
chr1	248676822	248676871	336317:Retroposon:SVA_D	0	+	248676822	248676871	0	1	50	0	-0.223143552807605	0.813193650490856
chr7	138378622	138378671	3374508:Retroposon:SVA_B	0	-	138378622	138378671	0	1	50	0	-0.693147181550087	0.4907505654633
chr7	150506003	150506052	3382911:Retroposon:SVA_D	0	-	150506003	150506052	0	1	50	0	-3.41772668361337	0.209603087786978
chr7	155096977	155097026	3386119:Retroposon:SVA_A	0	-	155096977	155097026	0	1	50	0	2.19722458293627	0.0557068139536795
chr7	157374521	157374570	3387559:Retroposon:SVA_A	0	-	157374521	157374570	0	1	50	0	0.405465108108536	0.513046646479017
chr10	9273568	9273617	341851:Retroposon:SVA_B	0	-	9273568	9273617	0	1	50	0	1.79175947120739	0.214928347684519
chr8	66231681	66231730	3429680:Retroposon:SVA_D	0	+	66231681	66231730	0	1	50	0	0.287682071932033	0.7072105761276
chr8	67310789	67310838	3430606:Retroposon:SVA_C	0	+	67310789	67310838	0	1	50	0	4.74493213210274	0.000113925724999575
chr8	69245676	69245725	3431783:Retroposon:SVA_D	0	+	69245676	69245725	0	1	50	0	0.810930216471251	0.442372493947207
chr8	94592312	94592361	3447257:Retroposon:SVA_F	0	+	94592312	94592361	0	1	50	0	1.38629436210067	0.329465065751179
chr8	99927690	99927739	3451072:Retroposon:SVA_C	0	+	99927690	99927739	0	1	50	0	-2.01490302169613	0.0177416875502716
chr8	100350831	100350880	3451403:Retroposon:SVA_B	0	+	100350831	100350880	0	1	50	0	-0.877240216991566	0.319500298197577
chr8	100351631	100351680	3451403:Retroposon:SVA_B	0	+	100351631	100351680	0	1	50	0	1.09861229049579	0.263570376204169
chr8	100351731	100351780	3451403:Retroposon:SVA_B	0	+	100351731	100351780	0	1	50	0	-3.8286413964891	0.16742656785376
chr8	116297470	116297519	3461457:Retroposon:SVA_B	0	+	116297470	116297519	0	1	50	0	1.38629436111052	0.143850563544193
chr8	42918523	42918572	3512624:Retroposon:SVA_B	0	-	42918523	42918572	0	1	50	0	0.405465107118024	0.670348898901709
chr8	42919523	42919572	3512624:Retroposon:SVA_B	0	-	42919523	42919572	0	1	50	0	-0.587786663408724	0.33171831263947
chr8	42939005	42939054	3512636:Retroposon:SVA_D	0	-	42939005	42939054	0	1	50	0	-1.86433016206289	0.195605471824418
chr8	49042026	49042075	3514759:Retroposon:SVA_B	0	-	49042026	49042075	0	1	50	0	-1.19045908515921	0.129454334439081
chr8	56272561	56272610	3519140:Retroposon:SVA_D	0	-	56272561	56272610	0	1	50	0	2.48490665001122	0.219666635064746
chr8	58675985	58676034	3520586:Retroposon:SVA_D	0	-	58675985	58676034	0	1	50	0	4.92725368514784	6.81739061869635e-08
chr8	58676185	58676234	3520586:Retroposon:SVA_D	0	-	58676185	58676234	0	1	50	0	-0.693147182028904	0.654350591648396
chr8	86390238	86390287	3537764:Retroposon:SVA_B	0	-	86390238	86390287	0	1	50	0	-2.19722457732706	0.0951415110540345
chr8	86693730	86693779	3537998:Retroposon:SVA_E	0	-	86693730	86693779	0	1	50	0	-3.68887945411394	0.171928878149814
chr8	93970920	93970969	3542365:Retroposon:SVA_B	0	-	93970920	93970969	0	1	50	0	0.747214409855579	0.624339611614473
chr8	98052273	98052372	3545619:Retroposon:SVA_B	0	-	98052273	98052372	0	1	100	0	0.315282720533894	0.719564583602458
chr8	124431498	124431547	3563520:Retroposon:SVA_D	0	-	124431498	124431547	0	1	50	0	1.09861228865874	0.308614648814082
chr9	83672	83721	3578652:Retroposon:SVA_E	0	-	83672	83721	0	1	50	0	-1.09861229244048	0.580965424962588
chr9	862042	862091	3579275:Retroposon:SVA_B	0	-	862042	862091	0	1	50	0	0.479573081932009	0.816450379947037
chr9	6799436	6799485	3583300:Retroposon:SVA_D	0	-	6799436	6799485	0	1	50	0	1.79175946921869	0.0601908053461445
chr9	6949309	6949358	3583424:Retroposon:SVA_C	0	-	6949309	6949358	0	1	50	0	-2.56494936206247	0.225186906060425
chr10	32234023	32234122	358782:Retroposon:SVA_B	0	-	32234023	32234122	0	1	100	0	5.58724865840026	0.00155381971707133
chr9	16976923	16976972	3589012:Retroposon:SVA_D	0	-	16976923	16976972	0	1	50	0	5.08759633522302	1.18377160962524e-07
chr9	16977873	16977922	3589012:Retroposon:SVA_D	0	-	16977873	16977922	0	1	50	0	-1.38629436401462	0.288164887511417
chr10	32505697	32505746	359024:Retroposon:SVA_A	0	-	32505697	32505746	0	1	50	0	0.255031904681038	0.925436808398097
chr9	29188104	29188153	3596548:Retroposon:SVA_D	0	-	29188104	29188153	0	1	50	0	-2.39789527679775	0.236984354106748
chr9	35183406	35183455	3600425:Retroposon:SVA_A	0	-	35183406	35183455	0	1	50	0	5.61677109766659	0.000485709685139835
chr1	6715590	6715639	3602:Retroposon:SVA_E	0	-	6715590	6715639	0	1	50	0	1.25276297079236	0.214978535790439
chr9	72850833	72850882	3613356:Retroposon:SVA_F	0	-	72850833	72850882	0	1	50	0	4.77068462446567	0.00224230483289833
chr9	77061491	77061540	3616207:Retroposon:SVA_D	0	-	77061491	77061540	0	1	50	0	1.09861228865874	0.308614648814082
chr9	96715859	96715908	3629685:Retroposon:SVA_B	0	-	96715859	96715908	0	1	50	0	-1.29928298813901	0.322702762992259
chr9	104234768	104234817	3635293:Retroposon:SVA_A	0	-	104234768	104234817	0	1	50	0	1.1457908489432	0.676473256846647
chr9	104489840	104489889	3635464:Retroposon:SVA_B	0	-	104489840	104489889	0	1	50	0	2.96056152607236e-16	1
chr9	104490140	104490189	3635464:Retroposon:SVA_B	0	-	104490140	104490189	0	1	50	0	-1.60943791242473	0.113182545685405
chr9	118677825	118677874	3647121:Retroposon:SVA_B	0	-	118677825	118677874	0	1	50	0	0.627057063511403	0.632334869463442
chr9	118678375	118678474	3647121:Retroposon:SVA_B	0	-	118678375	118678474	0	1	100	0	0.214980240675825	0.861860571868402
chr9	123057411	123057460	3651000:Retroposon:SVA_D	0	-	123057411	123057460	0	1	50	0	0.662056593489913	0.701963855451898
chr10	45330456	45330505	366187:Retroposon:SVA_D	0	-	45330456	45330505	0	1	50	0	3.46573590279973	0.007079271095774
chr9	6807526	6807575	3667843:Retroposon:SVA_F	0	+	6807526	6807575	0	1	50	0	-1.09861228917849	0.409122063998829
chr9	26664085	26664134	3679749:Retroposon:SVA_B	0	+	26664085	26664134	0	1	50	0	-0.405465107947139	0.655619382616321
chr9	26664185	26664234	3679749:Retroposon:SVA_B	0	+	26664185	26664234	0	1	50	0	1.09861229199984	0.549811020896127
chr9	38324054	38324103	3688164:Retroposon:SVA_D	0	+	38324054	38324103	0	1	50	0	-0.405465108108536	0.65561938261623
chr9	74853163	74853212	3699546:Retroposon:SVA_B	0	+	74853163	74853212	0	1	50	0	1.79175947120739	0.214928347684519
chr10	51392523	51392572	369957:Retroposon:SVA_D	0	-	51392523	51392572	0	1	50	0	0.0995295953470333	0.968155823434341
chr9	76955432	76955481	3701077:Retroposon:SVA_D	0	+	76955432	76955481	0	1	50	0	-0.69314718039892	0.413134770909177
chr9	83948094	83948143	3705729:Retroposon:SVA_A	0	+	83948094	83948143	0	1	50	0	1.30833281965067	0.163691979213391
chr9	83948544	83948593	3705729:Retroposon:SVA_A	0	+	83948544	83948593	0	1	50	0	-1.04762673244838	0.449905550849636
chr9	85573374	85573423	3706856:Retroposon:SVA_D	0	+	85573374	85573423	0	1	50	0	1.09861228917849	0.409123255361004
chr9	86311868	86311917	3707463:Retroposon:SVA_D	0	+	86311868	86311917	0	1	50	0	4.24849524204936	0.00178236790959496
chr9	97796223	97796322	3715355:Retroposon:SVA_D	0	+	97796223	97796322	0	1	100	0	-3.26766598876541	0.000143789265532629
chr9	100068862	100068911	3717382:Retroposon:SVA_D	0	+	100068862	100068911	0	1	50	0	1.06087196236009	0.0913012262108195
chr9	100393337	100393386	3717628:Retroposon:SVA_A	0	+	100393337	100393386	0	1	50	0	1.20983791821498	0.339886725487433
chr9	125625198	125625247	3738040:Retroposon:SVA_F	0	+	125625198	125625247	0	1	50	0	1.01160091168047	0.261570596672243
chrX	25905684	25905733	3766580:Retroposon:SVA_C	0	+	25905684	25905733	0	1	50	0	-0.788457358870875	0.429759053997253
chrX	39278684	39278733	3774582:Retroposon:SVA_D	0	+	39278684	39278733	0	1	50	0	-0.559615789893967	0.78590614407733
chrX	41611717	41611766	3776599:Retroposon:SVA_D	0	+	41611717	41611766	0	1	50	0	2.66258782702545	0.279236247985653
chrX	48016425	48016474	3781378:Retroposon:SVA_B	0	+	48016425	48016474	0	1	50	0	1.94591014904596	0.0477787723182921
chrX	48138696	48138745	3781515:Retroposon:SVA_B	0	+	48138696	48138745	0	1	50	0	-0.693147181550087	0.4907505654633
chrX	71675500	71675549	3794061:Retroposon:SVA_A	0	+	71675500	71675549	0	1	50	0	3.21887583169736	0.0300475814814096
chrX	72179938	72179987	3794419:Retroposon:SVA_E	0	+	72179938	72179987	0	1	50	0	1.38629436111052	0.143850563544193
chrX	74098335	74098384	3795569:Retroposon:SVA_B	0	+	74098335	74098384	0	1	50	0	-0.91629073171313	0.276920711436853
chrX	80214898	80214947	3798822:Retroposon:SVA_C	0	+	80214898	80214947	0	1	50	0	-1.38629436111052	0.167111835739418
chrX	80713244	80713293	3799068:Retroposon:SVA_D	0	+	80713244	80713293	0	1	50	0	1.38629436111052	0.144046698987186
chr10	70407555	70407604	382280:Retroposon:SVA_D	0	-	70407555	70407604	0	1	50	0	4.2437219632967	0.192406787854743
chrX	129852025	129852124	3828864:Retroposon:SVA_D	0	+	129852025	129852124	0	1	100	0	-1.2321436824343	0.658472470487437
chr10	71875230	71875279	383562:Retroposon:SVA_D	0	-	71875230	71875279	0	1	50	0	-1.32175583999626	0.205824474178496
chrX	16968277	16968326	3859074:Retroposon:SVA_D	0	-	16968277	16968326	0	1	50	0	1.09861228865874	0.308614648814082
chr10	75332921	75332970	386794:Retroposon:SVA_F	0	-	75332921	75332970	0	1	50	0	2.07944154167047	0.0131859328447809
chrX	44911338	44911387	3878911:Retroposon:SVA_C	0	-	44911338	44911387	0	1	50	0	-1.25276297079236	0.444720272757569
chrX	54129312	54129411	3886128:Retroposon:SVA_D	0	-	54129312	54129411	0	1	100	0	-0.780158557549576	0.389696378096653
chrX	71644854	71644903	3894208:Retroposon:SVA_B	0	-	71644854	71644903	0	1	50	0	-3.71357206670431	0.171115825318999
chrX	71645354	71645403	3894208:Retroposon:SVA_B	0	-	71645354	71645403	0	1	50	0	-1.67843078392105	0.024657707661472
chrX	103104728	103104777	3911379:Retroposon:SVA_D	0	-	103104728	103104777	0	1	50	0	1.38629436111052	0.143850563544193
chrX	124128244	124128293	3925655:Retroposon:SVA_D	0	-	124128244	124128293	0	1	50	0	-0.693147180711604	0.436031876568536
chrX	134286107	134286156	3931989:Retroposon:SVA_B	0	-	134286107	134286156	0	1	50	0	0.693147181389061	0.440914528304609
chrX	140043573	140043622	3936060:Retroposon:SVA_A	0	-	140043573	140043622	0	1	50	0	3.21887583169736	0.0300475814814096
chrX	154773862	154773911	3945281:Retroposon:SVA_F	0	-	154773862	154773911	0	1	50	0	-2.2823823832097	0.218925919855661
chrX	155224162	155224211	3945619:Retroposon:SVA_B	0	-	155224162	155224211	0	1	50	0	-2.42590830043946	0.171678035721618
chrX	155907862	155907911	3946052:Retroposon:SVA_D	0	-	155907862	155907911	0	1	50	0	-1.70474809608615	0.359944944472358
chrY	4295926	4295975	3949097:Retroposon:SVA_C	0	+	4295926	4295975	0	1	50	0	-1.98591548485963	0.162057581689193
chrY	11004708	11004757	3951826:Retroposon:SVA_A	0	+	11004708	11004757	0	1	50	0	3.13549422249564	0.0341641986376073
chrY	11012237	11012301	3951835:Retroposon:SVA_A	0	+	11012237	11012301	0	1	65	0	-0.405465107947139	0.655619382616321
chrY	20553013	20553062	3956671:Retroposon:SVA_A	0	+	20553013	20553062	0	1	50	0	-2.00148000021012	0.473275668913061
chrY	57094382	57094431	3974170:Retroposon:SVA_D	0	-	57094382	57094431	0	1	50	0	-1.70474809608615	0.359944944472358
chr1	45115520	45115569	40276:Retroposon:SVA_B	0	-	45115520	45115569	0	1	50	0	1.9169226121852	0.0657482883409974
chr10	102301889	102301938	406633:Retroposon:SVA_C	0	-	102301889	102301938	0	1	50	0	-4.51305489708029	0.201411251671784
chr1	45765358	45765407	40874:Retroposon:SVA_B	0	-	45765358	45765407	0	1	50	0	-3.3787245258101	0.00592266634571825
chr10	119559907	119559956	418997:Retroposon:SVA_C	0	-	119559907	119559956	0	1	50	0	0.470003632140466	0.677201484573811
chr10	122202845	122202894	421041:Retroposon:SVA_D	0	-	122202845	122202894	0	1	50	0	21.3098814858656	4.1320300805392e-06
chr10	21837189	21837238	441751:Retroposon:SVA_B	0	+	21837189	21837238	0	1	50	0	-0.367724784735404	0.780148182648306
chr10	24658355	24658404	443708:Retroposon:SVA_F	0	+	24658355	24658404	0	1	50	0	-0.916290733206524	0.533881568805769
chr10	28771798	28771847	446868:Retroposon:SVA_B	0	+	28771798	28771847	0	1	50	0	-2.1400661688986	0.303141955106615
chr10	42137615	42137664	454131:Retroposon:SVA_D	0	+	42137615	42137664	0	1	50	0	0.693147180550578	0.561381086969804
chr10	42138015	42138064	454131:Retroposon:SVA_D	0	+	42138015	42138064	0	1	50	0	-1.94591014904595	0.0410638395419308
chr10	45259783	45259832	456005:Retroposon:SVA_D	0	+	45259783	45259832	0	1	50	0	20.6888794540352	0.0208275867415393
chr10	86454814	86454863	484637:Retroposon:SVA_B	0	+	86454814	86454863	0	1	50	0	0.725937003382936	0.301875109447685
chr10	87080658	87080757	485154:Retroposon:SVA_D	0	+	87080658	87080757	0	1	100	0	5.393627546343	1.38537680076298e-05
chr10	92976735	92976784	489493:Retroposon:SVA_E	0	+	92976735	92976784	0	1	50	0	-2.33390756412309	0.420310712581544
chr10	93970508	93970557	490378:Retroposon:SVA_D	0	+	93970508	93970557	0	1	50	0	2.44234703536926	0.000405069035451233
chr10	98152116	98152165	493648:Retroposon:SVA_C	0	+	98152116	98152165	0	1	50	0	1.89711999100432	0.223670555762382
chr10	100094202	100094251	495317:Retroposon:SVA_F	0	+	100094202	100094251	0	1	50	0	-1.3110709305771	0.447960026548528
chr10	103606763	103606812	498209:Retroposon:SVA_D	0	+	103606763	103606812	0	1	50	0	2.52572865098576	0.0334752945984863
chr10	103607663	103607712	498209:Retroposon:SVA_D	0	+	103607663	103607712	0	1	50	0	3.1986731184885	0.00105189927417893
chr10	118896172	118896221	508695:Retroposon:SVA_C	0	+	118896172	118896221	0	1	50	0	0.150282203049337	0.948093687481897
chr10	119721841	119721890	509475:Retroposon:SVA_F	0	+	119721841	119721890	0	1	50	0	1.47181653455805	0.542291414087054
chr10	120798278	120798327	510216:Retroposon:SVA_B	0	+	120798278	120798327	0	1	50	0	-0.640037355245997	0.687159788269526
chr11	4334391	4334490	520079:Retroposon:SVA_B	0	-	4334391	4334490	0	1	100	0	-1.57500571616396	0.156468652663063
chr11	4335041	4335090	520079:Retroposon:SVA_B	0	-	4335041	4335090	0	1	50	0	4.14313472639153	0.00667128131265793
chr11	48955529	48955578	551468:Retroposon:SVA_B	0	-	48955529	48955578	0	1	50	0	-0.847297862325475	0.599568235792496
chr11	48956079	48956128	551468:Retroposon:SVA_B	0	-	48956079	48956128	0	1	50	0	-1.09861228865874	0.308614648777446
chr11	61166044	61166093	556481:Retroposon:SVA_D	0	-	61166044	61166093	0	1	50	0	-3.97029191355212	0.00327086464824933
chr11	61166544	61166593	556481:Retroposon:SVA_D	0	-	61166544	61166593	0	1	50	0	2.20204386377217	0.439984731712025
chr11	61166794	61166843	556481:Retroposon:SVA_D	0	-	61166794	61166843	0	1	50	0	0.393814490888189	0.816181669803652
chr11	65762277	65762326	560376:Retroposon:SVA_D	0	-	65762277	65762326	0	1	50	0	-4.46206934260072	0.0131459716734128
chr11	72176392	72176441	565456:Retroposon:SVA_A	0	-	72176392	72176441	0	1	50	0	1.79175946921869	0.0242698986728733
chr11	73896684	73896733	567044:Retroposon:SVA_D	0	-	73896684	73896733	0	1	50	0	2.19722458062455	0.13014894414256
chr11	74129033	74129082	567270:Retroposon:SVA_D	0	-	74129033	74129082	0	1	50	0	-2.46621451679824	0.0373461863284353
chr11	76933568	76933617	569864:Retroposon:SVA_D	0	-	76933568	76933617	0	1	50	0	6.06378520868761	0.000212327382968725
chr11	93946188	93946237	581902:Retroposon:SVA_F	0	-	93946188	93946237	0	1	50	0	-2.79193167973179	0.0639237091880967
chr11	118991312	118991361	598893:Retroposon:SVA_B	0	-	118991312	118991361	0	1	50	0	-0.495787746401451	0.730719173926024
chr11	129848466	129848515	606627:Retroposon:SVA_D	0	-	129848466	129848515	0	1	50	0	-2.19722457732685	0.0186196704187448
chr11	130044651	130044700	606773:Retroposon:SVA_D	0	-	130044651	130044700	0	1	50	0	-1.31362317086158	0.177905798463279
chr11	453255	453304	610217:Retroposon:SVA_A	0	+	453255	453304	0	1	50	0	0.762942944237614	0.490171139934122
chr11	453455	453504	610217:Retroposon:SVA_A	0	+	453455	453504	0	1	50	0	-0.462857906104817	0.775366132392467
chr11	4237240	4237339	612382:Retroposon:SVA_B	0	+	4237240	4237339	0	1	100	0	4.77912349311154	0.208308851813114
chr11	4238040	4238089	612382:Retroposon:SVA_B	0	+	4238040	4238089	0	1	50	0	-1.73460105486836	0.0759925404858372
chr11	4282868	4282917	612414:Retroposon:SVA_B	0	+	4282868	4282917	0	1	50	0	4.14313472639153	0.00667128131265793
chr11	4283468	4283517	612414:Retroposon:SVA_B	0	+	4283468	4283517	0	1	50	0	-1.13579129191004	0.154215631413505
chr11	8523804	8523853	614938:Retroposon:SVA_B	0	+	8523804	8523853	0	1	50	0	-1.38629436210067	0.353079968112576
chr11	18120783	18120832	622445:Retroposon:SVA_D	0	+	18120783	18120832	0	1	50	0	-3.71357206670431	0.243181024793515
chr11	20548469	20548518	624350:Retroposon:SVA_D	0	+	20548469	20548518	0	1	50	0	-0.693147180562905	0.385153176748891
chr11	56497035	56497084	645359:Retroposon:SVA_B	0	+	56497035	56497084	0	1	50	0	0.356674945148959	0.842800526907368
chr11	59585718	59585767	647614:Retroposon:SVA_D	0	+	59585718	59585767	0	1	50	0	0.810930215226187	0.230636331601631
chr11	59699721	59699770	647719:Retroposon:SVA_D	0	+	59699721	59699770	0	1	50	0	-0.98082925301136	0.129575625316746
chr11	59700121	59700170	647719:Retroposon:SVA_D	0	+	59700121	59700170	0	1	50	0	-6.65415481747402e-17	1
chr11	60814867	60814916	648456:Retroposon:SVA_D	0	+	60814867	60814916	0	1	50	0	0.405465108466886	0.624379206107207
chr11	60815017	60815066	648456:Retroposon:SVA_D	0	+	60815017	60815066	0	1	50	0	-0.704197011221121	0.70777436421158
chr11	66589004	66589053	653433:Retroposon:SVA_F	0	+	66589004	66589053	0	1	50	0	-2.49129644788677	0.376919757360773
chr11	72909421	72909470	658538:Retroposon:SVA_A	0	+	72909421	72909470	0	1	50	0	-6.12249280951438	0.122872817654986
chr11	72910271	72910320	658538:Retroposon:SVA_A	0	+	72910271	72910320	0	1	50	0	1.3609765531356	0.629212201667246
chr11	77490570	77490619	662915:Retroposon:SVA_D	0	+	77490570	77490619	0	1	50	0	-1.86321842991331	0.195105167143636
chr11	78879927	78879976	664348:Retroposon:SVA_A	0	+	78879927	78879976	0	1	50	0	4.53259949315325	0.0034090941011462
chr11	82181677	82181726	666906:Retroposon:SVA_D	0	+	82181677	82181726	0	1	50	0	-1.79175946906999	0.167101359621447
chr11	82182077	82182126	666906:Retroposon:SVA_D	0	+	82182077	82182126	0	1	50	0	-0.18232155679333	0.614728406631627
chr11	86732581	86732630	670517:Retroposon:SVA_D	0	+	86732581	86732630	0	1	50	0	-0.528067423695118	0.730946421974949
chr11	89861197	89861246	672649:Retroposon:SVA_D	0	+	89861197	89861246	0	1	50	0	-3.8286413964891	0.167426567853753
chr11	91064019	91064068	673336:Retroposon:SVA_E	0	+	91064019	91064068	0	1	50	0	-0.510825625259386	0.600994969149692
chr11	92158471	92158520	673950:Retroposon:SVA_D	0	+	92158471	92158520	0	1	50	0	0.287682072451744	0.606379764544433
chr11	95481837	95481886	676157:Retroposon:SVA_D	0	+	95481837	95481886	0	1	50	0	-0.34484048629173	0.882909739100209
chr11	116346733	116346782	689705:Retroposon:SVA_C	0	+	116346733	116346782	0	1	50	0	1.04145387485699	0.279485071463422
chr12	7199589	7199638	708026:Retroposon:SVA_D	0	-	7199589	7199638	0	1	50	0	0.847297860416356	0.204623786536522
chr12	12618602	12618651	711939:Retroposon:SVA_B	0	-	12618602	12618651	0	1	50	0	-1.79175946921869	0.105906012321233
chr1	89797655	89797704	73444:Retroposon:SVA_F	0	-	89797655	89797704	0	1	50	0	5.27299955856374	0.00091033213844316
chr12	57495377	57495426	740219:Retroposon:SVA_B	0	-	57495377	57495426	0	1	50	0	23.1743872698453	0.00071508426900091
chr1	91289602	91289651	74441:Retroposon:SVA_B	0	-	91289602	91289651	0	1	50	0	0.138925472243271	0.678264578192976
chr1	92026467	92026516	74965:Retroposon:SVA_B	0	-	92026467	92026516	0	1	50	0	-9.90141632734512e-10	0.999999932743361
chr12	95907111	95907160	765392:Retroposon:SVA_D	0	-	95907111	95907160	0	1	50	0	4.03600898520914	0.220175682191611
chr1	11306208	11306257	7740:Retroposon:SVA_C	0	-	11306208	11306257	0	1	50	0	-4.71402459090017	0.164430241745951
chr12	110724686	110724735	778223:Retroposon:SVA_A	0	-	110724686	110724735	0	1	50	0	-6.23244801655052	0.121562721245183
chr12	120731922	120731971	788279:Retroposon:SVA_C	0	-	120731922	120731971	0	1	50	0	-0.402917325792799	0.812203460767665
chr12	120732572	120732621	788279:Retroposon:SVA_C	0	-	120732572	120732621	0	1	50	0	2.80768004212836	0.0328590488887506
chr12	123436415	123436464	791189:Retroposon:SVA_E	0	-	123436415	123436464	0	1	50	0	-1.33009980277625	0.0734960894663068
chr12	29172075	29172124	818434:Retroposon:SVA_E	0	+	29172075	29172124	0	1	50	0	-2.80992639267743	0.393859134025382
chr12	51644622	51644671	832143:Retroposon:SVA_D	0	+	51644622	51644671	0	1	50	0	-1.6094379124341	0.0658439901390491
chr1	108160351	108160400	85034:Retroposon:SVA_D	0	-	108160351	108160400	0	1	50	0	-0.635988766719997	0.693844666498746
chr12	111507732	111507781	874694:Retroposon:SVA_D	0	+	111507732	111507781	0	1	50	0	3.09104245334898	0.00181818864966887
chr12	111956908	111956957	875189:Retroposon:SVA_B	0	+	111956908	111956957	0	1	50	0	-0.1670540806598	0.900332596942221
chr12	121077297	121077346	884494:Retroposon:SVA_D	0	+	121077297	121077346	0	1	50	0	0.826678573184465	0.757800527055996
chr13	22858796	22858845	897515:Retroposon:SVA_D	0	-	22858796	22858845	0	1	50	0	2.94443897916644	0.257452390682637
chr13	23972935	23972984	898212:Retroposon:SVA_D	0	-	23972935	23972984	0	1	50	0	-1.94591014904596	0.102062133910335
chr1	114790147	114790196	89929:Retroposon:SVA_D	0	-	114790147	114790196	0	1	50	0	20.0943445622188	0.113499933464543
chr13	43415350	43415399	911439:Retroposon:SVA_A	0	-	43415350	43415399	0	1	50	0	3.44274637815761	0.091551751778805
chr1	117300498	117300547	91731:Retroposon:SVA_B	0	-	117300498	117300547	0	1	50	0	-3.76120011569369	0.00748729983980123
chr13	95845817	95845866	941972:Retroposon:SVA_B	0	-	95845817	95845866	0	1	50	0	-0.356674943909208	0.474765751222886
chr13	95928462	95928511	942014:Retroposon:SVA_A	0	-	95928462	95928511	0	1	50	0	-4.49980967033026	0.149672019035681
chr13	41572054	41572103	968612:Retroposon:SVA_B	0	+	41572054	41572103	0	1	50	0	-19.9416424226103	0.157608258028328
chr13	42966263	42966312	969663:Retroposon:SVA_F	0	+	42966263	42966312	0	1	50	0	-2.89037176364788	0.205760106927808
chr13	46163317	46163366	972086:Retroposon:SVA_C	0	+	46163317	46163366	0	1	50	0	-20.2728770065498	0.157048371085531
chr13	49565400	49565449	974490:Retroposon:SVA_F	0	+	49565400	49565449	0	1	50	0	-1.94591015150397	0.277343698328865
chr13	87562164	87562213	996085:Retroposon:SVA_B	0	+	87562164	87562213	0	1	50	0	-2.26979527017105	0.443119410116462
