GO	[-7.49 -0.51]	[-0.51 -0.23]	[-0.23 -0.12]	[-0.12 -0.04]	[-0.04 0.00]	[0.00 0.00]	[0.00 0.07]	[0.07 0.18]	[0.18 0.37]	[0.37 0.76]	[0.76 7.51]
NOP58_HEK293_Plass NOP58_HEK293_Plass	0.370	0.370	1.512	2.264	0.480	-3.345	1.296	0.278	0.608	-2.384	-3.363
AGO3_HEK293_Plass AGO3_HEK293_Plass	-0.929	1.692	0.263	2.774	0.352	-4.004	1.692	0.581	-0.451	-1.149	-1.715
DGCR8_HEK293_Plass DGCR8_HEK293_Plass	-0.806	0.615	0.956	-0.621	-0.347	-2.944	3.488	1.623	0.357	-1.296	-1.306
UPF1_HEK293_Plass UPF1_HEK293_Plass	-1.448	0.760	1.568	1.568	0.558	-2.658	-0.350	1.568	-1.965	-0.350	-0.756
ALKBH5_HEK293_Plass ALKBH5_HEK293_Plass	-0.301	1.364	0.400	1.364	0.400	-2.746	2.655	0.400	-0.673	-2.306	-1.318
C17orf85_HEK293_Plass C17orf85_HEK293_Plass	-1.077	0.969	1.233	0.737	-0.770	-1.998	0.969	1.858	0.246	-1.077	-1.484
TARBP2_MDA-LM2_POSTAR_CIMS TARBP2_MDA-LM2_POSTAR_CIMS	0.390	0.760	1.568	0.558	-0.750	-2.658	0.257	-0.750	0.390	-1.965	1.558
NOP56_HEK293_Plass NOP56_HEK293_Plass	-1.391	-0.489	-0.325	1.054	0.596	-2.583	-0.489	2.367	1.054	0.420	-1.011
TTP_HEK293_Plass TTP_HEK293_Plass	-0.783	1.275	1.053	1.053	0.523	-2.034	1.053	0.392	-0.594	-3.093	-0.324
