GO	[-4.27 -0.40]	[-0.40 -0.18]	[-0.18 -0.10]	[-0.10 -0.03]	[-0.03 0.00]	[0.00 0.04]	[0.04 0.09]	[0.09 0.16]	[0.16 0.26]	[0.26 0.50]	[0.50 4.24]
GNF2_HPX GNF2_HPX	5.132	-0.515	-1.504	-5.670	0.789	0.987	-2.932	-2.365	-1.180	-0.265	6.111
MORF_MAP2K7 MORF_MAP2K7	5.410	-0.286	-3.249	-2.737	2.195	1.923	-3.249	-4.531	-1.288	0.317	3.116
MORF_LCAT MORF_LCAT	7.894	-0.353	-2.865	-2.304	0.492	0.362	-3.553	-1.137	-1.455	0.492	3.512
GNF2_DNM1 GNF2_DNM1	4.676	0.288	-1.527	-3.087	0.644	-1.070	-1.070	-1.070	-0.735	0.288	3.598
GNF2_KISS1 GNF2_KISS1	0.547	-0.785	-2.039	-2.039	2.428	0.817	-0.785	-2.039	-0.473	0.334	3.521
GNF2_MYL2 GNF2_MYL2	0.795	-0.363	-1.329	-1.329	0.795	0.480	-1.329	-0.703	-0.703	-0.703	5.773
GNF2_CDH3 GNF2_CDH3	0.346	-1.121	-1.121	-1.121	-0.551	1.508	-0.551	-1.121	-0.551	1.508	3.384
GNF2_CDH11 GNF2_CDH11	2.929	-0.492	-1.038	-0.492	-0.222	-1.038	-0.492	-0.492	-0.492	0.398	2.258
GNF2_CD7 GNF2_CD7	1.283	-0.266	-0.501	-0.895	1.283	-0.895	-1.579	-0.895	-0.266	0.339	2.234
