GO	[-6.49 -0.55]	[-0.55 -0.25]	[-0.25 -0.13]	[-0.13 -0.04]	[-0.04 0.00]	[0.00 0.01]	[0.01 0.10]	[0.10 0.23]	[0.23 0.47]	[0.47 0.97]	[0.97 8.92]
SETBP1_TARGET_GENES SETBP1_TARGET_GENES	-2.358	-0.276	5.110	4.697	-0.647	-3.387	3.207	0.707	-1.300	-1.950	-5.784
TMTCGCGANR_UNKNOWN TMTCGCGANR_UNKNOWN	-1.707	0.428	1.511	4.851	0.428	-2.541	4.851	0.878	-2.090	-5.379	-3.707
YBX3_TARGET_GENES YBX3_TARGET_GENES	-2.657	3.474	6.381	1.905	-0.939	-2.196	-0.736	1.646	-1.181	-1.803	-3.843
SGCGSSAAA_E2F1DP2_01 SGCGSSAAA_E2F1DP2_01	-2.686	2.753	4.981	3.791	-1.827	-1.489	-0.581	0.631	-0.581	-1.489	-3.238
GKCGCNNNNNNNTGAYG_UNKNOWN GKCGCNNNNNNNTGAYG_UNKNOWN	-1.641	-0.452	2.609	5.434	0.756	-1.641	1.040	-0.714	-0.714	-2.487	-2.492
GGAANCGGAANY_UNKNOWN GGAANCGGAANY_UNKNOWN	-0.848	-0.437	1.003	0.784	0.594	-4.400	4.660	2.159	-0.617	-2.568	-2.575
KRCTCNNNNMANAGC_UNKNOWN KRCTCNNNNMANAGC_UNKNOWN	0.939	6.409	0.939	0.288	-1.181	-0.786	-1.747	-1.181	-2.612	-0.786	0.673
HOXD11_TARGET_GENES HOXD11_TARGET_GENES	-2.540	1.502	2.413	1.246	-0.943	-1.583	1.015	0.342	1.246	-1.231	-3.200
SATB1_TARGET_GENES SATB1_TARGET_GENES	-0.750	0.301	4.332	1.577	-1.583	-3.027	1.577	-0.418	0.415	-0.418	-2.463
ATCATGA_MIR433 ATCATGA_MIR433	-0.493	-0.685	0.906	1.396	0.261	-1.237	4.380	0.261	0.261	-0.929	-4.575
YNTTTNNNANGCARM_UNKNOWN YNTTTNNNANGCARM_UNKNOWN	1.638	-2.903	-0.960	-1.998	2.014	0.519	-0.421	-1.998	-0.263	0.519	2.008
CSHL1_TARGET_GENES CSHL1_TARGET_GENES	-0.379	0.814	0.814	2.345	-1.792	-3.003	1.166	2.345	-0.285	-2.544	-1.229
HOXA7_TARGET_GENES HOXA7_TARGET_GENES	-2.297	-0.336	1.509	1.509	0.269	-2.297	2.925	1.226	-0.490	-1.738	-1.307
MIR5589_3P MIR5589_3P	-0.441	-3.867	-0.581	2.753	0.493	-1.489	1.164	0.631	0.789	1.164	-2.695
MIR522_3P MIR522_3P	-1.529	-1.853	1.222	0.326	0.850	-4.420	2.465	0.850	0.692	0.692	-1.255
CCGNMNNTNACG_UNKNOWN CCGNMNNTNACG_UNKNOWN	-1.117	0.599	1.088	2.098	-1.117	-1.580	4.443	-0.523	-0.523	-1.580	-1.121
MIR520F_3P MIR520F_3P	-1.487	-0.285	0.982	1.368	-0.494	-4.842	0.982	0.814	2.629	-0.799	-1.229
MIR199B_5P MIR199B_5P	-1.192	-2.152	-0.457	2.006	-0.595	-2.152	3.204	1.749	0.353	0.463	-1.198
MYC_Q2 MYC_Q2	-0.431	-0.714	1.745	1.096	0.607	-1.996	3.164	-2.831	-1.366	0.480	-0.434
MIR6881_3P MIR6881_3P	-0.262	-1.806	-0.354	1.067	-0.607	-3.102	2.841	1.267	-0.607	1.485	-1.217
MIR1207_3P MIR1207_3P	-1.042	0.408	0.903	-0.311	-0.795	-2.701	4.959	0.408	-0.311	0.408	-1.350
MIR6828_3P MIR6828_3P	-0.737	-0.991	0.839	-0.380	1.305	-4.692	-0.737	0.646	1.578	0.344	0.643
KDM1B_TARGET_GENES KDM1B_TARGET_GENES	-0.904	-0.904	0.501	1.853	-1.186	-0.904	4.505	0.662	-0.354	-0.677	-1.538
NR1D1_TARGET_GENES NR1D1_TARGET_GENES	-0.659	0.427	2.632	1.025	0.427	-2.956	0.794	0.594	0.290	-1.679	-1.684
SRSF7_TARGET_GENES SRSF7_TARGET_GENES	-1.006	1.743	0.708	1.166	-2.364	-1.006	0.922	0.249	1.440	-0.521	-2.371
MIR3144_3P MIR3144_3P	1.642	-0.489	0.702	1.642	1.285	-2.570	-0.762	-0.762	-1.712	0.478	-0.491
CRGAARNNNNCGA_UNKNOWN CRGAARNNNNCGA_UNKNOWN	-0.702	-1.157	0.920	0.920	0.389	-1.157	2.642	0.389	0.625	-1.157	-1.910
MIR548AO_5P_MIR548AX MIR548AO_5P_MIR548AX	-1.341	0.413	0.310	1.925	1.216	-2.892	0.677	1.925	-0.521	-0.675	-1.652
MIR12127 MIR12127	0.265	-3.152	-0.340	-0.523	0.265	-1.580	1.726	2.504	-0.523	0.265	0.596
MIR6761_5P MIR6761_5P	0.322	0.796	1.247	-0.773	-0.773	-4.775	-0.405	1.008	0.796	0.611	-0.407
ZMYND11_TARGET_GENES ZMYND11_TARGET_GENES	-1.408	2.573	0.716	0.716	-0.764	-1.408	1.513	-0.764	-0.407	-0.407	-0.408
MIR337_3P MIR337_3P	-1.482	-0.332	0.388	3.343	-0.332	-1.142	0.530	0.530	1.359	-0.644	-2.420
CHAMP1_TARGET_GENES CHAMP1_TARGET_GENES	-2.196	-0.568	0.506	0.806	-0.430	-1.467	0.806	4.224	-0.939	-0.430	0.282
MIR1256 MIR1256	-0.301	-1.038	-1.038	0.907	-0.301	-1.486	1.508	0.463	-0.471	3.142	-1.490
SRF_01 SRF_01	-0.431	-0.242	-1.191	-0.728	0.598	-1.948	-0.728	1.226	-0.431	3.105	0.595
MIR12126 MIR12126	-0.828	-0.828	-1.491	-0.453	0.381	-0.453	4.317	0.381	-0.453	-0.453	0.982
MIR323B_3P MIR323B_3P	-0.315	-0.507	-0.507	-2.612	1.984	0.288	-0.315	1.594	0.676	-1.747	0.457
MIR5690 MIR5690	-0.405	-2.256	-0.405	-0.281	0.611	-1.358	2.824	1.803	-0.566	0.611	-1.038
GTF3A_TARGET_GENES GTF3A_TARGET_GENES	2.371	-0.538	-0.538	0.968	-0.538	-0.538	0.968	-0.538	-0.538	0.477	-0.539
ZNF16_TARGET_GENES ZNF16_TARGET_GENES	-0.323	1.193	0.281	-0.650	-2.039	-2.636	-0.650	1.754	0.560	0.406	1.187
MIR4696 MIR4696	-0.506	-1.768	1.195	0.385	-0.984	-2.331	1.474	1.474	0.729	-0.506	0.257
