GO	[-25.09 -0.69]	[-0.69 -0.28]	[-0.28 -0.11]	[-0.11 -0.01]	[-0.01 0.00]	[0.00 0.00]	[0.00 0.04]	[0.04 0.15]	[0.15 0.32]	[0.32 0.67]	[0.67 7.04]
TMTCGCGANR_UNKNOWN TMTCGCGANR_UNKNOWN	-4.699	-0.782	1.117	9.163	-2.741	-6.894	-0.463	7.100	2.666	-3.287	-3.921
ZBED4_TARGET_GENES ZBED4_TARGET_GENES	-2.859	0.547	2.224	2.224	-7.060	-7.060	-1.973	5.455	3.857	-0.509	-1.314
SETBP1_TARGET_GENES SETBP1_TARGET_GENES	-2.355	-0.318	1.767	6.723	-6.393	-7.686	-0.318	2.875	2.288	-0.421	-2.790
MIR6768_5P MIR6768_5P	-1.903	0.278	2.178	1.684	-5.010	-8.186	-3.143	4.769	2.178	0.278	0.600
MXD1_TARGET_GENES MXD1_TARGET_GENES	-2.972	0.347	2.127	3.428	-2.451	-6.477	-0.482	7.871	-0.358	-0.358	-2.964
SREBP1_01 SREBP1_01	-3.543	-0.717	4.412	2.672	-1.712	-5.959	-1.135	5.644	1.829	-0.908	-2.484
SGCGSSAAA_E2F1DP2_01 SGCGSSAAA_E2F1DP2_01	-1.598	-0.828	3.905	3.542	-3.382	-7.019	-1.598	4.679	1.480	-0.497	-1.592
ZBTB5_TARGET_GENES ZBTB5_TARGET_GENES	-1.570	0.309	0.661	4.773	-4.483	-6.274	-0.659	7.396	0.986	-0.659	-1.891
MIR217_5P MIR217_5P	-0.335	-0.441	2.800	1.482	-4.658	-7.769	-2.855	2.800	4.141	-0.571	-0.568
MIR4255 MIR4255	-1.666	-0.301	0.818	5.767	-2.918	-5.881	-1.666	5.767	0.994	0.301	-2.429
GGAANCGGAANY_UNKNOWN GGAANCGGAANY_UNKNOWN	-2.099	-0.493	0.904	3.914	-3.482	-4.563	-0.493	5.343	2.687	-2.099	-1.615
MIR302A_5P MIR302A_5P	-0.798	0.415	0.663	6.276	-4.130	-7.978	-1.221	3.563	0.812	-0.798	-0.377
MIR552_5P MIR552_5P	-4.031	0.446	0.567	4.046	-2.460	-7.852	-0.352	4.414	-0.462	0.706	0.345
MIR1825 MIR1825	1.004	-0.721	1.670	4.261	-5.489	-6.727	-1.777	2.823	-0.419	0.395	-0.417
MIR5197_5P MIR5197_5P	-3.279	1.557	2.608	2.320	-3.279	-7.644	-0.536	1.337	2.320	-0.411	-1.072
MCM3_TARGET_GENES MCM3_TARGET_GENES	-2.042	-1.148	1.458	3.072	-2.434	-6.511	-0.452	5.660	2.191	-0.452	-1.694
ATGAAGG_MIR205 ATGAAGG_MIR205	-1.066	0.739	1.326	3.748	-5.294	-6.519	-1.066	4.132	-0.268	-0.368	-0.365
GTCTTCC_MIR7 GTCTTCC_MIR7	-2.829	1.054	1.480	3.195	-1.948	-7.019	-0.647	3.542	1.721	-1.299	-1.294
ETF_Q6 ETF_Q6	-1.431	0.936	1.416	4.759	-0.828	-4.896	-1.097	5.239	-0.828	-2.979	-1.093
GTF3A_TARGET_GENES GTF3A_TARGET_GENES	-1.611	-1.143	-1.611	-0.354	10.253	2.044	2.044	-2.252	-1.143	-1.611	-1.607
MIR3064_3P MIR3064_3P	-1.510	0.268	0.770	2.397	-1.850	-6.852	-2.247	3.729	3.729	-1.219	0.270
MIR199A_3P_MIR199B_3P MIR199A_3P_MIR199B_3P	-0.621	-1.295	3.119	2.781	-3.557	-6.436	-1.984	2.462	0.357	1.618	-0.467
GCGNNANTTCC_UNKNOWN GCGNNANTTCC_UNKNOWN	-3.224	-0.388	2.710	3.872	-3.224	-5.187	-0.388	2.710	0.610	-0.388	-0.723
MIR4649_3P MIR4649_3P	-0.933	1.813	1.172	1.369	-3.260	-7.025	-1.672	5.743	0.432	-0.597	-0.357
NR1D1_TARGET_GENES NR1D1_TARGET_GENES	-1.898	2.240	3.334	1.356	-3.863	-2.411	-1.481	4.172	0.388	-0.866	-2.405
MIR6071 MIR6071	-0.607	0.451	1.263	6.275	-0.775	-7.394	-2.602	0.344	1.969	-0.468	-0.970
ATF_B ATF_B	0.677	-0.370	-0.278	1.845	-0.784	-7.936	-5.625	1.387	1.845	0.677	0.833
MIR3679_3P MIR3679_3P	-1.850	-0.973	1.586	4.105	-1.510	-5.606	-1.219	3.029	0.945	-1.510	0.950
IRX2_TARGET_GENES IRX2_TARGET_GENES	-0.692	-1.123	0.417	3.245	-3.097	-5.411	0.858	2.905	2.905	-1.123	-1.118
ZNF667_TARGET_GENES ZNF667_TARGET_GENES	-1.450	0.433	0.724	3.082	-3.322	-4.044	0.433	3.082	2.417	-0.903	-2.718
MIR520E_5P MIR520E_5P	-0.751	-0.441	1.378	0.964	-2.221	-6.811	-0.581	4.551	2.142	0.276	-1.482
TNCATNTCCYR_UNKNOWN TNCATNTCCYR_UNKNOWN	-2.893	0.611	1.696	1.982	-1.166	-5.603	-0.512	4.131	0.782	-0.686	-1.161
MIR34B_3P MIR34B_3P	-1.260	-0.949	1.108	3.852	-3.520	-4.605	-0.702	2.639	1.362	-0.357	-0.355
ZMYM2_TARGET_GENES ZMYM2_TARGET_GENES	-1.275	-0.282	1.191	3.815	-5.229	-2.602	-0.282	2.006	1.439	-2.070	-0.280
MIR4478 MIR4478	-3.309	0.931	2.019	1.314	-0.700	-7.686	-0.881	2.288	0.491	-0.318	0.494
MIR1249_5P MIR1249_5P	-0.447	0.858	2.963	2.118	-0.903	-8.270	-2.313	0.350	-0.573	0.571	0.863
MIR6509_3P MIR6509_3P	-1.924	0.320	2.533	2.533	0.320	-5.686	-2.393	0.439	2.533	-0.283	-1.203
MIR3925_5P MIR3925_5P	0.388	-0.974	0.827	1.015	-2.848	-6.311	-0.580	4.004	1.977	-0.974	0.390
CAGNWMCNNNGAC_UNKNOWN CAGNWMCNNNGAC_UNKNOWN	0.576	1.297	-0.730	0.782	2.710	-3.608	-2.619	-0.730	-2.619	-0.730	3.602
MIR4645_5P MIR4645_5P	0.272	-0.644	2.582	0.891	-0.332	-4.979	-3.049	2.947	1.921	-1.481	-0.862
HEN1_02 HEN1_02	-1.371	-0.457	1.192	4.251	-0.585	-6.986	-2.338	1.392	0.341	-0.264	1.198
MIR3663_3P MIR3663_3P	-1.360	0.795	2.258	1.197	-3.189	-4.788	-2.603	2.575	0.795	0.627	0.259
MIR6887_5P MIR6887_5P	-1.187	0.763	2.919	1.665	-1.187	-5.645	-3.613	0.763	0.954	0.763	-0.382
MIR374A_3P MIR374A_3P	-0.686	-0.512	-0.265	3.334	-1.870	-3.578	-1.485	5.004	1.982	-0.512	-1.480
MIR8087 MIR8087	-2.005	-0.580	1.073	2.742	-1.273	-5.811	-0.429	3.093	1.297	-0.767	-0.309
TAAWWATAG_RSRFC4_Q2 TAAWWATAG_RSRFC4_Q2	-0.860	2.190	0.412	-0.293	-0.395	-7.102	-2.888	0.534	0.309	1.212	2.489
HDAC8_TARGET_GENES HDAC8_TARGET_GENES	-1.367	-0.321	2.166	1.863	-4.247	-4.247	0.880	1.325	1.325	0.282	-1.362
ZNF677_TARGET_GENES ZNF677_TARGET_GENES	-1.103	-0.341	4.747	2.747	-0.848	-4.324	-0.473	-0.473	1.521	-0.341	-2.238
MIR877_3P MIR877_3P	-0.437	0.463	-0.334	2.148	-1.609	-6.906	-1.333	2.148	1.895	1.045	-0.883
MIR583 MIR583	-1.781	1.286	1.999	0.590	-0.760	-7.352	-0.457	2.272	0.736	0.261	-0.756
MIR8060 MIR8060	-1.432	1.628	3.050	0.648	-0.270	-4.272	-2.464	1.628	0.335	0.476	-1.881
MIR141_5P MIR141_5P	-1.708	0.412	0.771	-0.324	-1.277	-4.023	-0.476	2.575	4.326	-1.708	0.414
MIR3611 MIR3611	0.283	0.659	-0.319	4.004	-1.233	-6.311	-1.541	1.455	1.015	-0.758	0.285
MSX1_01 MSX1_01	-0.925	-0.327	1.125	-0.925	1.332	-7.269	-1.735	1.125	2.340	0.372	0.621
MIR487B_5P MIR487B_5P	-0.868	0.290	5.068	1.490	-0.868	-4.439	-1.539	0.976	0.976	-0.868	-0.865
MIR17_3P MIR17_3P	-0.920	-0.702	2.919	1.405	0.763	-5.645	-2.363	1.665	-0.274	0.595	-0.699
MIR10398_5P MIR10398_5P	0.381	-0.559	1.024	0.558	-2.288	-3.234	-2.288	1.637	4.266	-0.819	0.244
ZNF704_TARGET_GENES ZNF704_TARGET_GENES	-2.694	-0.834	2.288	1.501	-1.818	-2.694	0.876	1.501	1.168	-0.344	-1.237
MIR4650_3P MIR4650_3P	-0.552	-0.552	2.174	0.565	-0.958	-5.728	-0.552	3.187	1.603	-0.552	-0.953
MIR1913 MIR1913	-0.833	-0.477	1.430	2.912	-1.360	-5.978	-1.072	0.795	1.197	0.627	-0.347
BCL6B_TARGET_GENES BCL6B_TARGET_GENES	-0.620	0.587	1.096	2.946	-1.259	-4.736	-0.474	0.907	2.043	-0.356	-2.762
MIR4693_5P MIR4693_5P	-1.593	0.270	2.736	0.928	-2.069	-4.522	-0.667	1.714	1.425	-0.334	-0.332
MIR7113_5P MIR7113_5P	-0.301	1.767	-0.553	1.058	-1.855	-6.227	-1.495	0.691	0.691	0.864	1.279
THRA_TARGET_GENES THRA_TARGET_GENES	-0.334	-0.334	2.736	0.721	-3.444	-2.669	-2.069	3.127	-0.334	-0.334	0.724
MIR548B_3P MIR548B_3P	-1.947	-0.424	1.557	3.785	-0.829	-4.355	-0.829	0.804	0.804	0.611	-0.825
ZNF165_TARGET_GENES ZNF165_TARGET_GENES	-1.225	0.520	0.353	3.133	-1.225	-3.317	-1.706	2.280	0.724	-0.864	0.522
MIR4639_3P MIR4639_3P	-0.688	-2.985	1.223	0.936	-1.454	-2.985	-0.688	1.548	0.688	1.548	0.483
MIR5004_3P MIR5004_3P	-0.499	0.477	3.385	1.218	-0.362	-5.562	-0.671	0.998	0.477	-0.499	-1.456
MIR4786_5P MIR4786_5P	0.337	0.488	1.138	0.337	0.337	-3.815	-0.268	1.730	1.419	-0.833	-3.809
MIR760 MIR760	-0.595	1.613	0.901	0.901	-0.795	-5.353	-1.711	1.352	1.352	-0.795	0.293
MIR6890_3P MIR6890_3P	-1.126	-0.571	2.494	-0.390	-2.063	-3.774	-0.390	0.914	1.168	-0.390	2.124
MIR4765 MIR4765	0.455	0.691	4.292	0.980	-2.196	-0.892	-1.396	-0.332	-2.196	0.272	0.273
GATGKMRGCG_UNKNOWN GATGKMRGCG_UNKNOWN	-1.271	0.250	1.131	1.458	-0.566	-2.736	-0.566	0.846	3.662	-1.271	-1.267
ZNF532_TARGET_GENES ZNF532_TARGET_GENES	-0.810	-0.527	1.928	1.546	-1.211	-2.653	-0.810	1.928	1.546	-0.329	-1.779
MIR6750_3P MIR6750_3P	-0.421	0.737	2.011	0.997	-2.902	-2.902	-1.393	0.997	-0.263	-0.263	0.740
MIR555 MIR555	-0.411	-0.702	3.192	0.920	-0.411	-1.906	-1.906	2.133	0.389	-0.411	-1.155
ZNF585B_TARGET_GENES ZNF585B_TARGET_GENES	-0.566	1.969	1.678	1.409	-2.099	-3.295	-0.412	0.432	1.409	-1.002	-0.998
MIR4653_3P MIR4653_3P	-0.578	0.944	0.258	1.652	-0.578	-2.238	-0.920	4.188	-0.578	-0.348	-1.428
CGGAARNGGCNG_UNKNOWN CGGAARNGGCNG_UNKNOWN	-2.321	0.612	0.397	1.551	-0.977	-2.321	0.877	2.404	0.233	-0.622	-0.620
MIR1266_3P MIR1266_3P	0.245	1.600	1.231	0.416	-1.466	-2.279	-0.948	1.600	1.231	-1.466	-0.946
GTTGNYNNRGNAAC_UNKNOWN GTTGNYNNRGNAAC_UNKNOWN	0.543	2.029	-0.479	0.270	-0.667	-4.522	-2.069	0.392	0.721	0.928	0.724
RYCACNNRNNRNCAG_UNKNOWN RYCACNNRNNRNCAG_UNKNOWN	-0.775	-0.775	0.598	1.387	-0.523	-3.151	-2.215	0.598	0.598	0.598	2.100
MIR3654 MIR3654	-0.702	0.389	0.625	0.389	-0.702	-1.906	-1.157	3.192	0.920	0.625	-1.903
MIR4254 MIR4254	0.371	0.524	0.707	0.707	-1.006	-4.148	-1.797	2.069	0.920	-0.521	0.373
MIR320E MIR320E	-0.438	-0.667	0.499	2.805	-0.986	-2.943	-1.423	1.259	1.259	0.328	-0.436
MIR4518 MIR4518	-0.854	0.651	1.108	0.324	-0.854	-3.857	-0.854	2.027	1.691	-0.418	-0.416
MIR4329 MIR4329	-1.197	0.748	1.277	0.994	-1.674	-2.325	-1.674	1.948	0.538	-0.577	0.751
FOXD3_TARGET_GENES FOXD3_TARGET_GENES	-1.450	0.403	2.477	0.680	-1.450	-0.796	-1.450	1.030	-0.796	0.680	0.404
TBPL1_TARGET_GENES TBPL1_TARGET_GENES	0.659	-0.453	0.509	1.028	-2.059	-1.655	-0.453	2.657	1.486	-0.330	-2.536
MIR218_2_3P MIR218_2_3P	-0.256	0.571	-0.256	2.000	-0.755	-1.989	-0.256	3.013	-0.451	-1.225	-0.753
MIR4326 MIR4326	-1.363	0.831	1.081	0.435	0.289	-3.525	-0.981	0.435	1.683	-0.473	0.437
MIR10393_3P MIR10393_3P	-0.685	0.527	0.527	0.527	-0.493	-2.099	-0.929	-2.099	2.326	0.261	1.996
ZNF774_TARGET_GENES ZNF774_TARGET_GENES	-0.331	0.273	-0.331	-0.331	-0.331	-0.331	0.795	-0.331	3.562	-0.331	-0.331
