GO	[-50.28 -1.14]	[-1.14 -0.56]	[-0.56 -0.31]	[-0.31 0.00]	[0.00 0.00]	[0.00 0.00]	[0.00 0.00]	[0.00 0.34]	[0.34 0.82]	[0.82 1.85]	[1.85 26.18]
TMTCGCGANR_UNKNOWN TMTCGCGANR_UNKNOWN	-0.346	2.668	2.990	4.446	-6.892	-5.644	-6.892	6.158	0.260	-1.238	-3.295
SETBP1_TARGET_GENES SETBP1_TARGET_GENES	-0.317	5.843	1.533	3.877	-5.400	-7.684	-6.391	4.241	0.932	-1.968	-2.806
SGCGSSAAA_E2F1DP2_01 SGCGSSAAA_E2F1DP2_01	-0.647	5.962	0.435	4.683	-4.808	-7.017	-5.762	3.908	1.056	-1.597	-1.604
MCM3_TARGET_GENES MCM3_TARGET_GENES	-0.583	1.932	1.249	7.454	-3.997	-4.691	-5.512	3.400	1.687	-2.883	-2.048
SREBP1_01 SREBP1_01	0.285	0.382	2.990	6.088	-7.226	-4.204	-2.490	2.376	1.357	-0.907	-2.985
HOXD11_TARGET_GENES HOXD11_TARGET_GENES	0.924	2.458	0.924	4.279	-6.101	-4.007	-4.007	3.130	0.583	-0.884	-3.296
GGAANCGGAANY_UNKNOWN GGAANCGGAANY_UNKNOWN	-0.492	3.916	2.689	3.075	-2.702	-4.562	-4.562	1.394	0.527	-0.684	-3.488
GCGNNANTTCC_UNKNOWN GCGNNANTTCC_UNKNOWN	0.611	1.218	0.991	0.788	-4.054	-5.186	-5.186	5.222	2.367	-1.252	-0.965
MXD1_TARGET_GENES MXD1_TARGET_GENES	2.129	3.078	0.757	5.906	-3.589	-5.253	-4.333	0.600	-0.259	-1.046	-1.639
E2F_Q2 E2F_Q2	0.430	1.663	1.911	1.433	-7.476	-3.735	-3.156	2.757	2.458	-0.372	-2.665
ZBTB5_TARGET_GENES ZBTB5_TARGET_GENES	-0.834	2.390	0.527	5.179	-5.289	-5.289	-3.800	0.662	2.993	0.309	-0.839
HOXA7_TARGET_GENES HOXA7_TARGET_GENES	-0.417	6.429	0.983	1.218	-4.812	-4.812	-3.709	1.765	0.594	-0.417	-1.058
ZMYM2_TARGET_GENES ZMYM2_TARGET_GENES	-0.282	0.769	-0.551	2.007	-5.227	-4.092	-4.092	2.326	3.413	1.192	-0.985
HDAC8_TARGET_GENES HDAC8_TARGET_GENES	-1.737	3.596	1.091	4.880	-4.246	-1.737	-4.246	1.864	-0.321	-0.447	-1.066
GKCGCNNNNNNNTGAYG_UNKNOWN GKCGCNNNNNNNTGAYG_UNKNOWN	1.004	4.099	0.728	5.313	-2.528	-1.675	-2.528	-0.287	-1.121	-1.121	-2.532
ZNF595_TARGET_GENES ZNF595_TARGET_GENES	1.528	7.287	-0.770	0.737	-2.693	-1.475	-3.690	1.528	-0.537	0.246	-2.698
AACWWCAANK_UNKNOWN AACWWCAANK_UNKNOWN	0.760	5.197	0.339	1.150	-4.864	-3.971	-3.254	1.377	-0.266	-0.266	-0.268
ZNF532_TARGET_GENES ZNF532_TARGET_GENES	-0.810	3.831	1.206	4.990	-2.652	-1.782	-2.652	0.651	-1.210	-0.810	-0.812
NR1D1_TARGET_GENES NR1D1_TARGET_GENES	1.628	2.949	-0.644	0.388	-3.862	-3.862	-3.048	3.336	1.112	-0.865	-0.334
THRA_TARGET_GENES THRA_TARGET_GENES	-0.667	0.393	0.271	3.543	-4.521	-4.521	-2.068	0.722	1.163	1.715	0.391
YBX3_TARGET_GENES YBX3_TARGET_GENES	0.259	4.816	2.076	1.275	-2.237	-2.237	-2.237	0.664	-0.577	-0.577	-2.241
TGASTMAGC_NFE2_01 TGASTMAGC_NFE2_01	-0.671	0.387	0.387	0.927	-3.616	-5.773	-2.212	0.293	1.738	1.510	3.764
HEN1_01 HEN1_01	-0.456	-0.264	0.559	0.559	-3.229	-3.229	-3.772	2.634	-1.127	3.239	2.623
KDM1B_TARGET_GENES KDM1B_TARGET_GENES	-1.005	2.812	0.524	2.071	-1.796	-3.104	-2.362	0.921	0.372	2.428	-3.110
ZNF133_TARGET_GENES ZNF133_TARGET_GENES	-0.579	1.226	-0.319	3.257	-4.187	-3.454	-2.847	1.457	2.270	0.284	-0.321
ZNF165_TARGET_GENES ZNF165_TARGET_GENES	-0.397	-0.397	0.353	1.556	-3.316	-3.316	-3.316	1.556	1.902	0.725	0.721
ZNF746_TARGET_GENES ZNF746_TARGET_GENES	-0.354	-0.540	0.578	-0.354	-2.251	-3.191	-2.251	4.351	0.798	-0.796	2.867
RORA2_01 RORA2_01	0.347	-2.450	1.591	1.352	-1.633	-2.009	-2.450	0.757	5.015	0.347	-0.825
GATGKMRGCG_UNKNOWN GATGKMRGCG_UNKNOWN	-0.859	1.132	1.826	1.459	-1.853	-2.735	-2.735	1.459	1.459	-0.859	-0.567
ZNF677_TARGET_GENES ZNF677_TARGET_GENES	-0.639	1.272	0.505	1.272	-2.794	-2.243	-1.789	2.092	3.490	-0.639	-1.418
TAAWWATAG_RSRFC4_Q2 TAAWWATAG_RSRFC4_Q2	0.676	-0.394	0.676	-0.394	-2.887	-5.840	-0.394	0.413	0.535	1.015	3.102
CGGAARNGGCNG_UNKNOWN CGGAARNGGCNG_UNKNOWN	-0.622	0.612	0.233	4.597	-2.320	-2.320	-1.500	1.191	0.612	0.233	-0.624
GGGNNTTTCC_NFKB_Q6_01 GGGNNTTTCC_NFKB_Q6_01	-0.498	-0.256	-0.670	-0.256	-3.541	-1.460	-2.302	1.730	0.628	0.999	4.180
GTF3A_TARGET_GENES GTF3A_TARGET_GENES	-0.540	-1.143	0.254	-1.610	1.350	4.902	1.681	-1.143	-0.354	-2.251	-0.542
BCL6B_TARGET_GENES BCL6B_TARGET_GENES	0.346	1.306	1.306	1.097	-2.769	-1.553	-3.317	2.329	0.908	-0.355	-1.264
ZNF16_TARGET_GENES ZNF16_TARGET_GENES	0.265	-0.340	-0.774	1.087	-0.522	-3.150	-3.150	0.265	1.087	0.599	2.931
TERF2_TARGET_GENES TERF2_TARGET_GENES	-0.920	0.596	-0.525	0.596	-2.362	-1.508	-1.508	4.077	2.921	-0.274	-0.705
PPARA_TARGET_GENES PPARA_TARGET_GENES	0.818	0.582	1.097	1.776	-1.889	-2.776	-0.884	0.818	1.097	-1.889	-0.587
PTPRA_TARGET_GENES PTPRA_TARGET_GENES	0.579	1.971	0.433	2.981	-1.658	-2.098	-2.098	-0.760	1.411	-0.411	-0.763
YRTCANNRCGC_UNKNOWN YRTCANNRCGC_UNKNOWN	-0.526	0.440	3.302	2.349	-2.652	-0.526	-1.782	0.275	-0.526	-0.329	-0.331
SRF_01 SRF_01	-0.285	-1.292	-0.492	-0.492	-1.292	-0.492	-2.071	1.096	2.847	-0.285	2.334
LHX3_TARGET_GENES LHX3_TARGET_GENES	-1.532	1.789	-0.476	0.614	-1.532	-1.532	-0.860	0.940	0.614	1.789	-0.478
ZNF585B_TARGET_GENES ZNF585B_TARGET_GENES	0.946	0.579	-0.291	1.679	-1.001	-3.293	-2.098	1.411	0.946	-0.411	-0.414
ZNF510_TARGET_GENES ZNF510_TARGET_GENES	0.501	1.535	1.997	0.285	-0.318	-0.990	-1.698	0.784	-0.573	-0.318	-1.701
SIX4_TARGET_GENES SIX4_TARGET_GENES	-0.990	0.285	0.784	0.501	-1.698	-0.990	-1.698	0.285	0.784	1.997	0.500
TRIP13_TARGET_GENES TRIP13_TARGET_GENES	0.594	1.025	1.900	1.025	-2.228	-0.312	-1.678	0.594	0.290	-0.917	-0.921
