GO	[-25.09 -0.59]	[-0.59 -0.26]	[-0.26 -0.13]	[-0.13 -0.04]	[-0.04 0.00]	[0.00 0.02]	[0.02 0.10]	[0.10 0.19]	[0.19 0.34]	[0.34 0.68]	[0.68 7.04]
TMTCGCGANR_UNKNOWN TMTCGCGANR_UNKNOWN	-3.697	-0.518	0.558	2.322	1.511	-1.707	4.438	0.708	0.558	-3.070	-3.707
SREBP1_01 SREBP1_01	-4.005	-0.634	2.916	2.299	-1.926	-1.280	2.599	1.284	1.078	-1.027	-4.015
YBX3_TARGET_GENES YBX3_TARGET_GENES	-3.196	0.646	0.806	1.407	-0.736	-1.803	2.792	1.905	0.986	-0.939	-5.548
ZNF354B_TARGET_GENES ZNF354B_TARGET_GENES	-3.132	0.868	1.460	1.244	-0.363	-3.710	4.176	1.047	0.335	-1.230	-3.142
SETBP1_TARGET_GENES SETBP1_TARGET_GENES	-3.387	-0.375	0.707	2.875	-0.375	-1.950	1.986	2.265	0.435	-0.647	-4.050
EMX1_TARGET_GENES EMX1_TARGET_GENES	-2.266	0.737	0.737	1.930	-0.698	-2.678	4.413	1.690	-1.316	-0.550	-2.688
NRSF_01 NRSF_01	3.214	-0.279	-1.176	0.325	0.325	1.387	-1.591	-3.859	-2.130	-0.418	2.784
HOXD11_TARGET_GENES HOXD11_TARGET_GENES	-2.014	1.015	0.473	1.502	-2.540	-2.014	3.942	0.628	0.809	-0.523	-2.548
TCATCTC_MIR143 TCATCTC_MIR143	-0.515	1.353	2.155	1.128	0.743	-6.109	0.445	0.445	-1.428	-0.515	-0.890
NR1D1_TARGET_GENES NR1D1_TARGET_GENES	-1.251	2.253	1.580	1.288	-1.679	-1.251	1.288	1.288	-0.918	-0.918	-2.963
CREB3L2_TARGET_GENES CREB3L2_TARGET_GENES	-3.262	-0.399	0.769	3.035	0.595	-2.604	0.769	0.769	0.969	-0.399	-2.612
ZNF667_TARGET_GENES ZNF667_TARGET_GENES	-0.982	-0.551	-0.282	2.330	-0.551	-1.635	3.826	0.969	0.769	-1.276	-3.271
SNRNP70_TARGET_GENES SNRNP70_TARGET_GENES	-2.728	0.569	1.571	1.835	0.726	-3.326	0.726	0.905	0.569	-0.903	-2.235
CCGNMNNTNACG_UNKNOWN CCGNMNNTNACG_UNKNOWN	-1.580	-0.775	0.413	1.389	0.599	-1.580	5.002	-0.340	0.413	-0.775	-2.221
RUVBL1_TARGET_GENES RUVBL1_TARGET_GENES	-1.383	-0.258	0.778	2.542	-0.360	-1.731	0.966	3.230	-0.652	-1.093	-2.645
GKCGCNNNNNNNTGAYG_UNKNOWN GKCGCNNNNNNNTGAYG_UNKNOWN	-2.487	0.756	1.368	1.040	-0.452	-0.714	1.368	0.756	0.520	-1.641	-2.492
MLXIP_TARGET_GENES MLXIP_TARGET_GENES	-1.173	-0.746	1.777	2.313	-0.746	-1.760	2.037	0.363	0.605	0.269	-3.623
GGAANCGGAANY_UNKNOWN GGAANCGGAANY_UNKNOWN	-1.978	-0.301	0.433	1.251	0.433	-1.978	1.526	2.159	1.003	-1.978	-1.984
CAGNWMCNNNGAC_UNKNOWN CAGNWMCNNNGAC_UNKNOWN	1.441	0.884	-0.934	0.314	-0.289	0.658	-1.307	-1.803	-2.473	-0.652	3.875
ATGAAGG_MIR205 ATGAAGG_MIR205	0.259	0.357	0.615	2.168	-1.612	-3.561	3.862	-0.470	-0.806	-0.621	-0.350
SNACANNNYSYAGA_UNKNOWN SNACANNNYSYAGA_UNKNOWN	-2.064	-0.571	1.774	-0.257	-0.390	-2.064	1.774	2.499	-0.257	0.350	-2.070
ZSCAN5C_TARGET_GENES ZSCAN5C_TARGET_GENES	-0.904	1.565	0.254	-1.186	-1.532	-2.477	3.639	0.850	0.850	0.365	-1.191
HOXC13_TARGET_GENES HOXC13_TARGET_GENES	-3.409	-0.888	0.953	0.742	0.281	-2.039	2.793	0.560	0.953	0.281	-1.194
FOXQ1_TARGET_GENES FOXQ1_TARGET_GENES	-0.828	-0.234	0.381	0.381	-1.491	-0.828	1.390	4.317	-0.828	-0.234	-1.494
CRGAARNNNNCGA_UNKNOWN CRGAARNNNNCGA_UNKNOWN	-0.702	0.389	0.625	-0.411	-1.906	-0.411	0.920	3.196	0.920	-1.906	-1.160
ETF_Q6 ETF_Q6	-0.810	0.961	0.426	3.508	-0.597	-0.810	1.192	1.192	-1.407	-2.319	-1.412
MIR4255 MIR4255	-0.974	-0.337	0.481	2.713	-0.452	-2.250	1.591	1.843	-0.767	0.268	-2.724
ZBTB1_TARGET_GENES ZBTB1_TARGET_GENES	-0.896	-1.650	1.320	1.945	-1.226	-1.226	1.617	0.301	1.945	-0.641	-1.655
MIR141_5P MIR141_5P	-1.201	1.081	-0.623	-1.201	-0.623	-1.621	1.353	1.655	2.349	-2.163	0.454
SUPT16H_TARGET_GENES SUPT16H_TARGET_GENES	-2.331	0.336	1.284	-0.268	-1.027	-2.803	2.299	1.078	1.078	0.446	-1.286
ARHGAP35_TARGET_GENES ARHGAP35_TARGET_GENES	-2.807	-0.404	0.337	2.848	0.337	-2.097	1.421	0.488	0.337	0.488	-1.567
MIR630 MIR630	-2.326	0.749	-0.382	0.539	-0.577	-3.277	2.337	1.279	-0.244	-0.244	-0.245
SOX3_TARGET_GENES SOX3_TARGET_GENES	-1.998	0.737	1.530	3.467	-0.538	-1.476	-0.538	0.540	0.246	0.246	-2.004
AAGGGAT_MIR188 AAGGGAT_MIR188	-2.070	-0.288	-0.288	0.689	0.481	-2.070	4.241	0.689	-1.012	-0.688	0.313
ZNF677_TARGET_GENES ZNF677_TARGET_GENES	-0.750	-0.566	2.794	2.458	-0.418	-2.455	-0.301	-0.301	1.099	-0.418	-1.986
SATB1_TARGET_GENES SATB1_TARGET_GENES	-1.979	0.301	-0.750	1.327	0.415	-1.979	1.577	1.849	-1.252	1.327	-1.257
CTACTGT_MIR199A CTACTGT_MIR199A	0.261	0.738	-0.595	1.749	-0.345	-2.578	0.738	3.546	-0.958	-1.192	-1.198
MIR1825 MIR1825	1.354	-0.822	0.936	1.354	-0.635	-3.595	0.936	0.758	-2.454	0.463	-0.360
MIR520F_5P MIR520F_5P	-0.325	-0.325	-0.550	2.747	-1.316	-3.686	1.258	-0.550	1.690	0.474	-0.703
MIR199A_3P_MIR199B_3P MIR199A_3P_MIR199B_3P	-0.435	-1.543	1.459	2.275	-1.543	-2.340	0.514	0.660	-0.974	1.711	-0.438
MSX1_TARGET_GENES MSX1_TARGET_GENES	-0.582	-0.746	1.313	2.037	-0.336	-2.550	2.037	0.754	0.363	-2.126	-0.947
SIPA1_TARGET_GENES SIPA1_TARGET_GENES	-1.285	0.496	-0.719	0.665	-1.285	-1.676	1.915	0.861	1.915	0.665	-2.169
MIR22_3P MIR22_3P	-0.702	-0.702	0.330	0.452	-0.702	-3.617	1.952	2.928	0.330	0.452	-0.925
MIR5197_5P MIR5197_5P	-2.775	1.341	1.562	0.635	-0.411	-2.332	1.341	-0.309	1.137	-0.536	-1.333
MIR4473 MIR4473	-0.313	1.368	0.290	0.290	-0.981	-0.473	2.037	2.037	-2.547	-1.868	-0.475
MIR5088_5P MIR5088_5P	1.789	-0.860	-0.250	0.359	-1.533	-1.533	0.940	0.940	-1.533	0.940	-0.251
MIR4762_5P MIR4762_5P	-0.339	-1.681	2.623	2.001	-0.465	-1.054	0.266	0.370	0.496	0.496	-3.168
MIR5571_5P MIR5571_5P	-2.038	0.741	1.823	0.338	-0.493	-2.038	0.338	1.329	1.329	0.338	-2.491
STTTCRNTTT_IRF_Q6 STTTCRNTTT_IRF_Q6	-0.620	1.460	0.707	1.244	-2.203	-0.790	-2.203	-0.790	-0.790	1.460	1.685
MIR3129_5P MIR3129_5P	-0.424	-1.519	1.486	2.016	-1.519	-2.312	0.527	0.676	-0.956	1.741	-0.427
KAT2A_TARGET_GENES KAT2A_TARGET_GENES	-1.363	-0.690	2.037	3.740	-0.313	-0.981	0.290	0.832	-0.690	-0.690	-1.368
MIR6807_3P MIR6807_3P	0.893	-0.566	1.849	-0.977	-0.418	-3.725	-0.418	2.143	0.893	-0.418	-0.755
MIR217_5P MIR217_5P	0.800	-0.673	1.828	-0.673	-0.851	-3.841	0.800	1.828	0.800	-0.673	-0.677
MIR7152_3P MIR7152_3P	-0.588	-0.833	0.673	0.890	-0.833	-0.404	1.140	4.210	-0.833	-1.151	-1.567
TOX4_TARGET_GENES TOX4_TARGET_GENES	-0.334	0.594	-0.334	0.737	-0.728	-2.411	1.273	1.273	1.487	-0.334	-3.387
MIR1_5P MIR1_5P	0.278	1.333	0.807	0.278	-1.900	-1.900	1.646	0.807	0.807	-1.391	-1.396
MIR302F MIR302F	-0.462	-0.263	4.432	0.343	-1.725	0.447	0.707	0.707	-0.462	-2.069	-1.174
MAPK3_TARGET_GENES MAPK3_TARGET_GENES	-3.360	-0.887	1.517	0.502	0.702	-1.252	-0.614	1.210	0.339	0.938	-0.414
MIR6800_5P MIR6800_5P	-0.373	0.240	2.279	0.684	-1.090	-0.373	-1.090	0.240	2.279	-1.823	-0.652
TERF2_TARGET_GENES TERF2_TARGET_GENES	-1.513	-0.301	1.251	2.515	0.784	-2.568	0.301	0.784	-0.301	-0.437	-1.518
MIR767_5P MIR767_5P	-0.770	-0.608	2.700	-0.608	-1.446	-2.490	1.639	0.437	-0.608	1.415	0.331
MIR874_5P MIR874_5P	0.346	-0.434	0.541	3.719	-0.691	-2.446	0.541	-1.063	0.541	-0.260	-0.693
MIR624_3P MIR624_3P	0.576	0.576	0.576	1.544	-1.277	-4.026	-0.324	1.256	-0.475	-0.324	-0.326
RACTNNRTTTNC_UNKNOWN RACTNNRTTTNC_UNKNOWN	-0.962	0.332	0.611	1.220	0.611	-1.253	1.220	0.992	-0.537	0.332	-4.067
MIR3145_5P MIR3145_5P	0.541	-0.714	2.870	-0.506	0.259	-1.768	1.474	1.195	-1.329	-1.329	-0.508
KCCGNSWTTT_UNKNOWN KCCGNSWTTT_UNKNOWN	-0.751	-0.751	1.137	1.137	-0.751	-0.751	2.764	1.137	-0.250	-1.827	-1.385
MIR34B_3P MIR34B_3P	-1.237	-0.929	0.527	2.694	-0.685	-2.705	0.527	1.682	0.527	-0.493	-0.347
FOXD3_TARGET_GENES FOXD3_TARGET_GENES	-1.201	0.572	1.878	0.572	-1.201	-1.201	0.303	0.303	-1.201	0.928	0.302
ACTGAAA_MIR30A3P_MIR30E3P ACTGAAA_MIR30A3P_MIR30E3P	-0.672	0.387	-0.309	1.513	-0.309	-2.216	2.249	0.387	1.513	-1.278	-1.868
MIR3168 MIR3168	-0.848	0.264	0.661	3.498	0.841	-2.798	-1.104	0.505	0.505	-0.473	-0.852
MIR20A_3P MIR20A_3P	1.117	-0.421	0.491	1.117	-0.700	-3.315	2.026	0.621	-0.317	-1.972	-0.320
MIR421 MIR421	1.411	-0.382	0.539	-0.285	1.640	-4.455	0.677	0.539	-1.026	0.318	-0.825
COBLL1_TARGET_GENES COBLL1_TARGET_GENES	-1.507	0.515	0.515	-0.482	0.263	-1.507	3.289	1.889	-0.343	-0.885	-1.169
SRSF7_TARGET_GENES SRSF7_TARGET_GENES	-3.107	-0.733	0.372	1.743	-1.006	-0.521	0.708	2.432	0.372	-0.360	-0.524
MIR4633_3P_MIR6500_5P MIR4633_3P_MIR6500_5P	0.984	-1.491	-0.234	0.647	0.647	-0.453	2.391	-0.828	-1.491	0.381	-0.830
HOXB8_TARGET_GENES HOXB8_TARGET_GENES	-1.783	-0.527	1.548	-0.527	0.651	-0.527	0.440	0.907	1.206	0.275	-2.659
MIR6768_5P MIR6768_5P	-1.528	0.301	0.946	0.508	-0.828	-4.203	1.769	0.637	0.637	0.396	0.298
WDHD1_TARGET_GENES WDHD1_TARGET_GENES	-2.541	-0.284	2.033	1.069	0.428	-0.678	1.762	0.558	-0.518	-1.707	-0.876
MIR3936 MIR3936	0.216	1.513	0.216	0.716	0.716	0.716	-0.764	0.716	-1.408	-1.408	-1.411
ZNF622_TARGET_GENES ZNF622_TARGET_GENES	-0.452	1.368	0.520	0.756	-0.452	-2.487	0.520	2.155	-0.714	-1.092	-0.717
MIR320A_5P MIR320A_5P	2.743	0.929	1.165	0.543	-1.594	-0.667	-0.909	-1.594	-1.213	0.722	-0.336
ZNF595_TARGET_GENES ZNF595_TARGET_GENES	-0.848	1.003	0.594	0.301	-0.301	-1.513	3.731	0.433	-0.301	-0.848	-1.984
MIR4772_5P MIR4772_5P	0.499	-0.837	0.499	0.499	0.499	-0.513	-2.114	0.499	1.819	-2.114	0.497
MIR4318 MIR4318	-0.301	-0.301	-0.301	0.961	-0.430	-2.319	-0.597	3.931	-1.407	0.756	-0.432
ATCATGA_MIR433 ATCATGA_MIR433	-2.101	0.261	1.396	0.261	0.527	-2.101	2.331	0.906	0.261	-0.929	-0.688
AACWWCAANK_UNKNOWN AACWWCAANK_UNKNOWN	-0.330	2.340	-0.800	2.036	-1.656	-1.317	1.490	0.381	-0.453	-0.608	-1.039
MIR6734_3P MIR6734_3P	-0.406	0.566	1.354	1.122	-0.734	-3.689	1.122	0.914	-0.292	-0.552	-1.236
ZNF33A_TARGET_GENES ZNF33A_TARGET_GENES	-0.441	0.594	0.898	3.453	-1.386	-2.020	0.594	0.270	0.594	-0.728	-1.393
MIR4753_5P MIR4753_5P	-2.606	-0.354	2.247	1.485	-0.468	-1.211	1.267	0.344	0.578	-0.607	-1.217
MIR4252 MIR4252	-0.833	-0.268	2.076	-0.588	-1.151	-1.562	0.890	2.076	-1.562	-0.268	0.669
ATGGYGGA_UNKNOWN ATGGYGGA_UNKNOWN	-3.144	-0.372	1.407	1.407	-0.751	-1.028	1.407	-0.536	0.897	-0.536	-0.252
MIR4678 MIR4678	-0.334	-0.334	3.134	0.929	-0.479	-2.070	0.929	0.393	-2.070	-0.667	0.269
TAXCREB_01 TAXCREB_01	0.256	-2.276	-0.486	0.821	-0.352	-1.818	-0.352	-0.352	3.844	0.644	0.254
HJURP_TARGET_GENES HJURP_TARGET_GENES	-0.828	-1.491	0.647	0.647	-0.453	-0.453	2.391	0.984	0.381	-0.453	-1.494
MIR4755_3P MIR4755_3P	0.274	-1.034	0.834	2.036	-1.317	-2.061	-0.800	1.030	-1.034	1.490	0.506
TAANNYSGCG_UNKNOWN TAANNYSGCG_UNKNOWN	-2.289	-0.819	0.243	1.315	-0.819	-0.558	1.315	0.558	2.391	-0.819	-0.561
TBX1_TARGET_GENES TBX1_TARGET_GENES	-1.154	-2.101	1.129	1.806	-0.569	-2.101	0.486	1.806	-0.327	0.277	0.369
MIR216B_3P MIR216B_3P	-2.733	-0.812	0.696	-0.321	-0.321	-2.188	1.093	0.534	0.882	-0.321	1.859
SGCGSSAAA_E2F1DP2_01 SGCGSSAAA_E2F1DP2_01	-0.957	-0.328	1.874	0.631	-0.441	-2.223	1.874	1.164	0.375	-0.957	-1.496
GTGCCAT_MIR183 GTGCCAT_MIR183	-1.063	0.424	0.548	1.037	-0.509	-1.320	1.037	3.509	-1.063	-0.661	-1.327
MIR3926 MIR3926	-0.375	0.707	2.561	0.561	-2.358	-1.950	0.872	-1.045	0.561	-0.647	0.557
MIR6792_5P MIR6792_5P	0.505	-1.104	-0.640	2.096	-0.473	-0.473	3.116	0.661	-1.415	-1.104	-0.644
ATACTGT_MIR144 ATACTGT_MIR144	-0.685	-0.317	1.280	1.280	-1.569	-3.655	0.485	1.087	0.610	0.485	-0.543
MIR4786_5P MIR4786_5P	0.350	1.456	-0.812	0.350	-0.390	-0.257	1.170	0.694	0.505	-0.812	-3.783
MIR212_3P MIR212_3P	-1.615	0.784	0.389	1.562	0.293	-2.332	1.562	0.784	0.293	-1.948	-0.312
MIR4765 MIR4765	0.499	1.056	2.770	0.751	-0.513	-2.114	-0.513	-0.837	-0.837	-0.513	0.300
MIR6739_3P MIR6739_3P	0.830	1.613	0.544	0.426	0.426	-2.517	1.000	1.000	-0.978	-1.769	-1.210
MIR5585_5P MIR5585_5P	-0.331	0.678	0.384	3.165	-1.391	-1.391	1.069	0.678	-1.391	-1.083	-0.333
MIR4323 MIR4323	-1.699	1.130	-0.318	1.999	0.502	-0.574	-0.318	0.285	-0.574	-1.699	0.781
MIR3663_3P MIR3663_3P	-0.996	1.075	1.300	0.292	-0.996	-3.760	1.300	0.403	0.537	-0.429	0.290
MIR6719_3P MIR6719_3P	-0.469	-0.644	-0.332	1.359	-0.644	-1.899	3.343	-0.469	1.113	-0.332	-1.146
MIR6755_3P MIR6755_3P	1.121	0.620	0.277	1.121	-0.327	-3.111	-0.505	0.277	-1.548	1.121	-0.329
MIR6715A_3P MIR6715A_3P	-0.751	-0.581	-0.581	1.381	0.493	-2.686	3.428	0.276	0.276	0.276	-0.756
ATGTTTC_MIR494 ATGTTTC_MIR494	-1.467	-0.736	-0.430	4.224	-0.319	0.646	-0.939	0.646	0.806	-1.181	-0.572
MIR802 MIR802	0.256	0.362	0.491	0.362	0.256	-2.276	1.766	1.495	-1.124	0.644	-2.283
MIR132_3P MIR132_3P	-1.680	0.737	0.361	1.718	0.361	-2.411	1.273	0.898	0.270	-1.680	-0.337
MIR548V MIR548V	-1.486	1.437	0.341	-0.265	-0.686	-0.512	-0.902	2.974	0.341	0.783	-1.878
MIR922 MIR922	1.796	-1.241	-0.388	0.650	0.406	-1.507	2.312	0.650	0.309	-1.241	-1.515
MIR6845_3P MIR6845_3P	0.351	0.802	-0.884	0.478	-2.306	-2.306	2.023	0.351	-0.362	0.351	0.994
TCCGTCC_MIR184 TCCGTCC_MIR184	-0.497	0.167	2.548	1.731	-0.497	-0.497	-0.497	0.167	-0.497	-0.497	0.166
