GO	[-10.12 -0.93]	[-0.93 -0.56]	[-0.56 -0.31]	[-0.31 -0.08]	[-0.08 0.00]	[0.00 0.03]	[0.03 0.25]	[0.25 0.52]	[0.52 0.92]	[0.92 1.96]	[1.96 23.61]
PTEN_DN.V1_UP PTEN_DN.V1_UP	3.225	-2.368	-1.100	-1.351	1.121	1.121	-1.980	-1.643	-0.885	-0.422	5.047
CAHOY_NEURONAL CAHOY_NEURONAL	0.709	-1.801	-1.357	-4.158	0.923	2.826	-1.357	-0.521	0.249	-0.360	3.665
EGFR_UP.V1_UP EGFR_UP.V1_UP	-1.799	-2.555	-3.017	-0.635	-0.998	-0.495	1.374	0.317	1.374	2.358	3.252
KRAS.LUNG_UP.V1_UP KRAS.LUNG_UP.V1_UP	-0.301	-0.301	-3.736	-1.985	2.469	0.895	0.552	-0.418	-1.985	-0.418	3.528
IL21_UP.V1_UP IL21_UP.V1_UP	-0.301	0.301	-0.525	-1.312	0.973	0.400	-1.599	-5.357	0.400	2.098	2.966
PTEN_DN.V1_DN PTEN_DN.V1_DN	0.301	-0.675	-3.267	-1.599	1.162	2.669	-0.301	-0.853	-1.064	-0.525	4.366
BRCA1_DN.V1_UP BRCA1_DN.V1_UP	0.373	-1.419	-2.253	-2.253	1.530	2.104	-0.850	-1.419	0.264	0.662	3.118
KRAS.300_UP.V1_DN KRAS.300_UP.V1_DN	-1.299	-1.018	-0.595	-1.299	-0.595	5.113	-0.320	-1.299	0.392	0.283	2.378
SINGH_KRAS_DEPENDENCY_SIGNATURE SINGH_KRAS_DEPENDENCY_SIGNATURE	0.566	-0.828	-0.828	-0.828	0.256	0.566	-0.828	0.566	-0.828	0.566	2.147
