GO	[-4.87 -0.58]	[-0.58 -0.35]	[-0.35 -0.22]	[-0.22 -0.12]	[-0.12 -0.02]	[-0.02 0.00]	[0.00 0.08]	[0.08 0.20]	[0.20 0.39]	[0.39 0.84]	[0.84 5.41]
GNF2_HCK GNF2_HCK	-2.148	-2.867	-3.888	-1.185	-1.604	-2.867	-1.604	-0.420	1.118	6.997	11.889
CAR_HPX CAR_HPX	0.667	-2.120	-1.044	-1.495	-1.495	8.015	-0.473	-1.495	-2.120	-1.044	5.981
GNF2_CCNA1 GNF2_CCNA1	0.821	-1.901	-1.308	-1.901	-0.889	5.361	0.238	-0.889	-0.889	-0.588	3.624
GNF2_DNM1 GNF2_DNM1	1.161	-1.070	-1.070	-2.157	-0.735	4.121	-1.070	-1.070	-0.735	-0.490	4.676
GNF2_SPINK1 GNF2_SPINK1	0.685	-1.079	-1.079	-1.079	-0.241	3.524	0.685	-1.079	-1.079	-1.079	2.156
GNF2_CDH3 GNF2_CDH3	0.645	-1.121	-0.551	-1.121	-1.121	2.687	-0.260	-1.121	-0.551	0.346	2.687
GNF2_PTX3 GNF2_PTX3	1.395	-1.496	0.380	-1.496	-0.830	-0.234	-0.454	-0.454	-0.830	0.380	4.344
GNF2_TTN GNF2_TTN	-0.241	-1.079	-0.521	-1.079	-0.521	2.156	-0.241	-1.079	0.371	-0.241	2.804
CAR_TNFRSF25 CAR_TNFRSF25	1.803	-1.246	-0.641	0.282	-0.641	0.540	-0.321	-0.641	-1.246	-0.321	3.007
