GO	[-2.86 -0.23]	[-0.23 -0.14]	[-0.14 -0.09]	[-0.09 -0.05]	[-0.05 -0.01]	[-0.01 0.02]	[0.02 0.06]	[0.06 0.10]	[0.10 0.15]	[0.15 0.23]	[0.23 1.86]
MIR183_3P MIR183_3P	-0.709	-0.229	-0.709	-1.926	-1.926	0.625	-0.229	1.279	1.279	1.691	-0.395
MIR2681_5P MIR2681_5P	-1.067	-1.799	-0.357	0.252	-0.357	-1.067	0.451	-0.630	3.534	1.044	0.473
MIR5579_5P MIR5579_5P	-0.833	0.255	-0.833	0.565	-0.833	-0.833	-0.353	0.255	0.565	3.696	-0.341
MIR3129_3P MIR3129_3P	0.262	-1.294	-0.676	-0.676	-0.676	-0.344	-0.344	1.729	3.588	-0.344	-0.329
MIR508_3P MIR508_3P	0.370	-1.084	-0.524	0.370	0.370	0.370	-0.524	-1.084	-1.084	0.683	2.873
MIR339_5P MIR339_5P	-0.274	-0.707	-0.707	0.330	0.330	-0.707	0.330	-0.707	-0.707	2.552	1.236
MIR6847_3P MIR6847_3P	-0.707	0.330	-0.274	0.330	-0.707	-0.707	-0.274	-0.274	3.379	-0.707	0.725
MIR4529_5P MIR4529_5P	0.186	0.186	-0.457	-0.457	-0.457	-0.457	1.148	-0.457	0.186	-0.457	2.798
MIR363_5P MIR363_5P	-0.332	0.272	-0.332	-0.332	-0.332	-0.332	2.456	1.529	-0.332	-0.332	-0.325
