GO	[-4.84 -0.44]	[-0.44 -0.26]	[-0.26 -0.16]	[-0.16 -0.08]	[-0.08 -0.00]	[-0.00 0.01]	[0.01 0.10]	[0.10 0.20]	[0.20 0.37]	[0.37 0.79]	[0.79 5.66]
GNF2_HPN GNF2_HPN	6.187	-0.893	-3.589	-1.867	-4.457	6.187	-1.480	-2.899	-1.158	0.479	3.865
GNF2_HCK GNF2_HCK	-0.860	-2.148	-0.860	-0.609	-1.604	-3.888	-2.148	-0.860	1.710	6.997	5.804
MORF_LCAT MORF_LCAT	3.512	1.032	-3.553	-1.840	-2.865	4.799	-1.840	-2.865	-1.137	1.032	2.090
GNF2_MYL2 GNF2_MYL2	4.941	-0.703	-0.703	-1.329	-1.329	1.653	-1.329	-1.329	-1.329	0.247	2.187
GNF2_DNM1 GNF2_DNM1	1.161	-0.314	-2.157	-3.087	-1.070	1.478	-2.157	-0.735	-0.314	0.883	5.260
GNF2_CCNA1 GNF2_CCNA1	1.103	-0.889	-0.889	-0.889	-1.308	4.750	-1.901	-1.901	-0.588	0.238	3.624
GNF2_CD7 GNF2_CD7	2.797	0.584	-0.895	-1.579	-0.895	0.584	-1.579	-0.895	-1.579	0.584	2.797
GNF2_TTN GNF2_TTN	0.685	-1.079	-1.079	-1.079	-1.079	1.583	-0.521	-0.241	-0.521	0.371	3.524
GNF2_MMP1 GNF2_MMP1	0.795	-0.363	1.653	-0.363	-0.703	0.247	-0.363	-0.703	-1.329	-1.329	2.786
