GO	[-18.69 -0.84]	[-0.84 -0.36]	[-0.36 -0.18]	[-0.18 -0.06]	[-0.06 0.00]	[0.00 0.04]	[0.04 0.18]	[0.18 0.39]	[0.39 0.66]	[0.66 1.17]	[1.17 19.61]
SUPT16H_TARGET_GENES SUPT16H_TARGET_GENES	2.018	-0.634	1.078	1.078	-0.365	-2.331	2.018	-0.268	-2.331	-0.365	-1.286
TFAM_TARGET_GENES TFAM_TARGET_GENES	6.428	-0.331	-0.331	-0.331	0.273	-0.331	-0.331	-0.331	-0.331	-0.331	-0.332
MIR676_3P MIR676_3P	2.272	-0.300	-0.300	0.302	1.056	0.302	0.499	-0.837	-2.114	0.499	-2.118
MIR4645_3P MIR4645_3P	2.468	-0.634	-0.868	0.763	-0.312	-3.371	0.419	0.763	1.221	-0.634	-0.872
MIR5009_5P MIR5009_5P	2.341	-0.645	-1.005	1.504	-1.005	-0.645	1.504	-0.234	0.380	-1.536	-0.647
MIR1276 MIR1276	2.417	-1.117	-2.050	1.384	-0.703	-1.691	0.392	1.171	0.510	-0.545	0.290
MIR4423_3P MIR4423_3P	2.171	0.282	-1.368	1.093	-1.739	-1.739	-0.610	1.586	-0.448	0.534	0.280
MIR4724_3P MIR4724_3P	2.638	-0.266	-1.252	1.210	-0.887	-0.887	1.517	0.502	-0.412	-0.887	-1.256
MIR433_3P MIR433_3P	2.974	-0.373	-2.896	0.612	0.341	-0.373	0.465	0.783	-0.373	-1.486	-0.376
