GO	[-3.86 -0.45]	[-0.45 -0.21]	[-0.21 -0.12]	[-0.12 -0.05]	[-0.05 0.00]	[0.00 0.00]	[0.00 0.08]	[0.08 0.17]	[0.17 0.35]	[0.35 0.70]	[0.70 4.85]
MORF_PRKDC MORF_PRKDC	-4.794	0.696	5.625	6.953	1.893	-4.090	3.697	-0.361	-2.502	-7.940	-7.986
MORF_PPP1CC MORF_PPP1CC	-5.675	0.758	6.235	8.749	0.758	-3.952	3.364	-1.244	-1.539	-6.928	-5.713
MORF_NPM1 MORF_NPM1	-6.759	-3.177	0.396	0.293	2.231	-2.638	7.498	9.092	0.293	-3.814	-6.799
MORF_G22P1 MORF_G22P1	-7.181	-0.690	2.470	7.250	2.779	-3.498	4.182	0.664	-1.366	-5.913	-5.952
MORF_ACTG1 MORF_ACTG1	-5.751	-2.432	-0.553	-0.735	1.893	-2.432	7.876	9.610	0.428	-3.004	-5.784
MORF_RFC4 MORF_RFC4	-4.172	3.335	3.335	8.396	0.850	-2.320	1.751	-0.959	-5.083	-6.297	-4.204
MORF_ANP32B MORF_ANP32B	-6.951	-0.713	1.676	3.359	3.039	-2.719	6.440	1.676	-0.891	-5.926	-6.996
MORF_TPT1 MORF_TPT1	-4.242	-4.242	-1.861	-0.771	1.379	-2.437	7.823	10.466	0.347	-1.861	-3.211
MORF_CDC10 MORF_CDC10	-3.990	-0.370	6.196	3.578	1.157	-4.887	1.911	2.204	-1.410	-6.087	-6.122
MORF_EIF4A2 MORF_EIF4A2	-5.751	-1.563	1.615	1.615	2.193	-3.004	5.321	4.862	-1.233	-4.574	-5.784
MORF_DAP3 MORF_DAP3	-3.641	-0.408	2.843	6.186	1.524	-4.258	2.843	2.266	-1.868	-4.258	-8.198
MORF_DNMT1 MORF_DNMT1	-3.800	0.941	2.341	9.872	0.941	-2.990	2.695	-0.830	-3.800	-4.912	-3.826
GNF2_EIF3S6 GNF2_EIF3S6	-3.915	-3.915	-0.482	0.263	2.557	-1.933	5.071	8.916	0.377	-3.915	-5.067
MORF_HAT1 MORF_HAT1	-5.992	0.789	4.468	9.701	1.598	-2.994	0.963	-0.911	-1.407	-5.022	-3.595
MORF_AP3D1 MORF_AP3D1	-5.415	-0.814	1.097	4.474	1.877	-3.414	5.399	1.877	-1.372	-4.263	-5.446
MORF_NME2 MORF_NME2	-4.319	-2.956	-0.348	0.358	3.152	-4.319	7.019	6.523	0.358	-3.574	-3.604
MORF_CTBP1 MORF_CTBP1	-4.799	-0.486	1.083	3.275	2.618	-3.369	7.050	0.726	-0.486	-4.799	-7.053
MORF_RPA2 MORF_RPA2	-5.699	0.533	4.326	2.955	2.363	-4.865	3.610	0.987	-1.493	-4.865	-4.904
MORF_PPP2CA MORF_PPP2CA	-4.186	-0.581	1.657	5.061	1.147	-5.331	4.600	1.390	-0.779	-4.186	-5.362
MORF_RAD21 MORF_RAD21	-4.405	0.336	2.230	5.851	1.052	-3.146	3.486	1.959	-1.837	-6.191	-5.248
MORF_RRM1 MORF_RRM1	-4.242	1.113	1.997	9.775	0.876	-2.437	1.997	-1.409	-2.437	-4.242	-3.211
GCM_ACTG1 GCM_ACTG1	-5.163	-0.711	0.811	3.549	1.791	-2.547	4.405	3.153	-1.587	-4.031	-5.193
GCM_MYST2 GCM_MYST2	-2.008	0.841	7.323	5.466	0.414	-5.873	0.537	0.679	-1.084	-3.466	-5.912
GNF2_RAN GNF2_RAN	-3.574	0.809	5.246	8.353	0.597	-2.588	-0.325	-0.325	-3.574	-3.574	-2.606
GNF2_RRM1 GNF2_RRM1	-1.969	2.670	2.274	6.214	1.573	-3.657	0.762	-1.450	-2.663	-3.657	-3.679
MORF_EI24 MORF_EI24	-4.770	0.371	1.469	5.925	2.316	-3.170	4.555	-0.465	-2.584	-2.584	-3.911
MORF_PTPN11 MORF_PTPN11	-3.417	0.561	3.629	5.549	0.956	-3.417	2.807	-0.465	-2.044	-4.493	-3.441
MORF_RAB1A MORF_RAB1A	-4.124	-0.370	0.326	0.681	0.834	-4.124	6.433	5.993	0.427	-3.516	-4.868
MORF_UBE2N MORF_UBE2N	-3.950	-0.446	4.016	4.507	0.819	-2.925	4.016	-0.301	-2.201	-3.950	-2.945
MORF_EIF3S6 MORF_EIF3S6	-3.954	-1.961	0.853	1.067	3.256	-0.906	4.087	3.256	-0.677	-5.080	-5.109
GNF2_DAP3 GNF2_DAP3	-4.996	-0.867	2.257	1.637	0.531	-1.904	2.971	3.775	0.389	-4.996	-5.025
GNF2_FBL GNF2_FBL	-4.926	-0.274	2.478	1.133	1.878	-2.207	3.159	2.478	-0.380	-4.926	-6.164
MORF_FBL MORF_FBL	-3.773	-0.768	2.433	4.305	3.122	-2.493	3.891	0.292	-2.013	-3.773	-3.802
MODULE_92 MODULE_92	-0.292	-1.838	-1.176	-4.099	0.711	9.137	-3.371	-4.099	-0.713	2.097	3.033
GNF2_PA2G4 GNF2_PA2G4	-2.329	1.283	2.766	5.916	2.346	-2.329	0.367	-0.842	-3.282	-3.282	-3.301
MORF_RAF1 MORF_RAF1	-4.577	-0.345	2.707	3.097	0.528	-3.493	3.946	0.909	-0.345	-3.493	-4.604
MORF_PSMC1 MORF_PSMC1	-6.630	-0.270	0.696	1.893	1.650	-4.090	4.810	3.357	-0.609	-2.960	-2.991
MORF_RAD54L MORF_RAD54L	-1.922	1.602	3.436	4.345	1.602	-3.265	1.058	-0.585	-1.922	-4.326	-4.351
GCM_APEX1 GCM_APEX1	-3.646	-0.756	0.820	4.604	1.552	-2.230	3.284	2.171	-1.336	-3.646	-4.772
GCM_CSNK2B GCM_CSNK2B	-3.075	-1.771	0.950	2.884	0.730	-3.075	6.328	1.788	-0.506	-3.075	-4.141
GNF2_SMC4L1 GNF2_SMC4L1	-3.490	2.901	2.901	4.868	1.117	-3.490	0.638	-1.337	-1.838	-2.514	-2.532
MORF_TERF2IP MORF_TERF2IP	-4.828	0.440	0.778	4.016	0.988	-3.723	3.176	0.988	0.312	-2.920	-4.856
MORF_ERH MORF_ERH	-4.786	-0.567	2.472	2.839	2.839	-2.262	2.839	0.799	-1.361	-3.685	-3.710
MORF_MAP2K2 MORF_MAP2K2	-4.341	-0.850	0.374	4.795	1.279	-2.253	6.242	0.374	-0.473	-1.419	-5.531
GNF2_RBBP6 GNF2_RBBP6	-2.948	1.264	4.916	2.377	1.264	-2.948	0.328	0.714	-2.948	-2.948	-2.965
GNF2_HDAC1 GNF2_HDAC1	-3.493	0.909	4.406	0.909	1.401	-4.577	2.707	1.141	-2.106	-2.711	-3.517
GNF2_APEX1 GNF2_APEX1	-3.824	0.892	7.648	3.748	0.337	-2.101	0.489	-0.589	-0.834	-3.824	-2.832
MORF_RAD23B MORF_RAD23B	-3.628	0.269	0.926	2.627	2.051	-4.300	4.364	2.330	-1.767	-2.135	-4.335
GCM_MLL GCM_MLL	-4.195	2.435	1.877	4.521	0.806	-5.953	1.392	0.512	-1.387	-0.895	-4.229
GCM_DFFA GCM_DFFA	-1.691	1.147	4.158	3.336	0.421	-5.331	0.565	1.657	-1.024	-3.343	-4.214
MORF_PRKAR1A MORF_PRKAR1A	-3.170	-1.056	-0.339	0.818	1.013	-3.170	5.925	5.925	-0.465	-2.096	-3.911
MORF_PCNA MORF_PCNA	-3.449	0.314	6.733	3.902	1.148	-1.806	0.468	-0.652	-1.309	-3.449	-2.494
GCM_UBE2N GCM_UBE2N	-1.258	0.813	4.819	3.242	0.647	-6.381	0.502	0.813	-0.776	-1.571	-5.196
MORF_CCNI MORF_CCNI	-3.657	-2.663	0.762	2.670	1.908	-1.450	3.096	2.274	-0.521	-2.663	-3.679
MORF_PPP1CA MORF_PPP1CA	-4.799	-0.815	0.895	1.766	2.618	-3.369	4.001	2.315	-0.486	-2.340	-3.400
MORF_TPR MORF_TPR	-6.129	2.478	1.608	1.360	0.446	-4.926	2.478	1.133	-0.515	-0.887	-3.332
GCM_NPM1 GCM_NPM1	-2.920	-1.385	-0.417	0.988	0.440	-1.791	4.943	5.953	0.440	-2.920	-3.749
GCM_RAB10 GCM_RAB10	-2.033	0.301	3.104	2.779	0.664	-5.913	3.807	0.823	-0.879	-2.450	-3.530
MORF_JUND MORF_JUND	-2.657	-2.657	-1.785	-0.329	2.819	-0.527	3.317	5.016	0.275	-1.785	-2.672
MORF_TERF1 MORF_TERF1	-2.740	-0.860	3.681	3.681	0.849	-2.740	1.464	0.849	-1.272	-2.740	-2.756
GCM_TPT1 GCM_TPT1	-2.907	-2.001	-2.001	-0.421	-0.263	-0.961	5.623	6.262	1.000	-1.394	-2.015
MORF_ESPL1 MORF_ESPL1	-2.532	0.730	2.102	5.340	2.102	-1.678	0.730	-1.678	-1.678	-2.532	-2.546
MORF_DEAF1 MORF_DEAF1	-1.537	-0.645	1.154	4.512	1.906	-2.365	3.353	-0.645	-2.365	-2.365	-2.379
MORF_CDC16 MORF_CDC16	-2.146	-0.313	2.631	2.631	3.085	-3.073	1.823	-0.732	-0.732	-3.073	-3.091
MORF_BECN1 MORF_BECN1	-3.303	-0.601	0.808	2.575	1.032	-4.368	2.212	2.963	0.312	-3.303	-2.560
MODULE_152 MODULE_152	-2.019	-0.711	-0.711	0.343	1.019	-1.587	9.844	0.630	0.811	-1.233	-5.193
MORF_PAPSS1 MORF_PAPSS1	-1.892	-0.568	2.302	3.072	1.085	-3.227	3.072	0.853	-1.075	-2.471	-4.309
GNF2_FEN1 GNF2_FEN1	-2.323	3.438	1.194	2.414	1.194	-2.323	1.194	-0.622	-2.323	-2.323	-2.337
MORF_CUL1 MORF_CUL1	-2.948	-0.987	1.969	3.804	0.328	-2.037	2.377	1.969	-1.425	-2.037	-2.965
MORF_BMI1 MORF_BMI1	-3.323	-0.397	3.627	1.248	0.969	-1.709	4.132	0.521	-2.366	-2.366	-2.383
GNF2_CCNA2 GNF2_CCNA2	-1.928	1.066	3.022	4.619	1.066	-1.928	0.561	-0.606	-1.928	-2.823	-2.840
GNF2_CENPF GNF2_CENPF	-1.714	1.288	3.476	4.026	0.973	-2.573	0.479	-1.152	-1.152	-2.573	-2.588
MODULE_289 MODULE_289	0.343	-1.587	-2.019	-1.233	-0.523	6.893	-3.201	-2.547	-0.263	0.811	4.364
GNF2_RFC3 GNF2_RFC3	-1.700	2.521	3.712	4.380	-0.574	-1.700	-0.574	-0.574	-1.700	-1.700	-1.710
MODULE_113 MODULE_113	2.910	0.301	-1.516	-3.341	-0.301	3.319	-4.410	-2.574	-0.617	1.006	2.145
GNF2_ST13 GNF2_ST13	-2.657	-1.785	-0.329	-0.329	1.209	-0.810	5.016	3.317	0.441	-2.657	-2.672
GNF2_KPNB1 GNF2_KPNB1	-3.032	0.666	6.570	1.870	0.909	-2.110	0.302	-0.710	-0.300	-3.032	-2.125
GCM_DDX5 GCM_DDX5	-1.821	1.172	1.507	3.764	1.172	-1.242	1.883	-0.835	-2.698	-2.698	-2.714
MODULE_183 MODULE_183	-1.242	-0.546	3.240	1.883	4.913	-1.821	-0.344	0.423	-1.821	-2.698	-2.714
MORF_PPP6C MORF_PPP6C	-4.326	-1.098	0.631	1.602	3.017	-3.265	3.878	0.830	-0.411	-1.922	-1.478
GNF2_CDC2 GNF2_CDC2	-1.714	1.646	3.476	3.476	0.479	-2.573	0.703	-0.762	-1.152	-2.573	-2.588
GCM_GSPT1 GCM_GSPT1	-1.284	1.292	3.275	1.766	2.315	-4.799	0.726	0.447	-1.583	-1.030	-4.835
MORF_SMC1L1 MORF_SMC1L1	-2.573	0.703	2.484	5.229	0.973	-2.573	-0.300	0.302	-1.152	-2.573	-1.726
MORF_PSMC2 MORF_PSMC2	-2.850	-0.392	0.820	1.037	1.281	-2.850	5.592	1.552	-0.552	-2.850	-2.873
GNF2_PCNA GNF2_PCNA	-1.928	3.521	1.380	3.521	1.735	-1.928	-0.239	-1.333	-1.333	-1.928	-2.840
MORF_FEN1 MORF_FEN1	-1.821	0.423	1.507	5.535	0.878	-1.821	1.172	0.262	-2.698	-2.698	-1.834
MORF_MSH2 MORF_MSH2	-2.490	1.042	1.745	2.617	1.372	-2.490	0.758	0.758	-1.643	-2.490	-2.504
GNF2_XRCC5 GNF2_XRCC5	-3.115	0.621	3.498	1.777	3.019	-1.550	0.429	-0.327	-1.092	-3.115	-2.198
MORF_UNG MORF_UNG	-3.157	0.600	2.953	5.024	1.091	-2.219	0.413	-0.340	-1.582	-2.219	-1.595
GNF2_CKS1B GNF2_CKS1B	-1.534	2.884	4.194	2.884	-0.476	-0.860	-1.534	-0.476	-1.534	-1.534	-1.543
MODULE_22 MODULE_22	-0.676	-1.124	-0.676	-0.392	0.226	-1.866	7.615	-0.392	3.298	-1.866	-1.877
MORF_GMPS MORF_GMPS	-2.199	0.272	1.323	4.952	0.272	-2.199	2.625	-0.556	-0.556	-2.199	-2.211
GNF2_CCNB2 GNF2_CCNB2	-1.537	2.348	2.831	2.831	0.589	-1.537	0.589	-0.645	-2.365	-2.365	-2.379
GNF2_RFC4 GNF2_RFC4	-2.490	2.161	4.213	2.161	0.331	-1.643	0.331	-0.273	-1.093	-2.490	-2.504
MODULE_244 MODULE_244	-2.873	1.980	3.832	3.483	0.270	-4.687	0.596	0.270	-0.572	-1.135	-2.450
GNF2_HCK GNF2_HCK	-1.178	-2.134	-1.178	-0.606	-0.606	-3.866	-1.594	1.700	1.113	5.189	2.383
MODULE_124 MODULE_124	-1.254	-0.312	3.486	2.263	0.796	-3.992	0.796	1.292	-0.659	-1.682	-4.015
MORF_CDK2 MORF_CDK2	-2.990	-0.454	3.725	2.755	0.690	-2.990	0.939	0.939	-0.689	-2.073	-2.088
GNF2_CDC20 GNF2_CDC20	-1.502	1.556	3.438	2.906	0.879	-1.502	0.398	-0.622	-2.323	-2.323	-2.337
MODULE_62 MODULE_62	-1.479	-0.771	-1.078	0.246	0.541	-1.479	7.343	0.971	2.225	-2.700	-2.719
MORF_EIF4E MORF_EIF4E	-1.871	3.285	2.044	2.841	0.617	-2.551	-0.473	0.436	-0.473	-2.551	-3.553
GNF2_NPM1 GNF2_NPM1	-2.990	0.690	2.755	1.919	0.315	-0.689	2.320	0.482	-1.456	-2.990	-3.007
MORF_SART1 MORF_SART1	-2.615	-0.786	0.460	1.248	1.248	-1.749	3.395	2.421	-0.507	-2.615	-2.630
GNF2_MCM5 GNF2_MCM5	-1.678	0.316	5.340	1.695	1.695	-2.532	0.730	-1.123	-0.738	-2.532	-1.690
GNF2_MCM4 GNF2_MCM4	-1.397	0.983	2.146	4.312	1.323	-1.397	0.456	-0.893	-2.199	-2.199	-2.211
GNF2_CKS2 GNF2_CKS2	-2.074	1.882	1.882	1.882	1.098	-2.074	1.098	-0.285	-2.074	-2.074	-2.086
GCM_ZNF198 GCM_ZNF198	-1.410	0.964	2.384	3.954	0.579	-3.761	-0.301	1.455	-0.811	-1.819	-3.787
GCM_PSME1 GCM_PSME1	-2.551	-0.473	0.617	1.692	0.436	-2.551	3.285	3.285	-0.473	-2.551	-2.569
MORF_BUB1 MORF_BUB1	-2.157	0.722	2.700	5.070	0.477	-0.865	0.477	-0.865	-2.157	-2.157	-1.373
GNF2_CASP1 GNF2_CASP1	-1.263	-2.137	-1.263	-0.703	-1.263	-3.532	-0.356	3.884	1.963	4.338	0.361
GNF2_HPX GNF2_HPX	2.639	-0.904	-1.490	-1.490	-0.687	4.173	-3.593	-0.904	-1.490	0.466	3.721
MORF_MBD4 MORF_MBD4	-2.551	0.436	-0.313	0.834	2.841	-1.871	3.757	1.086	-0.691	-3.532	-1.886
MORF_PHB MORF_PHB	-3.201	-0.263	1.791	1.509	0.811	-2.547	4.405	0.630	-0.376	-2.547	-2.570
MODULE_375 MODULE_375	-0.247	-1.507	-1.103	-0.555	-1.103	5.449	-2.035	-2.035	-0.792	0.523	5.409
MODULE_146 MODULE_146	0.493	-1.409	-0.385	-1.409	-0.259	4.987	-4.242	-2.437	-0.259	0.493	3.098
MORF_RFC1 MORF_RFC1	-2.677	0.544	2.757	2.043	0.724	-1.597	0.724	0.932	0.393	-2.677	-4.561
GNF2_TDG GNF2_TDG	-1.451	1.032	6.918	1.938	-0.430	-1.451	-0.796	-0.430	-1.451	-1.451	-0.803
MORF_SNRP70 MORF_SNRP70	-2.573	0.479	0.973	0.973	1.646	-1.714	2.484	1.288	-1.152	-2.573	-2.588
MODULE_357 MODULE_357	0.969	-0.397	-3.323	-2.366	-0.254	4.132	-1.709	-2.366	-0.254	0.969	2.270
GNF2_DEK GNF2_DEK	-2.407	0.565	4.409	1.851	1.115	-2.407	0.363	-0.247	-0.668	-2.407	-1.584
MORF_MAP2K7 MORF_MAP2K7	2.165	-0.648	-0.648	-1.273	0.541	6.625	-3.792	-1.885	-1.885	0.837	0.529
MODULE_122 MODULE_122	3.076	-0.785	-1.636	-1.636	-1.017	1.057	-3.103	-2.040	-0.320	1.526	4.631
GNF2_TTK GNF2_TTK	-1.617	3.294	2.695	0.859	0.859	-1.617	0.556	-0.925	-1.617	-1.617	-1.626
MORF_RPA1 MORF_RPA1	-1.643	0.520	2.161	4.816	-0.273	-1.093	0.520	0.758	-2.490	-1.643	-2.504
GNF2_HMMR GNF2_HMMR	-1.949	1.228	2.072	3.701	0.598	-1.192	0.598	-0.431	-1.949	-1.949	-1.960
MODULE_297 MODULE_297	1.248	-0.397	-3.323	-2.366	-0.254	3.627	-1.709	-2.366	-0.254	0.969	2.270
GCM_CBFB GCM_CBFB	-2.001	1.302	0.739	4.434	0.739	-1.394	0.739	0.739	-2.001	-2.001	-2.923
MODULE_239 MODULE_239	-1.933	0.682	2.216	1.604	-0.482	-3.915	1.898	2.216	-0.661	-1.166	-3.119
MODULE_345 MODULE_345	1.198	-2.077	-2.612	-1.639	-1.279	0.772	-2.077	-0.552	0.772	1.723	5.641
MODULE_126 MODULE_126	-5.322	1.624	2.712	1.870	0.410	-3.825	0.665	0.410	0.310	-0.391	-1.933
GNF2_HAT1 GNF2_HAT1	-2.074	-1.294	5.318	1.465	1.465	-1.294	0.783	-0.285	-0.810	-2.074	-1.304
MODULE_298 MODULE_298	-0.520	-1.077	-1.077	-1.077	0.372	10.374	-0.520	-0.520	-1.077	-0.520	0.368
MODULE_197 MODULE_197	-0.318	2.399	2.702	3.712	-0.558	-2.994	0.789	-0.719	-0.911	-2.084	-3.024
GNF2_BUB1B GNF2_BUB1B	-1.260	0.547	3.504	2.939	0.816	-1.260	0.547	-0.471	-2.032	-2.032	-2.044
GNF2_DNM1 GNF2_DNM1	0.881	-0.488	-1.065	-3.073	-1.519	3.572	-0.732	-2.146	-0.732	3.085	1.456
GNF2_HPN GNF2_HPN	2.347	-0.886	-1.466	-1.148	-0.672	3.814	-3.557	-0.672	-1.466	0.479	3.381
GCM_PPP1CC GCM_PPP1CC	-1.502	0.233	1.194	6.655	0.233	-1.502	0.613	0.613	-1.502	-1.502	-2.337
GNF2_MLH1 GNF2_MLH1	-1.741	0.477	5.699	2.439	0.269	-1.024	-0.599	0.269	-1.741	-1.741	-1.032
MODULE_261 MODULE_261	-1.331	0.950	2.126	1.788	0.730	-4.117	0.542	-0.506	1.479	-1.771	-3.097
GNF2_TPT1 GNF2_TPT1	-1.575	-1.575	-1.575	-0.500	0.585	-0.500	2.228	4.781	0.900	-0.893	-1.584
MORF_PRDX3 MORF_PRDX3	-2.551	-0.691	0.290	4.256	1.372	-0.982	2.427	0.436	-0.691	-0.982	-3.553
MORF_CCNF MORF_CCNF	-3.240	1.645	1.645	2.827	0.243	-3.240	0.382	0.559	0.243	-0.820	-2.309
MORF_IL4 MORF_IL4	1.837	-0.495	-0.801	-2.152	0.533	5.510	-3.547	-1.227	-1.800	0.987	0.968
MODULE_436 MODULE_436	0.917	-2.432	-1.563	-1.958	-0.735	0.917	-2.432	-0.735	0.917	1.360	5.746
GNF2_STAT6 GNF2_STAT6	-2.329	-1.677	0.998	-0.842	-0.577	-1.677	1.957	3.700	2.766	-0.842	-1.692
MODULE_154 MODULE_154	1.432	-0.327	-3.115	-2.183	-0.327	3.498	-1.550	-2.183	0.277	0.621	2.136
GNF2_CARD15 GNF2_CARD15	-0.626	-0.935	-2.865	-0.626	-0.251	-2.865	-0.626	2.073	-0.405	4.525	1.671
MORF_MTA1 MORF_MTA1	-2.369	0.372	0.710	2.082	0.924	-2.369	2.830	1.750	-1.357	-1.801	-2.389
GNF2_MSH6 GNF2_MSH6	-1.285	0.837	2.272	5.089	-0.341	-0.671	-1.285	0.264	-1.285	-1.285	-1.292
MORF_CTSB MORF_CTSB	1.303	-0.431	-0.326	-1.371	0.920	5.861	-3.957	-2.396	-1.371	0.756	0.470
MORF_BUB1B MORF_BUB1B	-1.272	1.464	2.685	3.681	0.605	-1.857	0.605	-1.272	-1.857	-1.272	-1.870
MODULE_29 MODULE_29	-1.160	-1.160	-1.160	-0.579	-0.279	-0.579	3.243	4.781	0.608	-1.160	-1.167
MODULE_292 MODULE_292	1.176	-2.938	-1.904	-1.190	-0.703	0.767	-1.904	-0.703	0.767	0.767	6.390
GNF2_IGFBP1 GNF2_IGFBP1	-0.218	-0.796	-1.451	-1.451	1.032	6.050	-1.451	-1.451	0.681	-0.796	0.675
GCM_HBP1 GCM_HBP1	-2.907	0.739	2.885	2.435	0.343	-1.394	0.520	0.739	-0.647	-1.394	-2.923
MODULE_97 MODULE_97	-0.678	1.002	1.869	3.424	0.413	-4.033	0.577	-0.324	0.280	-2.268	-2.287
GNF2_ELAC2 GNF2_ELAC2	-1.908	1.275	3.204	1.275	1.682	-1.908	-0.228	-1.158	-0.411	-1.908	-1.167
MORF_CDH4 MORF_CDH4	1.678	-0.703	-0.525	-0.923	-0.525	5.942	-3.629	-1.904	-0.923	0.598	1.158
GNF2_PPP6C GNF2_PPP6C	-1.617	-0.925	0.556	0.859	0.859	-1.617	4.642	0.859	-0.524	-1.617	-1.626
MODULE_208 MODULE_208	1.279	-2.515	-1.990	-1.211	-0.694	1.279	-1.990	-1.562	1.043	2.469	2.795
GCM_RBM8A GCM_RBM8A	-0.397	0.726	2.706	3.627	-0.865	-3.323	-0.397	0.969	-0.595	-1.226	-2.383
MORF_SP3 MORF_SP3	-1.172	-0.559	1.645	1.318	1.028	-1.645	3.286	1.028	-1.645	-2.293	-2.309
MORF_WNT1 MORF_WNT1	3.689	0.420	-0.634	-1.543	-1.168	4.615	-0.870	-2.608	-1.168	-0.634	0.967
MODULE_182 MODULE_182	-0.506	1.479	1.479	2.884	0.259	-4.117	0.542	-0.347	0.542	-2.335	-2.355
MORF_FLT1 MORF_FLT1	4.730	-1.639	-1.279	-2.077	0.772	2.687	-1.639	-0.744	-1.639	0.772	0.585
MORF_DAP MORF_DAP	-3.240	-0.820	-0.368	1.318	0.559	-1.645	2.827	2.827	0.243	-0.559	-2.309
GNF2_LCAT GNF2_LCAT	2.426	-0.523	-1.233	-1.233	-0.523	2.779	-3.201	-0.711	-2.019	0.811	2.748
GNF2_RRM2 GNF2_RRM2	-0.958	0.528	1.179	4.508	0.821	-0.958	0.821	-0.958	-1.658	-1.658	-1.668
MODULE_57 MODULE_57	-2.323	0.398	1.194	3.438	0.879	-1.502	1.556	-0.381	-2.323	-0.622	-1.513
MODULE_68 MODULE_68	-0.520	-1.077	-1.077	-1.077	0.372	9.200	-0.520	-0.520	-0.520	-0.520	0.368
GCM_PFN1 GCM_PFN1	-2.115	-0.837	1.058	1.058	0.302	-1.328	2.777	1.416	0.499	-2.115	-2.128
GNF2_DENR GNF2_DENR	-2.115	1.058	1.823	2.777	-0.513	-2.115	1.058	0.302	-0.300	-2.115	-1.338
MORF_GSPT1 MORF_GSPT1	-1.260	0.547	1.944	4.112	0.547	-1.260	0.547	-1.260	-0.270	-2.032	-2.044
GNF2_G22P1 GNF2_G22P1	-1.492	-0.234	4.327	2.395	-0.234	-1.492	0.381	0.381	-0.828	-1.492	-1.501
GCM_RAN GCM_RAN	-0.673	0.933	2.002	1.113	0.933	-5.812	1.113	0.771	0.294	-1.868	-2.254
MODULE_171 MODULE_171	1.387	-1.931	-1.931	-1.212	-0.941	0.938	-2.402	-0.941	0.749	2.555	3.231
GNF2_GLTSCR2 GNF2_GLTSCR2	-0.671	-1.285	-1.285	0.264	-0.341	-1.285	1.723	5.938	0.264	-0.341	-1.292
MORF_PTPRR MORF_PTPRR	1.674	0.347	-1.052	-3.189	0.493	5.510	-1.861	-1.409	-0.552	0.669	-0.392
MORF_BCL2L11 MORF_BCL2L11	2.567	-0.326	-1.117	-0.900	1.303	1.757	-3.957	-2.396	-1.371	1.521	0.902
MODULE_382 MODULE_382	-0.279	-1.160	-1.160	-0.579	0.608	5.644	-1.160	-1.160	0.608	-1.160	0.972
MODULE_157 MODULE_157	1.762	-0.322	-0.890	-2.044	-0.651	1.197	-0.651	-4.493	0.561	3.629	0.275
MORF_CD8A MORF_CD8A	1.419	0.434	-1.302	-2.106	1.984	1.419	-2.106	-1.665	-2.644	1.690	1.155
MORF_USP5 MORF_USP5	-2.157	0.287	1.368	0.287	0.287	-0.865	2.700	2.211	-0.534	-2.157	-2.170
GNF2_NS GNF2_NS	-1.658	0.302	1.598	3.825	0.821	-0.549	0.528	-0.300	-1.658	-1.658	-1.668
GNF2_HLA_C GNF2_HLA_C	-1.949	-1.192	0.370	-0.431	-0.431	-1.949	0.598	0.885	3.113	2.072	-1.960
GCM_RAF1 GCM_RAF1	-1.783	-0.624	2.360	1.867	1.042	-1.057	1.042	0.717	-1.057	-1.783	-1.793
MODULE_274 MODULE_274	1.820	-0.911	0.485	-3.407	0.327	3.977	-2.440	-1.281	0.327	0.327	0.321
MODULE_324 MODULE_324	1.502	-0.868	-2.283	-2.283	-0.486	1.252	-1.442	-1.127	0.492	0.492	5.144
GNF2_TNFRSF1B GNF2_TNFRSF1B	-0.527	-1.785	-1.212	-0.527	-0.329	-2.657	-0.810	2.819	0.909	3.849	0.270
MODULE_234 MODULE_234	2.083	0.259	-1.432	-2.240	0.665	1.658	-1.432	-1.432	0.259	-1.432	2.533
MODULE_433 MODULE_433	1.329	-1.678	-0.470	-2.532	0.730	2.102	-2.532	-1.123	-0.287	0.730	1.679
GCM_CRKL GCM_CRKL	-0.810	-0.810	2.819	1.552	0.275	-1.785	0.652	1.936	-0.329	-1.785	-2.672
GNF2_PECAM1 GNF2_PECAM1	-0.622	-2.323	-0.977	0.233	0.233	-2.323	-0.977	1.556	0.233	4.009	1.182
GNF2_CD1D GNF2_CD1D	0.240	-1.091	-1.824	-0.373	-0.650	-1.824	-0.650	1.803	-0.373	5.407	0.426
MORF_RAB5A MORF_RAB5A	-2.201	-0.897	0.302	-0.301	0.819	-2.201	4.507	2.696	-0.446	-0.642	-1.242
MORF_ATOX1 MORF_ATOX1	-1.709	-0.595	-0.254	0.353	1.562	-2.366	1.911	4.132	-0.865	-0.595	-1.724
GCM_RAD21 GCM_RAD21	-1.534	0.359	1.335	2.884	1.335	-0.860	0.359	0.359	-1.534	-1.534	-1.543
MORF_BAG5 MORF_BAG5	-1.467	-0.364	0.416	0.912	1.235	-0.949	2.984	1.606	-1.467	-2.282	-1.478
CAR_HPX CAR_HPX	1.192	-0.471	-0.710	-1.039	-0.710	4.728	-2.110	-1.039	-1.488	0.302	2.243
GCM_ERBB2IP GCM_ERBB2IP	-1.123	-1.123	1.329	2.550	0.499	-2.532	1.329	0.499	0.499	-0.738	-2.546
GNF2_KISS1 GNF2_KISS1	-0.270	-0.471	-1.260	-2.032	0.334	7.740	-0.782	-0.782	0.334	-0.471	0.330
GNF2_BUB3 GNF2_BUB3	-1.160	0.324	1.966	3.980	0.980	-1.160	-0.579	-0.579	-0.579	-1.160	-1.167
GNF2_CENPE GNF2_CENPE	-0.991	0.502	1.538	4.380	0.785	-0.991	0.285	-0.574	-0.991	-1.700	-1.710
MORF_MAP3K14 MORF_MAP3K14	2.971	-0.332	-1.144	-0.469	0.272	5.142	-0.867	-1.904	-1.485	-1.144	0.522
GNF2_ANP32B GNF2_ANP32B	-1.534	0.615	3.513	1.335	1.335	-1.534	-0.476	-0.250	-0.860	-1.534	-0.867
MODULE_149 MODULE_149	-1.534	-0.250	-0.860	-0.250	0.942	-1.534	4.194	1.335	0.359	-1.534	-0.867
MORF_PPP2R5E MORF_PPP2R5E	-1.773	1.180	0.681	1.180	0.485	-1.773	1.820	1.820	-0.911	-1.773	-2.457
MODULE_358 MODULE_358	-0.842	0.367	2.346	1.283	0.540	-3.282	0.540	-0.577	1.603	-1.199	-2.346
GNF2_MBD4 GNF2_MBD4	-1.036	-1.036	-0.491	0.727	0.727	-1.036	1.661	3.663	-1.036	-0.491	-1.042
GNF2_CYP2B6 GNF2_CYP2B6	2.418	0.334	-2.032	-0.782	-1.260	0.547	-2.032	-0.471	-0.782	1.140	2.400
GNF2_H2AFX GNF2_H2AFX	-1.285	0.509	0.837	2.272	1.243	-1.285	1.243	-0.341	-1.285	-1.285	-1.292
GNF2_CD53 GNF2_CD53	-1.572	-1.035	-0.247	-0.247	-0.668	-2.407	1.115	0.816	3.270	1.461	-1.584
GNF2_ESPL1 GNF2_ESPL1	-0.796	1.938	1.938	1.938	0.681	-0.796	-0.796	-0.218	-1.451	-1.451	-1.459
GNF2_EGFR GNF2_EGFR	0.247	-0.363	-1.326	-1.326	0.247	5.749	-1.326	-0.702	0.795	-0.702	0.475
GNF2_SPRR1B GNF2_SPRR1B	0.427	-0.462	-0.462	-0.462	-0.462	7.592	-0.994	-0.994	-0.204	-0.994	-0.206
GCM_MAP4K4 GCM_MAP4K4	0.414	0.679	2.213	0.679	0.679	-4.125	0.841	0.310	0.414	-0.676	-4.159
MODULE_308 MODULE_308	-2.907	-0.961	3.369	2.020	0.520	-2.001	0.520	0.520	-0.647	-0.647	-0.427
GNF2_TIMP2 GNF2_TIMP2	-0.411	-0.411	-1.158	-1.908	0.390	6.630	-1.158	-0.702	0.390	-0.411	0.619
MORF_LCAT MORF_LCAT	3.087	0.492	-1.127	0.492	-0.351	3.468	-1.127	-2.839	-1.127	-1.127	0.482
GCM_CHUK GCM_CHUK	-1.425	1.264	1.598	0.328	1.264	-2.037	1.598	0.714	-0.668	-2.037	-2.052
MODULE_76 MODULE_76	-0.614	-0.614	-1.741	-2.403	0.340	1.522	-1.254	-1.254	0.703	2.240	2.624
MODULE_107 MODULE_107	0.540	-0.577	-2.329	-1.677	-1.199	1.283	-1.677	-0.243	-0.243	1.957	3.191
MORF_TNFRSF6 MORF_TNFRSF6	2.350	0.346	-0.621	-1.264	2.350	0.913	-2.785	-1.908	-1.561	1.546	-0.267
GNF2_PTPRC GNF2_PTPRC	-2.823	-0.606	-0.239	-0.389	-0.239	-2.823	0.561	0.373	3.022	1.735	-0.395
GNF2_GSTM1 GNF2_GSTM1	2.043	-0.668	-0.910	-0.910	-0.668	1.725	-2.677	-0.668	-1.215	0.544	3.535
MODULE_116 MODULE_116	-1.202	-1.202	-0.610	0.303	-0.299	-0.610	4.611	0.303	1.881	-1.202	-0.615
CAR_IGFBP1 CAR_IGFBP1	1.154	-0.398	-0.645	-0.645	-0.645	3.914	-2.365	-1.537	-0.645	-0.234	1.889
GNF2_MMP11 GNF2_MMP11	-0.335	-0.599	-1.024	-1.741	0.477	6.486	-1.024	-0.599	0.477	-0.599	0.472
MODULE_259 MODULE_259	2.649	-0.702	-0.702	-1.158	-0.702	-1.908	-0.411	-0.702	-0.411	3.805	0.913
GNF2_CD48 GNF2_CD48	-1.326	-1.326	0.480	-0.363	-0.702	-1.326	1.186	1.186	2.778	0.480	-1.334
MODULE_223 MODULE_223	0.663	-1.661	-1.321	-1.321	-3.137	1.497	-0.329	-0.329	1.497	3.030	0.373
MORF_REV3L MORF_REV3L	-1.607	2.686	0.542	1.416	-0.434	-2.448	0.347	0.347	0.347	0.347	-2.463
GCM_SUFU GCM_SUFU	0.397	-0.541	3.355	1.059	-0.354	-3.198	0.254	1.059	0.254	-0.797	-2.272
MODULE_352 MODULE_352	-0.704	-0.272	5.297	1.208	0.332	-0.704	-0.272	-0.704	-0.704	-0.704	-0.708
MODULE_321 MODULE_321	-2.168	-0.368	1.619	-0.368	-1.680	-3.570	-0.252	0.356	1.088	1.619	1.322
MODULE_403 MODULE_403	-1.158	1.275	0.626	3.805	0.626	-1.908	-0.411	-0.411	-0.228	-1.908	-0.709
MODULE_288 MODULE_288	0.615	-0.860	-0.860	-0.860	-0.476	4.194	-1.534	-1.534	0.359	0.359	1.324
MODULE_91 MODULE_91	-1.534	0.359	-0.476	1.793	2.310	-0.860	1.335	0.359	-0.476	-1.534	-1.543
GCM_DENR GCM_DENR	-1.294	-0.285	1.465	0.318	1.098	-2.074	1.882	0.783	0.318	-2.074	-1.304
MODULE_323 MODULE_323	-1.643	-0.714	1.745	1.372	0.520	-1.643	1.745	0.758	-0.273	-0.714	-2.504
GCM_ING1 GCM_ING1	-0.586	1.783	0.583	0.239	1.100	-2.782	1.100	-0.374	0.820	-0.885	-2.798
MODULE_28 MODULE_28	-1.326	0.247	-0.363	1.650	2.778	-0.702	1.650	-0.702	-0.363	-1.326	-1.334
GNF2_S100A4 GNF2_S100A4	-0.729	-1.192	-1.949	0.370	-0.241	-1.949	-0.431	1.228	0.598	3.701	0.365
MODULE_165 MODULE_165	-0.888	-0.888	-0.412	-2.403	-0.412	2.240	-2.403	0.340	0.340	1.522	2.219
MODULE_125 MODULE_125	-1.091	1.000	1.374	2.284	0.431	-1.824	1.000	-0.650	-0.373	-1.091	-1.835
MODULE_337 MODULE_337	-0.810	2.359	1.209	1.552	-0.329	-2.657	0.441	0.652	-1.785	-0.527	-1.223
MODULE_263 MODULE_263	-0.676	-1.124	-1.866	-1.124	0.960	3.298	-0.676	-1.124	0.226	0.960	1.311
MODULE_247 MODULE_247	0.359	0.615	-0.250	-1.534	-0.860	0.615	-1.534	-1.534	-0.476	3.513	0.933
MODULE_158 MODULE_158	-1.057	1.042	1.426	2.360	0.254	-1.783	1.042	-0.624	-0.354	-1.057	-1.793
GNF2_MAPT GNF2_MAPT	1.131	0.285	-0.318	-1.700	-0.991	1.538	-0.991	-1.700	-0.991	2.002	1.121
GNF2_MSH2 GNF2_MSH2	-1.160	0.980	0.980	1.966	0.980	-1.160	-0.279	0.608	-1.160	-1.160	-1.167
MORF_ITGA2 MORF_ITGA2	0.879	0.613	-0.622	-2.323	1.963	1.194	-0.381	-1.502	-2.323	0.398	0.606
GCM_CSNK1A1 GCM_CSNK1A1	-0.828	-0.453	1.392	2.395	-0.453	-1.492	0.647	1.392	-0.234	-1.492	-1.501
GNF2_MYL3 GNF2_MYL3	0.837	-0.671	-0.671	-1.285	0.264	0.837	-0.671	-1.285	-0.341	-0.671	5.064
GNF2_INPP5D GNF2_INPP5D	-1.783	-0.624	0.717	-0.354	-0.354	-1.783	1.042	0.717	2.360	0.717	-1.793
GNF2_TST GNF2_TST	2.257	-0.585	-1.462	-0.585	-0.585	1.316	-1.922	-0.585	-1.462	0.463	3.404
MODULE_109 MODULE_109	0.859	-0.925	-1.617	-1.617	-0.524	1.660	-0.925	-0.925	0.320	1.660	1.647
MODULE_111 MODULE_111	1.691	-0.594	0.275	-2.377	-0.995	1.001	-1.258	-1.941	0.502	3.609	0.370
GCM_NCAM1 GCM_NCAM1	0.311	-0.411	3.388	1.984	-0.566	-4.147	-0.291	0.311	-1.004	0.434	-0.774
GNF2_ITGB2 GNF2_ITGB2	-1.537	-1.537	-0.398	0.380	-0.645	-2.365	-0.398	1.508	2.348	1.508	0.375
MODULE_329 MODULE_329	2.278	-0.513	-1.328	-2.115	0.302	2.777	-1.328	-0.837	0.302	0.752	-0.305
MODULE_397 MODULE_397	-1.144	2.971	1.637	0.896	-0.867	-2.420	0.389	1.117	-0.645	-0.469	-1.924
MORF_GPX4 MORF_GPX4	-1.467	-0.949	-0.364	0.416	0.246	-2.282	2.022	2.482	0.416	0.639	-1.478
MODULE_85 MODULE_85	3.904	-0.513	-0.513	-1.328	-0.837	-1.328	-0.300	-1.328	-0.300	2.278	0.744
MODULE_61 MODULE_61	-2.074	0.523	3.411	1.465	-0.285	-0.810	0.318	0.318	-2.074	-0.492	-0.498
MODULE_287 MODULE_287	1.098	-0.492	-0.492	-1.294	-0.285	3.411	-2.074	-0.810	-0.810	-0.285	1.867
MODULE_170 MODULE_170	0.249	-0.521	-1.007	-1.801	0.525	-0.360	-2.369	-0.521	0.249	3.243	2.802
GNF2_VAV1 GNF2_VAV1	-1.492	-0.453	0.381	-0.453	-0.828	-1.492	1.863	0.647	1.863	0.986	-1.501
MORF_THPO MORF_THPO	1.419	0.581	-0.762	-1.665	0.950	3.388	-2.106	-1.004	-1.665	0.434	0.425
MORF_PRKCA MORF_PRKCA	1.229	-0.277	-0.490	-1.861	1.444	2.483	-1.861	-1.535	-1.861	0.854	0.838
GNF2_RPA1 GNF2_RPA1	-1.160	-0.279	4.781	0.324	0.980	-1.160	0.324	-0.279	-0.579	-1.160	-0.584
MODULE_159 MODULE_159	-1.741	0.503	0.503	0.940	1.522	-2.403	1.522	1.214	-0.412	-1.741	-1.267
MODULE_172 MODULE_172	0.596	-0.919	-1.682	-1.254	-0.919	1.292	-2.234	0.596	-0.312	1.292	3.023
GNF2_SPINK1 GNF2_SPINK1	1.090	-0.520	-1.077	-0.520	-0.240	5.151	-1.077	-0.240	-1.077	-0.240	-0.243
MODULE_387 MODULE_387	2.418	-0.471	-1.260	-2.032	-0.270	2.939	-1.260	-0.782	0.334	0.547	-0.274
MODULE_79 MODULE_79	-0.347	-0.506	-0.985	-1.771	0.385	0.259	-2.335	-0.506	0.259	3.302	2.856
GCM_DLG1 GCM_DLG1	0.540	-0.382	-0.577	-0.577	1.957	-3.282	0.750	0.998	1.603	-0.842	-1.692
MODULE_108 MODULE_108	-0.381	-1.502	-0.977	-1.502	0.879	2.414	-0.622	-1.502	-0.381	2.414	0.869
MODULE_180 MODULE_180	2.695	-1.435	-0.613	-2.990	-0.830	0.563	-0.443	-0.613	-0.443	2.341	1.153
MODULE_42 MODULE_42	-0.222	-0.491	-0.491	0.398	0.727	-1.036	3.663	-1.036	1.151	-1.036	-1.042
GNF2_TM4SF2 GNF2_TM4SF2	1.581	-0.520	-0.520	-1.077	-1.077	1.581	-1.077	-1.077	-0.240	2.152	0.368
GCM_ANP32B GCM_ANP32B	-1.492	-0.453	1.863	0.986	0.381	-0.828	1.392	0.986	-0.453	-1.492	-1.501
MODULE_199 MODULE_199	2.831	-1.006	-0.398	-1.537	-0.645	-1.537	-0.398	-0.645	-0.398	2.831	1.142
MODULE_164 MODULE_164	0.316	-1.123	-1.123	-1.678	-1.123	3.559	-1.123	-0.470	1.007	1.007	0.996
MORF_RAB11A MORF_RAB11A	-1.064	0.542	0.786	1.078	0.542	-1.607	2.221	0.786	-0.691	-1.064	-2.463
MODULE_426 MODULE_426	0.999	0.391	-0.751	-1.969	-1.054	1.269	-1.969	-0.350	-0.350	-0.350	3.997
GCM_TPR GCM_TPR	-0.702	-0.363	2.182	3.435	0.480	-1.326	0.247	-0.702	-0.363	-1.326	-0.707
GNF2_CD14 GNF2_CD14	-0.765	-0.407	-0.765	-0.407	-0.407	-1.409	-0.765	1.081	-0.765	4.611	1.072
GNF2_SMC2L1 GNF2_SMC2L1	-0.733	0.755	2.097	2.675	0.453	-0.733	0.231	-0.733	-0.733	-1.368	-1.375
GNF2_CEBPA GNF2_CEBPA	1.552	-0.329	-1.785	-1.212	-0.329	0.652	-1.785	-0.810	-0.527	0.909	3.291
GNF2_SERPINI2 GNF2_SERPINI2	0.427	-0.462	-0.994	-0.462	-0.204	5.568	-0.994	-0.204	-0.994	-0.462	0.423
MODULE_36 MODULE_36	-1.428	-0.907	0.679	1.466	0.845	-2.151	1.714	0.845	0.301	0.533	-3.174
MORF_TTN MORF_TTN	-0.300	0.499	0.302	-1.328	2.278	2.777	-0.513	-0.513	-2.115	-1.328	0.298
GNF2_RAB3A GNF2_RAB3A	0.615	-0.860	-0.860	-1.534	-0.860	1.793	-0.476	-1.534	0.359	1.335	1.779
GNF2_BNIP2 GNF2_BNIP2	-1.409	-0.407	-0.407	0.717	0.428	-0.765	2.578	1.515	0.428	-1.409	-1.417
GNF2_MLF1 GNF2_MLF1	0.405	-1.422	-1.422	-0.338	0.578	5.158	-1.030	-0.505	-1.422	0.405	0.774
MODULE_445 MODULE_445	1.387	-0.621	-0.621	-0.621	-0.621	2.071	-0.621	-0.621	-0.621	-0.223	2.061
MODULE_128 MODULE_128	-0.324	-0.476	-0.941	-1.712	0.413	-0.324	-2.268	-0.476	0.280	2.995	2.966
MODULE_209 MODULE_209	0.739	-0.771	-2.002	-1.479	-0.771	0.971	-2.002	0.739	0.246	1.237	2.590
MODULE_121 MODULE_121	1.479	-0.506	-1.331	-1.771	-1.331	1.479	-1.331	-0.715	0.542	2.884	0.533
MORF_CSNK1D MORF_CSNK1D	-2.001	0.343	0.520	1.302	0.343	-1.394	2.020	-0.263	0.739	-0.263	-2.923
GCM_MAX GCM_MAX	-1.285	1.723	1.723	0.509	0.509	-1.285	0.509	0.264	-0.341	-1.285	-1.292
GNF2_TYK2 GNF2_TYK2	-1.368	-0.385	0.231	1.132	-0.385	-0.733	2.097	1.581	0.453	-1.368	-1.375
GCM_BCL2L1 GCM_BCL2L1	-1.409	0.428	1.515	2.578	0.428	-1.409	0.428	0.216	-0.407	-0.765	-1.417
MODULE_307 MODULE_307	-0.491	-0.491	-1.036	0.398	-0.491	-1.036	0.398	2.254	2.922	-0.491	-1.042
MODULE_392 MODULE_392	-0.745	1.130	0.656	2.403	1.130	-0.745	-0.745	-0.745	-0.298	-0.745	-0.750
MODULE_332 MODULE_332	-0.676	0.226	0.960	3.298	-0.392	-1.866	1.741	-0.392	-0.676	-1.124	-0.683
MORF_KDR MORF_KDR	1.056	-0.301	-0.897	-1.653	1.952	0.819	-0.897	-1.653	-1.653	1.952	0.605
GCM_HMGA2 GCM_HMGA2	-0.254	-0.694	-1.562	-0.694	-0.925	5.917	-0.925	-0.510	-0.254	0.354	1.027
GNF2_PTPN6 GNF2_PTPN6	-1.192	-1.192	-0.241	-0.431	-0.729	-1.949	0.885	0.598	3.113	1.228	-0.436
GCM_PTK2 GCM_PTK2	-0.257	2.241	0.781	-1.095	0.970	-3.237	-0.257	0.781	0.970	-0.853	-1.757
MODULE_316 MODULE_316	2.020	-2.001	-0.647	-2.001	-0.421	1.302	-0.647	-0.961	0.343	0.739	1.625
GNF2_CD33 GNF2_CD33	-0.300	-0.837	-1.328	-0.837	-0.300	-2.115	-0.300	1.416	0.499	3.320	0.493
GNF2_MCL1 GNF2_MCL1	-0.645	-2.365	-0.645	-0.645	-0.398	-1.537	0.380	2.348	1.508	1.154	0.375
GNF2_UBE2I GNF2_UBE2I	-1.091	-0.650	0.685	0.431	1.374	-1.091	2.284	1.000	-0.373	-1.091	-1.835
MODULE_273 MODULE_273	-0.534	-0.316	-0.865	1.368	0.287	-1.363	2.700	-0.316	1.368	-0.534	-2.170
GNF2_FGR GNF2_FGR	-1.326	-1.326	0.247	-0.363	-0.702	-1.326	-0.363	2.182	0.480	1.650	0.788
GNF2_CCNA1 GNF2_CCNA1	0.389	-0.885	-1.892	0.239	0.820	4.141	-1.303	-0.374	-1.303	0.389	0.575
MORF_PPP2R4 MORF_PPP2R4	-1.328	-0.513	-0.513	0.752	-0.300	-1.328	2.278	3.320	-0.300	-0.837	-0.845
MODULE_115 MODULE_115	-1.119	-0.260	-0.550	0.645	1.506	-1.119	2.681	0.645	-0.550	-1.119	-0.554
GNF2_RTN1 GNF2_RTN1	0.722	0.287	-0.534	-1.363	-1.363	1.766	-0.316	-1.363	-1.363	1.766	1.356
GNF2_BUB1 GNF2_BUB1	-1.077	0.685	1.581	2.152	0.372	-0.520	-0.240	0.372	-1.077	-1.077	-1.083
MORF_THRA MORF_THRA	0.259	-0.578	-0.921	-1.432	0.259	2.552	-1.432	-0.578	-0.921	1.278	2.066
MORF_SS18 MORF_SS18	-1.714	0.973	2.484	0.302	0.302	-1.152	1.288	0.703	-0.489	-1.152	-1.726
MODULE_248 MODULE_248	0.550	-0.310	-1.717	-2.709	-0.796	2.555	-0.436	-0.596	-0.310	0.906	1.888
MORF_RAP1A MORF_RAP1A	-2.493	0.876	0.538	2.433	0.292	-0.998	-0.310	0.538	1.555	-1.277	-1.631
MORF_RAB6A MORF_RAB6A	-0.885	-0.374	0.239	0.820	0.583	-1.892	3.600	1.100	-0.885	-0.586	-1.314
MORF_MYL3 MORF_MYL3	1.264	0.328	0.328	-0.437	1.598	1.598	-0.987	-1.425	-2.948	-0.275	-0.280
GCM_CDH5 GCM_CDH5	0.381	-0.828	-1.492	-0.234	-0.828	5.076	-0.453	-0.453	-0.453	-0.234	0.641
MODULE_368 MODULE_368	1.130	-0.745	-0.745	-0.745	-0.298	3.188	0.304	-0.745	-0.745	-0.298	0.651
MORF_UBE2A MORF_UBE2A	-0.471	0.334	0.816	0.334	1.944	-1.260	0.547	1.517	-0.782	-2.032	-1.269
GNF2_MKI67 GNF2_MKI67	-0.579	0.980	1.434	1.434	0.980	-0.579	0.324	-0.579	-1.160	-1.160	-1.167
GCM_IL6ST GCM_IL6ST	-0.578	-0.921	0.947	1.278	1.278	-2.240	0.259	0.947	0.665	-0.921	-1.443
MODULE_219 MODULE_219	-1.119	0.347	3.375	-0.260	0.645	-1.119	0.645	0.347	-0.550	-0.550	-1.125
MODULE_318 MODULE_318	-1.160	2.570	-0.579	2.570	0.324	-1.160	-0.279	-0.279	-0.279	-0.579	-0.584
GNF2_FOS GNF2_FOS	-0.318	-0.574	-1.700	-0.574	-0.574	-1.700	-0.318	1.131	1.131	2.002	0.777
GCM_TEC GCM_TEC	1.186	-1.326	-1.326	0.247	-1.326	1.650	-0.363	-0.363	0.247	-0.363	1.638
GCM_HDAC1 GCM_HDAC1	-1.575	-0.266	1.725	1.281	0.339	-0.893	1.281	0.339	-0.266	-0.893	-1.584
MODULE_277 MODULE_277	-0.949	0.416	2.984	1.235	0.912	-0.949	0.416	-0.364	-0.600	-1.467	-1.478
GCM_RAP2A GCM_RAP2A	-0.407	0.428	2.015	2.015	0.428	-0.765	-1.409	-0.765	0.428	-0.407	-1.417
GNF2_CDKN1C GNF2_CDKN1C	-0.260	-0.260	-1.119	-1.119	0.347	3.375	-0.550	-1.119	1.033	-0.260	0.343
GNF2_CBFB GNF2_CBFB	-1.243	-0.640	1.304	1.304	0.540	-1.243	1.304	0.283	0.283	-0.640	-1.250
GNF2_MYD88 GNF2_MYD88	-1.093	-1.093	-0.452	-0.714	0.331	-1.643	0.520	3.112	1.372	0.758	-0.722
GCM_CSNK1D GCM_CSNK1D	-0.671	-0.671	0.837	0.837	0.837	-1.285	0.837	1.243	0.264	-1.285	-1.292
GCM_AIP GCM_AIP	-0.300	0.302	4.508	0.302	-0.300	-0.958	-0.300	0.528	-0.300	-1.658	-0.965
MORF_IL9 MORF_IL9	1.391	0.654	-1.178	-0.418	-0.278	1.700	-0.418	-2.850	-0.278	-1.178	1.374
GNF2_CDH3 GNF2_CDH3	0.347	-0.550	-1.119	-1.119	-0.550	2.056	-0.260	-0.550	-0.550	0.347	2.666
MORF_LTK MORF_LTK	2.168	-1.433	-1.135	-1.433	0.585	2.809	-0.887	-0.274	-0.515	0.746	-0.525
GCM_SMARCC1 GCM_SMARCC1	-0.250	-0.250	1.793	1.335	-0.860	-1.534	1.335	0.359	-0.476	-1.534	-0.481
GCM_BAG5 GCM_BAG5	-0.500	-0.500	0.585	0.339	1.725	-1.575	1.725	0.585	-0.266	-0.893	-1.584
MORF_RAB3A MORF_RAB3A	3.483	0.246	-0.538	-0.771	0.377	1.865	-0.363	-1.479	-1.479	-0.771	0.370
MODULE_320 MODULE_320	-0.351	1.523	2.152	-0.351	-0.828	-0.351	0.992	-0.828	-0.828	0.256	-0.833
MORF_PPP5C MORF_PPP5C	-1.128	0.918	1.174	2.130	-0.572	-1.536	0.350	1.461	-0.572	-0.813	-1.551
MODULE_65 MODULE_65	1.258	-0.414	-0.414	-0.414	-0.414	0.641	-0.414	-0.414	-0.414	-0.414	2.969
GCM_FANCL GCM_FANCL	-0.462	-0.994	1.747	1.215	0.427	-0.994	0.773	-0.204	0.427	-0.994	-1.000
GNF2_DDX5 GNF2_DDX5	-0.786	-0.507	0.288	0.677	1.598	-0.786	1.990	1.248	-1.182	-0.786	-1.762
GCM_NUMA1 GCM_NUMA1	-0.949	0.416	1.235	2.482	0.416	-2.282	0.416	0.416	-0.600	-0.600	-0.958
MORF_PDCD1 MORF_PDCD1	1.157	0.881	-0.732	-1.519	1.472	1.823	-1.519	-0.488	-1.065	0.446	-0.741
MODULE_130 MODULE_130	0.458	0.200	-0.953	-0.953	-0.953	1.838	-0.953	0.200	-0.434	1.284	0.816
MODULE_306 MODULE_306	-0.520	-1.077	-0.520	0.685	1.581	-0.520	2.798	-1.077	-0.240	-0.240	-0.524
MORF_STK17A MORF_STK17A	3.807	-1.366	-0.690	-0.879	0.524	1.417	-1.366	-0.879	-0.405	0.403	0.394
MODULE_102 MODULE_102	-0.787	0.609	3.023	-0.324	0.609	-0.787	-0.324	0.609	-0.787	-0.324	-0.791
MODULE_388 MODULE_388	-0.704	-0.272	2.545	-0.704	1.824	-0.272	-0.272	0.332	-0.272	-0.704	-0.708
MODULE_93 MODULE_93	-1.292	-0.391	-0.661	-2.290	-0.513	-0.513	2.133	1.870	1.186	-0.513	0.517
MODULE_106 MODULE_106	1.490	-0.580	-0.580	-0.580	-0.580	1.490	-0.580	-0.199	-0.580	0.434	0.887
