GO	[-5.24 -0.50]	[-0.50 -0.23]	[-0.23 -0.12]	[-0.12 -0.05]	[-0.05 0.00]	[0.00 0.00]	[0.00 0.07]	[0.07 0.18]	[0.18 0.36]	[0.36 0.73]	[0.73 7.53]
ATCATGA_MIR433 ATCATGA_MIR433	-1.335	0.467	-0.552	1.544	1.544	-4.736	0.628	0.628	1.839	-0.756	-1.726
ACCATTT_MIR522 ACCATTT_MIR522	-0.531	-0.399	3.991	3.256	0.691	-2.572	-0.293	-0.399	-1.404	-0.399	-2.111
MIR337_3P MIR337_3P	-0.469	1.358	0.530	0.892	2.245	-3.869	0.272	0.388	0.698	-1.483	-2.408
MIR4693_5P MIR4693_5P	1.164	1.717	0.929	0.392	0.543	-4.528	0.392	0.270	-0.479	-1.214	-0.905
MIR3685 MIR3685	-0.318	0.285	2.582	1.536	-0.548	-3.910	0.491	0.285	0.767	-1.975	-0.418
MIR7161_5P MIR7161_5P	-0.622	0.999	1.850	2.105	-0.371	-2.520	0.678	0.426	0.325	-2.520	-1.199
MIR302D_5P MIR302D_5P	-0.889	1.236	1.048	0.876	0.463	-3.721	-0.334	1.901	0.584	-1.337	-1.329
MIR5197_5P MIR5197_5P	-0.310	0.293	0.951	0.389	-0.310	-3.877	2.055	2.328	-0.688	-1.080	-0.862
MIR371A_5P MIR371A_5P	-0.762	1.509	0.591	0.353	-0.458	-4.320	1.086	2.005	-0.595	-1.193	0.356
MIR12135 MIR12135	-0.408	0.623	1.105	-0.528	0.386	-3.094	1.301	2.526	0.293	-2.219	-0.838
MIR522_3P MIR522_3P	0.326	-0.278	0.551	1.435	-0.373	-6.210	0.850	-0.491	0.551	0.551	-0.370
GCACCTT_MIR18A_MIR18B GCACCTT_MIR18A_MIR18B	1.962	0.914	0.914	0.717	0.400	-3.831	0.400	-0.322	-0.322	-0.848	-1.866
MIR885_5P MIR885_5P	-0.598	0.755	1.449	1.732	1.732	-1.817	-0.301	0.426	-2.321	-1.408	-0.594
AAAGGAT_MIR501 AAAGGAT_MIR501	0.946	0.579	2.986	0.946	-0.412	-3.300	0.579	-0.412	-0.761	-0.761	-1.294
ATAGGAA_MIR202 ATAGGAA_MIR202	0.492	2.712	-0.385	0.667	-0.385	-3.184	1.373	0.492	-0.385	-1.408	-1.047
ACAACTT_MIR382 ACAACTT_MIR382	-1.518	0.288	1.467	1.817	-0.488	-1.065	-1.065	3.073	-0.732	-0.732	-0.486
MIR2115_5P MIR2115_5P	0.977	-1.168	5.021	-0.374	-0.512	-1.873	-0.512	-0.374	-0.903	0.782	-0.371
MIR142_3P MIR142_3P	-1.156	0.486	1.561	-0.327	-0.327	-5.043	0.276	1.561	-0.327	0.618	0.375
MIR4633_3P_MIR6500_5P MIR4633_3P_MIR6500_5P	-1.534	0.614	-0.477	0.614	-1.534	0.614	-0.250	0.614	2.305	-1.534	-0.249
MIR628_3P MIR628_3P	0.435	-0.691	2.417	2.417	1.082	-1.364	-1.364	-0.691	-0.982	-0.982	0.291
MIR5699_5P MIR5699_5P	-0.522	-0.369	3.800	1.083	0.356	-1.677	-0.720	-2.165	0.496	0.664	-0.716
MIR5001_5P MIR5001_5P	-0.385	0.318	0.423	-0.285	-1.322	-4.077	1.955	0.691	0.318	-0.662	1.706
MIR762 MIR762	0.269	0.269	0.362	-0.447	-1.446	-3.616	2.313	0.604	0.362	-0.747	1.786
TAATGTG_MIR323 TAATGTG_MIR323	-0.556	0.660	1.674	2.216	0.518	-2.630	0.823	-0.310	-0.420	-1.163	-1.773
MIR7156_3P MIR7156_3P	1.543	-0.941	1.861	0.412	0.412	-2.996	0.576	-0.678	-0.941	0.998	-0.936
MIR218_1_3P MIR218_1_3P	0.362	-0.792	-0.247	-0.555	-0.555	-1.506	1.200	0.522	3.868	-2.033	-0.246
GAGCCAG_MIR149 GAGCCAG_MIR149	-0.267	-0.371	0.597	1.379	0.597	-3.980	2.502	-0.371	-0.503	-0.869	-0.499
TTGGGAG_MIR150 TTGGGAG_MIR150	-0.377	-0.377	0.362	0.522	-0.792	-2.734	1.492	-0.247	1.815	0.941	-2.027
MIR619_5P MIR619_5P	0.426	0.426	0.565	0.565	-1.232	-3.692	-1.560	1.882	0.426	0.913	0.313
MIR138_1_3P MIR138_1_3P	-0.427	0.910	-0.427	1.813	-1.281	-1.281	2.181	-0.278	0.326	-2.438	0.328
MIR4753_5P MIR4753_5P	0.706	0.564	1.459	1.693	0.335	-2.637	0.564	0.335	-0.270	-2.206	-1.502
MIR6866_3P MIR6866_3P	-0.301	0.301	1.188	2.256	-0.301	-2.108	0.463	1.188	-1.487	-1.487	-0.469
MIR4436B_5P MIR4436B_5P	-1.016	0.391	2.070	0.523	-1.297	-2.036	0.853	-0.320	2.378	-1.016	-0.591
MIR224_3P MIR224_3P	0.409	-0.392	0.816	1.387	-0.392	-5.303	0.816	-0.661	0.526	0.526	-0.389
MIR6715B_3P MIR6715B_3P	-0.331	1.832	1.554	1.299	-0.626	-1.767	0.519	0.384	-0.461	-2.768	-0.622
MIR4720_3P MIR4720_3P	-0.756	1.275	0.333	1.275	-0.272	-2.227	2.504	0.333	-1.335	-1.335	-0.269
MIR302A_5P MIR302A_5P	-0.495	0.981	1.823	-0.286	-0.996	-3.007	1.823	0.814	0.317	-1.224	-0.629
MIR4768_3P MIR4768_3P	0.623	2.248	0.927	0.386	-0.528	-1.045	0.766	1.301	-1.551	-1.551	-1.853
MIR1913 MIR1913	-3.195	0.986	0.986	0.359	0.257	-2.119	0.628	-0.478	-0.350	1.966	-0.347
MIR4778_5P MIR4778_5P	0.618	0.276	0.769	2.347	-0.436	-3.584	1.335	-0.327	-0.927	-0.927	-0.324
GACTGTT_MIR212_MIR132 GACTGTT_MIR212_MIR132	-0.284	1.279	0.557	2.032	-0.388	-3.700	1.068	-0.873	-0.388	-0.284	-0.868
MIR5691_MIR6805_3P MIR5691_MIR6805_3P	0.258	2.790	-0.622	2.167	0.614	-1.988	0.357	-1.298	-0.348	-1.031	-0.467
MIR188_5P MIR188_5P	-0.288	0.314	1.224	1.913	-0.288	-2.072	0.481	1.224	-1.456	-1.456	-0.452
MIR143_5P MIR143_5P	-0.813	-0.448	1.092	2.845	-0.611	-2.736	0.695	-0.321	-0.321	0.881	-1.059
MIR6845_3P MIR6845_3P	-0.396	1.637	0.320	1.380	-1.927	-2.397	0.320	-0.539	1.380	-0.940	0.584
ATGAAGG_MIR205 ATGAAGG_MIR205	0.337	-0.268	-0.368	2.394	-0.840	-3.632	1.822	-0.368	-0.268	-0.494	0.340
MIR12120 MIR12120	-0.525	-0.674	1.828	2.086	-0.525	-1.595	-0.525	1.587	0.514	-0.525	-1.918
MIR3664_3P MIR3664_3P	1.354	1.594	0.347	0.347	-1.638	0.463	-0.636	1.853	-2.014	-0.482	-1.312
MIR138_2_3P MIR138_2_3P	1.237	0.423	0.318	2.231	0.423	-1.322	-0.285	1.237	-1.625	-0.846	-1.969
MIR136_5P MIR136_5P	-0.357	0.368	1.364	2.645	0.683	-0.508	-1.650	-0.357	-0.951	-2.134	0.514
MIR623 MIR623	0.291	-1.099	0.413	0.561	-1.845	-2.984	1.418	1.165	0.413	0.736	0.293
MIR16_1_3P MIR16_1_3P	-0.597	0.863	1.664	0.863	0.568	-4.042	-0.263	0.568	-0.947	0.446	-0.752
MIR376C_3P MIR376C_3P	0.846	-0.744	2.016	2.016	-2.315	0.292	0.292	-0.744	0.399	-1.521	-0.421
