GO	[-6.32 -0.93]	[-0.93 -0.58]	[-0.58 -0.34]	[-0.34 -0.14]	[-0.14 0.00]	[0.00 0.00]	[0.00 0.19]	[0.19 0.43]	[0.43 0.79]	[0.79 1.78]	[1.78 11.51]
TMTCGCGANR_UNKNOWN TMTCGCGANR_UNKNOWN	-0.463	0.356	3.010	1.336	-0.783	-5.664	-0.463	1.820	1.123	-0.463	-3.322
GGAANCGGAANY_UNKNOWN GGAANCGGAANY_UNKNOWN	-0.493	1.399	1.999	3.089	-0.685	-3.489	0.381	0.528	-0.493	-0.493	-4.593
GCGNNANTTCC_UNKNOWN GCGNNANTTCC_UNKNOWN	0.332	0.459	3.094	0.332	1.222	-5.199	0.994	0.459	-0.388	-0.963	-3.251
SGCGSSAAA_E2F1DP2_01 SGCGSSAAA_E2F1DP2_01	-0.375	0.562	0.709	1.265	-0.648	-4.047	0.435	1.489	1.732	-0.276	-4.854
GGCNKCCATNK_UNKNOWN GGCNKCCATNK_UNKNOWN	-0.661	-1.930	1.894	1.601	1.090	-2.448	-1.165	1.894	0.873	-0.482	-1.946
KRCTCNNNNMANAGC_UNKNOWN KRCTCNNNNMANAGC_UNKNOWN	0.250	2.681	1.830	0.250	-1.271	-1.271	-0.859	-0.566	-1.855	-1.271	2.663
SREBP1_01 SREBP1_01	-0.718	-0.425	0.961	0.285	2.391	-0.910	0.634	1.842	0.383	-1.137	-5.041
GATA_Q6 GATA_Q6	0.695	-0.739	-2.347	-0.350	-0.264	2.105	-1.131	-1.376	-0.920	0.443	4.253
PBX1_02 PBX1_02	-2.770	-2.220	-0.831	-0.460	0.273	2.809	-0.625	-0.460	1.071	0.863	1.542
AAGWWRNYGGC_UNKNOWN AAGWWRNYGGC_UNKNOWN	0.254	0.254	-0.496	1.569	0.365	-2.480	1.065	3.247	-0.496	-1.534	-1.548
KCCGNSWTTT_UNKNOWN KCCGNSWTTT_UNKNOWN	-1.190	-1.190	-0.651	1.463	0.406	-1.568	0.560	3.198	0.281	0.955	-2.056
POU3F2_01 POU3F2_01	0.669	0.347	-2.434	-1.408	-0.771	4.974	-0.552	-0.259	-0.259	-0.385	0.486
GKCGCNNNNNNNTGAYG_UNKNOWN GKCGCNNNNNNNTGAYG_UNKNOWN	-0.287	0.499	1.328	0.499	1.693	-1.677	1.006	0.316	-0.738	-1.122	-2.542
CDP_02 CDP_02	-0.950	-0.507	-1.262	-0.702	0.684	3.443	-2.134	-0.356	-0.507	1.113	1.100
ARGGGTTAA_UNKNOWN ARGGGTTAA_UNKNOWN	0.663	-1.959	-0.677	0.501	-1.187	1.858	-1.959	0.254	-0.677	2.171	0.841
NRSF_01 NRSF_01	0.413	-0.324	-2.266	-2.266	-0.475	2.587	0.413	0.280	-0.475	-0.324	1.849
EVI1_01 EVI1_01	-0.662	0.763	-0.662	-0.247	-0.662	-0.247	-0.662	-0.662	-0.247	0.763	3.548
RRCCGTTA_UNKNOWN RRCCGTTA_UNKNOWN	-0.350	1.905	-0.750	0.761	0.257	-1.449	0.559	-0.750	1.905	0.257	-2.675
MSX1_01 MSX1_01	0.373	-3.588	0.772	-1.156	-0.327	2.076	-0.327	-0.327	0.277	-0.570	1.548
E2F_Q2 E2F_Q2	-0.277	1.030	-1.251	-0.277	0.327	-2.233	0.553	2.475	1.226	-0.634	-1.548
PAX5_01 PAX5_01	-0.470	-0.621	0.259	0.476	-0.807	-0.470	-0.470	4.684	-1.298	1.161	-1.043
HEN1_01 HEN1_01	-1.979	-2.347	-1.376	0.342	0.695	1.015	0.443	-0.586	0.695	1.620	0.833
