GO	[-6.85 -0.64]	[-0.64 -0.29]	[-0.29 -0.12]	[-0.12 0.00]	[0.00 0.00]	[0.00 0.00]	[0.00 0.07]	[0.07 0.24]	[0.24 0.54]	[0.54 1.07]	[1.07 24.36]
SGCGSSAAA_E2F1DP2_01 SGCGSSAAA_E2F1DP2_01	-2.828	3.908	5.094	8.386	-4.808	-5.762	-1.298	-0.497	0.871	-2.354	-1.954
TOX4_TARGET_GENES TOX4_TARGET_GENES	-1.744	1.206	5.141	2.693	-6.588	-7.893	-0.361	4.747	0.846	-2.485	-2.097
SETBP1_TARGET_GENES SETBP1_TARGET_GENES	-1.094	1.115	5.013	4.620	-5.400	-7.684	-1.344	2.575	1.533	-2.354	-2.362
TMTCGCGANR_UNKNOWN TMTCGCGANR_UNKNOWN	-3.286	0.602	6.158	4.446	-5.644	-6.892	0.260	2.668	-0.346	-0.606	-1.880
SREBP1_01 SREBP1_01	-2.490	-1.711	3.671	5.648	-2.490	-7.226	0.285	2.095	3.322	-1.400	-2.499
ZBED4_TARGET_GENES ZBED4_TARGET_GENES	-0.843	1.694	3.860	1.694	-7.059	-5.801	-1.620	3.860	1.694	-0.843	-2.866
GCGNNANTTCC_UNKNOWN GCGNNANTTCC_UNKNOWN	-1.252	0.991	3.875	2.045	-5.186	-5.186	-0.272	0.991	3.078	-0.961	-4.062
GGCNKCCATNK_UNKNOWN GGCNKCCATNK_UNKNOWN	-1.505	0.376	3.283	6.543	-3.900	-3.900	-0.482	3.283	-0.343	-3.900	-1.167
ZNF667_TARGET_GENES ZNF667_TARGET_GENES	-1.804	2.115	5.071	1.568	-4.043	-6.143	0.568	2.115	0.320	-1.804	-1.810
AAGWWRNYGGC_UNKNOWN AAGWWRNYGGC_UNKNOWN	-0.676	0.662	3.231	4.494	-5.061	-5.061	1.850	0.365	0.365	-2.474	-1.536
GGAANCGGAANY_UNKNOWN GGAANCGGAANY_UNKNOWN	-3.481	1.679	4.848	1.679	-4.562	-3.481	0.380	1.679	0.527	-0.684	-2.708
ZBTB5_TARGET_GENES ZBTB5_TARGET_GENES	-2.713	0.987	1.177	4.390	-6.273	-6.273	-0.512	2.113	0.527	0.527	-0.295
ZZZ3_TARGET_GENES ZZZ3_TARGET_GENES	-1.162	1.328	2.201	1.087	-3.083	-5.020	-0.343	2.539	2.900	-1.925	-2.448
DNMT1_TARGET_GENES DNMT1_TARGET_GENES	-0.760	0.902	6.344	2.001	-3.638	-5.103	-0.957	1.507	0.463	-0.344	-2.582
HOXA7_TARGET_GENES HOXA7_TARGET_GENES	-0.417	0.983	3.153	2.411	-4.812	-3.709	-0.581	2.770	0.594	-1.785	-2.291
E2F_Q2 E2F_Q2	-2.657	1.911	1.433	3.751	-4.412	-3.156	-0.490	4.492	-0.490	-0.804	-1.253
KCCGNSWTTT_UNKNOWN KCCGNSWTTT_UNKNOWN	-2.037	1.458	1.458	4.509	-4.479	-2.037	0.406	3.183	-0.888	-2.037	-1.193
HOXD11_TARGET_GENES HOXD11_TARGET_GENES	-1.131	0.583	1.127	1.863	-4.903	-4.007	-0.681	4.698	1.597	0.329	-2.701
NR1D1_TARGET_GENES NR1D1_TARGET_GENES	-1.140	0.530	1.628	3.745	-3.048	-3.862	-1.480	3.336	0.892	0.272	-3.055
MCM3_TARGET_GENES MCM3_TARGET_GENES	-3.400	1.249	1.932	4.097	-3.997	-3.400	0.263	1.687	1.249	-0.741	-1.706
CREB3L2_TARGET_GENES CREB3L2_TARGET_GENES	-1.737	1.864	2.493	2.493	-4.246	-4.246	-0.321	2.167	0.533	-0.609	-2.191
GTF3A_TARGET_GENES GTF3A_TARGET_GENES	-2.251	-1.610	-0.796	-1.610	5.480	3.830	2.444	-0.796	-1.143	-2.251	-0.356
TSHZ1_TARGET_GENES TSHZ1_TARGET_GENES	-0.462	1.036	3.036	3.359	-4.726	-5.549	-0.595	0.862	0.862	-0.352	-1.728
MAZ_Q6 MAZ_Q6	-0.783	0.678	1.847	2.371	-3.492	-7.934	0.543	2.101	0.426	-0.620	-0.486
ZNF622_TARGET_GENES ZNF622_TARGET_GENES	-2.818	0.560	5.809	0.560	-1.925	-2.818	-0.240	0.560	2.119	-1.331	-1.334
MXD1_TARGET_GENES MXD1_TARGET_GENES	-1.633	1.133	3.430	1.352	-4.333	-3.589	1.591	1.850	-0.357	-0.634	-2.015
IRX2_TARGET_GENES IRX2_TARGET_GENES	-3.096	0.310	0.417	3.247	-3.096	-3.725	-0.292	3.605	1.996	-0.292	-1.127
RUVBL1_TARGET_GENES RUVBL1_TARGET_GENES	-1.008	0.552	3.072	2.176	-3.156	-5.214	0.326	3.072	0.552	-1.247	-1.253
CCGNMNNTNACG_UNKNOWN CCGNMNNTNACG_UNKNOWN	-1.197	1.596	1.596	2.752	-3.275	-2.324	-0.244	1.596	0.748	-3.275	-1.200
CGTSACG_PAX3_B CGTSACG_PAX3_B	-0.902	-0.391	3.085	3.825	-2.724	-6.143	-0.527	1.104	0.433	0.320	-0.699
HOXC13_TARGET_GENES HOXC13_TARGET_GENES	-1.455	1.661	4.238	0.914	-3.824	-3.824	-0.628	0.717	1.661	-1.119	-0.631
ETF_Q6 ETF_Q6	-1.097	1.998	1.164	0.937	-2.978	-4.895	0.736	3.445	-0.311	-1.841	-0.445
E2F_01 E2F_01	-1.925	0.790	2.546	5.187	-2.818	-2.818	-0.909	0.373	-0.240	-0.240	-0.912
ZBTB1_TARGET_GENES ZBTB1_TARGET_GENES	-1.729	0.467	2.501	1.274	-2.840	-4.728	0.333	1.543	2.157	-0.392	-1.735
ZMYM2_TARGET_GENES ZMYM2_TARGET_GENES	-1.633	-0.399	2.667	2.326	-4.092	-4.092	0.769	2.326	-0.282	-0.282	-0.746
MYC_Q2 MYC_Q2	-1.363	1.508	2.839	1.991	-5.437	-2.826	-0.431	1.741	-0.559	0.607	-1.117
UBE2I_TARGET_GENES UBE2I_TARGET_GENES	-0.959	-0.263	0.998	2.872	-2.901	-2.901	-0.959	4.986	-0.263	-0.646	-0.649
MYBL1_TARGET_GENES MYBL1_TARGET_GENES	-0.561	1.439	2.419	1.234	-4.328	-3.171	-1.924	2.419	1.439	-0.887	-0.715
PCGF6_TARGET_GENES PCGF6_TARGET_GENES	-0.909	0.373	3.008	2.119	-2.818	-2.818	-0.240	1.728	0.790	-1.331	-1.929
STTTCRNTTT_IRF_Q6 STTTCRNTTT_IRF_Q6	-0.361	2.404	0.846	-1.744	-4.762	-4.063	0.555	1.412	2.693	-0.472	-0.273
ATGGYGGA_UNKNOWN ATGGYGGA_UNKNOWN	-1.118	1.559	2.199	3.353	-4.354	-1.946	-0.424	1.028	0.447	-1.485	-1.122
PPARGC1A_TARGET_GENES PPARGC1A_TARGET_GENES	-1.005	0.921	1.740	4.116	-3.104	-3.104	-0.360	1.165	0.524	-2.362	-0.523
GGCNNMSMYNTTG_UNKNOWN GGCNNMSMYNTTG_UNKNOWN	-1.547	-0.505	1.427	3.986	-2.178	-2.178	-0.327	3.003	0.620	-0.752	-2.183
TNCATNTCCYR_UNKNOWN TNCATNTCCYR_UNKNOWN	-0.686	1.435	2.290	1.435	-4.438	-1.869	-0.901	2.618	0.612	-0.511	-2.339
ACTWSNACTNY_UNKNOWN ACTWSNACTNY_UNKNOWN	-0.868	0.576	2.839	1.491	-2.599	-4.438	1.220	1.789	-0.633	-1.165	-0.636
GKCGCNNNNNNNTGAYG_UNKNOWN GKCGCNNNNNNNTGAYG_UNKNOWN	-0.470	2.540	1.004	3.023	-2.528	-2.528	-0.470	0.316	0.316	-0.287	-2.532
GGAMTNNNNNTCCY_UNKNOWN GGAMTNNNNNTCCY_UNKNOWN	-1.430	2.676	2.325	2.325	-1.430	-3.786	-0.612	1.164	-0.311	-0.612	-1.846
ZNF669_TARGET_GENES ZNF669_TARGET_GENES	0.273	-0.331	4.372	0.273	-3.435	-3.435	-0.460	1.830	0.384	1.068	-1.769
ZNF547_TARGET_GENES ZNF547_TARGET_GENES	-0.973	0.388	1.457	2.580	-4.187	-4.187	1.226	0.388	1.457	-0.435	-0.761
AACWWCAANK_UNKNOWN AACWWCAANK_UNKNOWN	-1.753	1.150	2.827	0.944	-4.864	-3.254	-0.370	0.760	0.944	0.598	-0.505
RRCCGTTA_UNKNOWN RRCCGTTA_UNKNOWN	-1.052	1.264	2.656	4.005	-1.964	-2.656	-0.521	0.760	0.257	-1.447	-1.451
HEN1_02 HEN1_02	-0.585	0.843	0.843	0.843	-3.772	-5.115	-1.127	2.090	-0.456	1.842	0.838
SIPA1_TARGET_GENES SIPA1_TARGET_GENES	-2.169	0.457	1.150	1.626	-4.864	-1.404	0.760	2.497	1.377	-0.867	-1.116
ZSCAN5C_TARGET_GENES ZSCAN5C_TARGET_GENES	0.760	1.150	1.377	2.186	-6.060	-1.753	-0.502	1.150	0.339	-0.666	-1.409
TAANNYSGCG_UNKNOWN TAANNYSGCG_UNKNOWN	-0.910	0.326	0.679	4.469	-2.434	-2.434	-0.632	3.466	-0.910	-0.426	-0.635
HDAC8_TARGET_GENES HDAC8_TARGET_GENES	-0.609	0.881	0.695	2.167	-2.730	-5.394	0.282	1.091	1.091	-1.366	0.530
GGGNRMNNYCAT_UNKNOWN GGGNRMNNYCAT_UNKNOWN	-2.471	3.398	-0.442	2.946	-2.471	-1.801	-0.289	0.883	0.314	0.467	-1.310
YBX3_TARGET_GENES YBX3_TARGET_GENES	-1.430	0.945	2.543	0.945	-2.237	-2.237	1.275	0.259	0.664	-0.348	-2.241
PPARA_TARGET_GENES PPARA_TARGET_GENES	-0.585	1.097	3.079	3.079	-1.889	-1.889	-0.884	0.239	0.818	-1.300	-1.893
TAXCREB_01 TAXCREB_01	-0.995	-2.004	2.413	1.813	-4.632	-1.272	-0.429	1.545	1.074	-0.429	0.534
COBLL1_TARGET_GENES COBLL1_TARGET_GENES	-0.867	1.150	0.944	2.827	-3.254	-3.971	0.944	0.457	0.760	-0.266	-1.409
RBM15_TARGET_GENES RBM15_TARGET_GENES	-1.703	2.260	0.986	2.577	-2.113	-3.188	0.359	0.796	0.986	-0.636	-1.709
ZNF584_TARGET_GENES ZNF584_TARGET_GENES	-0.411	0.389	1.796	0.950	-3.278	-5.363	-0.411	2.051	0.950	-0.535	0.386
ZNF133_TARGET_GENES ZNF133_TARGET_GENES	-0.757	-0.435	1.979	0.827	-3.454	-3.454	-1.540	2.270	1.016	0.660	0.510
GCGSCMNTTT_UNKNOWN GCGSCMNTTT_UNKNOWN	-0.667	0.500	1.592	4.322	-2.033	-2.942	-0.275	0.713	0.328	-1.423	-0.669
DROSHA_TARGET_GENES DROSHA_TARGET_GENES	-0.240	-0.389	1.376	-0.240	-2.818	-2.818	-0.909	1.728	3.008	0.373	-0.912
SMARCA1_TARGET_GENES SMARCA1_TARGET_GENES	0.464	0.464	2.290	0.977	-4.438	-2.332	-0.373	1.983	0.612	-0.373	-1.875
YGCANTGCR_UNKNOWN YGCANTGCR_UNKNOWN	-2.098	0.750	1.971	2.622	-2.633	-1.658	-2.098	1.411	0.433	-0.565	0.576
KDM1B_TARGET_GENES KDM1B_TARGET_GENES	0.372	1.165	2.071	4.116	-1.005	-3.104	0.249	-0.360	-0.732	-1.796	-1.009
GGCNRNWCTTYS_UNKNOWN GGCNRNWCTTYS_UNKNOWN	-1.866	0.290	2.415	1.082	-2.545	-1.362	0.616	1.685	1.367	-1.866	-0.983
ZNF165_TARGET_GENES ZNF165_TARGET_GENES	-0.595	-0.595	1.556	1.556	-3.316	-3.316	-0.595	1.556	-0.255	0.725	0.518
YTCCCRNNAGGY_UNKNOWN YTCCCRNNAGGY_UNKNOWN	0.289	2.200	1.815	0.878	-2.142	-2.142	-0.314	2.200	-1.063	-1.063	-1.520
KTGGYRSGAA_UNKNOWN KTGGYRSGAA_UNKNOWN	-0.540	-0.354	1.350	4.351	-2.251	-3.191	-0.796	-0.354	0.798	0.397	-0.356
ZNF532_TARGET_GENES ZNF532_TARGET_GENES	-0.810	1.206	1.206	0.440	-1.782	-2.652	-0.810	2.349	1.929	-1.210	-0.812
CTR9_TARGET_GENES CTR9_TARGET_GENES	0.288	0.676	0.938	0.676	-2.610	-2.610	-0.785	3.380	0.676	-0.507	-1.183
EGR2_01 EGR2_01	-1.587	0.892	2.452	0.368	-3.678	-2.672	-0.871	1.462	1.256	-0.325	0.731
HEN1_01 HEN1_01	-0.350	-0.350	0.693	1.193	-2.754	-4.394	-1.370	1.010	0.693	2.634	0.439
MIF1_01 MIF1_01	0.301	2.954	2.356	-0.401	-2.741	-3.833	-0.401	0.799	0.648	-0.850	-0.404
THRA_TARGET_GENES THRA_TARGET_GENES	-1.592	0.393	2.031	1.163	-2.668	-2.668	-1.592	0.928	1.715	0.271	0.540
BCL6B_TARGET_GENES BCL6B_TARGET_GENES	0.908	0.908	0.346	2.949	-2.769	-4.735	-0.261	0.908	-0.261	-0.474	-0.477
RACTNNRTTTNC_UNKNOWN RACTNNRTTTNC_UNKNOWN	-0.777	0.420	3.309	0.731	-2.665	-2.665	-0.580	1.647	1.382	-0.580	-1.025
XBP1_01 XBP1_01	-0.686	0.341	0.612	0.464	-1.165	-5.602	0.464	3.337	-0.265	0.782	-0.514
CREBP1_01 CREBP1_01	-0.524	1.156	0.799	1.824	-3.247	-4.517	-0.401	0.301	1.584	-0.401	0.511
SOX11_TARGET_GENES SOX11_TARGET_GENES	-1.090	-0.373	0.684	4.008	-1.823	-1.823	-0.373	0.684	1.371	-0.373	-1.092
ZNF585B_TARGET_GENES ZNF585B_TARGET_GENES	-0.760	0.750	0.750	2.981	-4.130	-2.633	0.579	-0.291	1.166	-0.291	-0.568
ZNF704_TARGET_GENES ZNF704_TARGET_GENES	-0.344	1.168	1.502	1.876	-2.693	-2.693	-0.344	0.876	0.422	-0.546	-1.243
TBX1_TARGET_GENES TBX1_TARGET_GENES	-0.713	1.293	0.370	2.257	-2.826	-2.380	-0.431	2.540	0.914	-0.431	-1.662
ADNP_TARGET_GENES ADNP_TARGET_GENES	-0.896	2.680	1.616	-0.896	-1.225	-2.916	-1.225	1.052	1.616	0.441	-0.899
AHRARNT_01 AHRARNT_01	0.274	-0.453	1.749	-1.654	-3.827	-1.654	-0.329	1.247	3.003	0.381	0.272
ZNF623_TARGET_GENES ZNF623_TARGET_GENES	-1.225	0.301	1.052	1.052	-1.648	-2.916	-0.301	1.616	3.090	-0.896	-0.899
PAX3_B PAX3_B	-1.125	0.693	0.915	0.915	-1.125	-2.767	-2.062	1.772	-1.125	2.119	0.502
CHAF1A_TARGET_GENES CHAF1A_TARGET_GENES	-0.939	0.279	1.255	0.771	-1.707	-2.261	0.998	2.204	0.998	-0.324	-2.997
GATGKMRGCG_UNKNOWN GATGKMRGCG_UNKNOWN	-1.270	1.132	1.459	3.663	-2.735	-1.270	0.405	-0.359	0.250	-0.565	-0.861
STAT1_01 STAT1_01	-0.405	0.764	1.030	2.484	-2.859	-2.859	0.357	0.539	0.539	-0.934	-0.407
RAX2_TARGET_GENES RAX2_TARGET_GENES	-1.392	0.519	0.519	3.866	-2.901	-0.959	0.519	0.342	-0.421	0.998	-1.396
CCCNNNNNNAAGWT_UNKNOWN CCCNNNNNNAAGWT_UNKNOWN	-1.458	-0.280	1.905	1.310	-2.497	-1.916	0.462	1.905	1.310	-0.808	-1.099
ATCMNTCCGY_UNKNOWN ATCMNTCCGY_UNKNOWN	-0.534	1.017	0.477	5.049	-0.864	-2.154	-0.534	0.287	0.477	-0.864	-1.364
ATF6_01 ATF6_01	0.321	-1.633	1.440	0.446	-2.069	-4.092	0.321	1.192	0.968	1.440	-0.402
IRF2_01 IRF2_01	0.420	1.935	0.301	0.420	-1.684	-4.169	-0.580	0.563	2.245	0.563	-1.325
PAX8_TARGET_GENES PAX8_TARGET_GENES	-0.325	0.420	0.807	1.988	-3.565	-2.582	-0.710	0.278	1.052	-0.488	1.048
KMCATNNWGGA_UNKNOWN KMCATNNWGGA_UNKNOWN	0.290	0.290	1.579	1.286	-2.954	-1.678	0.594	1.900	0.594	-1.678	-1.254
TFCP2_TARGET_GENES TFCP2_TARGET_GENES	-1.063	1.153	3.070	1.153	-1.516	-3.067	0.446	0.446	-0.488	-0.731	-0.315
ARHGAP35_TARGET_GENES ARHGAP35_TARGET_GENES	0.291	0.736	0.561	2.325	-2.978	-3.786	0.561	0.561	0.736	-0.311	-0.831
ZNF708_TARGET_GENES ZNF708_TARGET_GENES	-2.916	-0.446	1.616	0.613	-0.641	-2.916	0.613	0.441	2.680	-0.301	-0.448
AAANWWTGC_UNKNOWN AAANWWTGC_UNKNOWN	0.496	3.440	0.496	-0.671	-3.084	-3.084	-0.309	-0.407	1.104	0.766	-0.311
WCTCNATGGY_UNKNOWN WCTCNATGGY_UNKNOWN	-1.801	1.440	0.883	1.440	-1.306	-2.471	-0.933	1.144	1.440	-0.933	-0.290
CGGAARNGGCNG_UNKNOWN CGGAARNGGCNG_UNKNOWN	-0.976	0.397	0.397	0.877	-2.320	-2.320	1.191	1.551	1.191	-0.381	-0.979
RORA2_01 RORA2_01	-0.259	1.133	0.757	0.463	-2.009	-5.253	-0.259	0.347	0.463	-0.357	1.843
CCAATNNSNNNGCG_UNKNOWN CCAATNNSNNNGCG_UNKNOWN	0.331	0.756	1.368	1.039	-2.486	-2.486	-0.714	1.739	-0.714	0.331	-0.453
RPA1_TARGET_GENES RPA1_TARGET_GENES	0.397	0.233	2.895	1.957	-1.500	-2.320	-1.500	-0.381	0.612	-0.381	-0.383
CCTNTMAGA_UNKNOWN CCTNTMAGA_UNKNOWN	-1.842	1.463	1.219	-0.362	-2.302	-2.302	-0.883	2.019	0.478	0.999	0.349
ACAWNRNSRCGG_UNKNOWN ACAWNRNSRCGG_UNKNOWN	-1.782	0.275	0.907	4.394	-1.782	-1.210	0.651	0.651	-0.329	-0.526	-0.812
ZNF595_TARGET_GENES ZNF595_TARGET_GENES	-1.076	0.968	1.232	0.968	-1.996	-1.996	-0.537	0.737	2.601	-1.475	-0.365
CCAWNWWNNNGGC_UNKNOWN CCAWNWWNNNGGC_UNKNOWN	-0.505	0.577	2.312	2.312	-2.619	-1.931	0.267	-0.338	0.577	0.267	-1.422
RUVBL2_TARGET_GENES RUVBL2_TARGET_GENES	-0.500	-0.266	1.278	3.391	-1.574	-1.574	0.339	-0.266	0.898	-0.892	-0.894
GGCKCATGS_UNKNOWN GGCKCATGS_UNKNOWN	-1.925	0.373	2.546	-0.389	-1.925	-1.925	-0.389	2.119	0.560	0.373	-0.241
PAX5_01 PAX5_01	0.259	0.259	-0.348	0.774	-5.214	-1.028	0.774	1.620	1.378	0.475	-1.033
SNACANNNYSYAGA_UNKNOWN SNACANNNYSYAGA_UNKNOWN	-0.446	0.817	1.052	0.613	-2.195	-2.916	0.817	1.319	1.319	-0.896	-1.229
ZSCAN23_TARGET_GENES ZSCAN23_TARGET_GENES	0.435	0.290	2.415	1.367	-2.545	-2.545	-0.690	1.082	0.290	-0.980	0.288
CRGAARNNNNCGA_UNKNOWN CRGAARNNNNCGA_UNKNOWN	-0.755	0.352	1.180	1.565	-1.988	-1.988	0.571	1.565	0.352	-1.224	-0.452
CAVIN1_TARGET_GENES CAVIN1_TARGET_GENES	0.376	-0.363	-0.537	1.232	-2.693	-2.693	0.737	1.856	0.737	-1.076	0.734
CYTAGCAAY_UNKNOWN CYTAGCAAY_UNKNOWN	-0.566	2.620	2.306	-0.310	-2.816	-1.880	0.527	0.676	0.399	-0.955	-0.569
TRIP13_TARGET_GENES TRIP13_TARGET_GENES	-0.659	2.250	-0.312	0.426	-0.917	-2.228	-2.228	0.426	1.900	1.286	-0.661
GTTGNYNNRGNAAC_UNKNOWN GTTGNYNNRGNAAC_UNKNOWN	-0.334	-0.334	0.543	0.271	-3.443	-3.443	1.163	0.928	0.722	0.722	0.540
MCAATNNNNNGCG_UNKNOWN MCAATNNNNNGCG_UNKNOWN	0.451	-0.457	1.113	0.451	-2.508	-2.508	0.301	2.885	0.636	-0.956	-0.302
KRCTCNNNNMANAGC_UNKNOWN KRCTCNNNNMANAGC_UNKNOWN	-0.359	2.231	3.663	-0.359	-0.859	-1.853	-1.270	0.405	-0.859	-0.565	0.403
GRE_C GRE_C	0.408	1.615	-0.311	2.206	-1.343	-4.207	0.548	-0.594	-0.594	0.548	0.290
MCRS1_TARGET_GENES MCRS1_TARGET_GENES	-0.283	-0.283	1.656	0.858	-0.524	-1.615	0.320	2.688	-0.524	-0.925	-1.618
FOXD3_TARGET_GENES FOXD3_TARGET_GENES	-1.449	-0.430	2.478	1.030	-1.449	-1.449	-0.218	1.030	0.403	-0.218	-0.431
AACYNNNNTTCCS_UNKNOWN AACYNNNNTTCCS_UNKNOWN	-0.250	2.028	1.136	0.687	-2.396	-2.396	-0.536	0.687	1.136	-1.027	-0.539
ZNF746_TARGET_GENES ZNF746_TARGET_GENES	-0.540	0.397	0.254	0.397	-1.610	-1.610	-0.354	3.830	1.350	-1.610	0.252
EGR3_01 EGR3_01	-2.434	0.484	2.179	0.679	-2.434	-0.910	-0.910	0.484	0.910	0.484	0.482
AR_03 AR_03	-0.416	0.363	1.457	0.814	-2.403	-2.403	-0.667	0.814	-0.416	0.814	0.562
RTTTNNNYTGGM_UNKNOWN RTTTNNNYTGGM_UNKNOWN	1.591	-2.009	0.347	0.347	-0.821	-3.589	-0.634	0.757	0.600	1.352	0.752
RBL1_TARGET_GENES RBL1_TARGET_GENES	0.352	0.352	2.001	2.485	-0.755	-1.988	-0.755	0.352	-1.224	0.352	-0.757
ZNF34_TARGET_GENES ZNF34_TARGET_GENES	-1.392	0.342	0.998	1.297	-1.392	-1.392	-0.421	2.872	0.342	0.342	-1.396
METHYLCYTOSINE_DIOXYGENASE_TET_UNIPROT_A0A023HHK9_UNREVIEWED_TARGET_GENES METHYLCYTOSINE_DIOXYGENASE_TET_UNIPROT_A0A023HHK9_UNREVIEWED_TARGET_GENES	-0.940	1.533	3.237	0.363	-2.546	-1.442	-0.581	0.920	0.363	-0.581	-0.338
NKX22_01 NKX22_01	-0.798	0.813	0.416	-0.494	-4.129	-0.992	-0.494	0.813	1.584	-0.285	1.810
YYCATTCAWW_UNKNOWN YYCATTCAWW_UNKNOWN	-1.484	0.416	0.980	0.416	-2.138	-2.538	-0.494	1.164	1.366	-0.379	1.576
MCM2_TARGET_GENES MCM2_TARGET_GENES	-0.300	1.640	1.284	0.971	-1.711	-1.711	-0.761	1.284	0.478	-0.761	-1.154
RYTGCNNRGNAAC_MIF1_01 RYTGCNNRGNAAC_MIF1_01	0.257	3.078	0.257	0.390	-1.052	-3.648	-0.350	0.558	0.390	-0.521	0.388
GTTNYYNNGGTNA_UNKNOWN GTTNYYNNGGTNA_UNKNOWN	0.257	1.899	0.257	1.264	-1.964	-2.656	0.390	0.558	0.390	0.558	-1.451
ZNF41_TARGET_GENES ZNF41_TARGET_GENES	0.576	0.412	2.976	0.998	-0.939	-1.707	-1.276	0.279	0.998	-0.475	-1.712
ZNF677_TARGET_GENES ZNF677_TARGET_GENES	-0.639	0.840	1.522	1.044	-2.243	-1.102	0.373	1.044	1.044	-0.639	-2.250
HOXC11_TARGET_GENES HOXC11_TARGET_GENES	0.259	0.259	1.653	0.945	-2.237	-1.430	-0.577	0.435	1.275	0.435	-1.433
DICER1_TARGET_GENES DICER1_TARGET_GENES	-1.392	-0.263	1.636	0.998	-1.392	-1.997	-0.959	0.519	0.738	1.636	-0.423
TBPL1_TARGET_GENES TBPL1_TARGET_GENES	2.032	0.660	2.032	-0.607	-1.033	-2.542	-0.329	1.247	-1.033	-0.329	-0.803
GGGNNTTTCC_NFKB_Q6_01 GGGNNTTTCC_NFKB_Q6_01	-0.256	0.478	-0.256	0.478	-2.859	-2.302	-1.144	0.628	2.019	0.628	0.994
ATF_B ATF_B	-1.766	0.326	0.543	0.998	-2.113	-2.113	0.678	0.543	1.609	-0.783	1.381
NCX_01 NCX_01	-0.940	0.753	0.363	1.310	-4.273	-0.446	-1.171	0.269	0.474	0.920	1.304
MYAATNNNNNNNGGC_UNKNOWN MYAATNNNNNNNGGC_UNKNOWN	-0.368	-0.521	0.496	0.496	-1.283	-1.283	-0.521	0.860	4.705	-0.368	-1.288
TTCNRGNNNNTTC_HSF_Q6 TTCNRGNNNNTTC_HSF_Q6	-1.028	0.614	0.357	2.784	-1.983	-0.805	-0.620	1.620	1.156	-0.805	-1.033
YTAAYNGCT_UNKNOWN YTAAYNGCT_UNKNOWN	0.267	-0.338	0.488	0.367	-3.522	-1.957	-0.458	0.367	0.488	0.975	2.493
AR_01 AR_01	-1.379	-0.284	0.558	1.278	-2.087	-2.536	-0.387	0.319	0.707	2.028	0.703
GTCNYYATGR_UNKNOWN GTCNYYATGR_UNKNOWN	-0.321	1.960	-1.119	1.387	-1.455	-1.869	-1.119	0.282	1.960	0.401	-0.324
DR3_Q4 DR3_Q4	-1.472	-0.402	1.539	1.081	-2.252	-2.252	0.422	-0.292	0.884	0.310	1.294
CCAWYNNGAAR_UNKNOWN CCAWYNNGAAR_UNKNOWN	0.445	0.742	2.151	1.597	-2.196	-2.196	-0.380	0.445	0.445	-0.514	-1.136
NRSF_01 NRSF_01	1.255	-1.707	-0.324	-0.324	0.412	0.576	-2.261	-0.939	-0.677	0.771	2.569
TGASTMAGC_NFE2_01 TGASTMAGC_NFE2_01	-0.671	0.927	0.387	1.104	-2.619	-3.084	-0.407	0.293	0.927	1.104	0.619
IRX3_TARGET_GENES IRX3_TARGET_GENES	-0.316	0.477	1.017	0.477	-2.154	-2.154	-0.316	0.721	1.017	0.721	-0.866
PHB2_TARGET_GENES PHB2_TARGET_GENES	0.396	2.274	1.124	0.944	-1.833	-1.257	-0.398	-0.516	1.124	-0.398	-2.195
CCANNAGRKGGC_UNKNOWN CCANNAGRKGGC_UNKNOWN	0.272	0.388	0.272	0.892	-0.865	-2.410	-3.048	1.112	0.698	0.698	0.888
CCAWWNAAGG_SRF_Q4 CCAWWNAAGG_SRF_Q4	-0.505	-0.730	-0.338	0.783	-3.607	-0.730	0.783	-0.505	0.783	1.023	1.293
CDH4_TARGET_GENES CDH4_TARGET_GENES	-0.956	-0.301	1.726	0.857	-0.956	-3.482	0.301	0.636	-0.301	0.857	0.300
YWATTWNNRGCT_UNKNOWN YWATTWNNRGCT_UNKNOWN	-0.275	-0.437	-0.437	0.966	-1.423	-2.942	0.328	-0.437	0.500	1.961	0.963
PPARA_02 PPARA_02	-0.341	0.840	1.044	0.661	-3.470	-1.789	-0.473	1.272	0.373	-0.639	0.836
PBX1_02 PBX1_02	0.861	-1.763	0.273	-1.763	-1.763	-0.460	1.068	-0.624	1.068	0.678	1.823
YRTCANNRCGC_UNKNOWN YRTCANNRCGC_UNKNOWN	-1.782	0.907	1.929	1.547	-1.210	-0.810	0.651	0.651	-0.526	-0.810	-0.812
PR_02 PR_02	-0.511	-0.511	0.341	0.612	-2.892	-1.869	-0.373	0.782	-0.265	1.435	1.976
ZNF37A_TARGET_GENES ZNF37A_TARGET_GENES	-0.648	-0.367	1.327	0.585	-3.623	-1.657	-0.267	0.585	0.585	1.563	0.335
PAX8_B PAX8_B	-0.437	1.002	-0.301	1.249	-1.976	-1.511	0.783	-1.976	1.524	-0.301	0.591
HNF3_Q6 HNF3_Q6	0.416	0.317	-2.138	-0.379	-0.798	-0.992	-1.788	0.416	1.819	2.070	0.974
STAT3_02 STAT3_02	-0.527	-0.283	0.433	3.085	-1.151	-2.724	-1.151	0.568	0.725	-0.283	0.721
ZNF501_TARGET_GENES ZNF501_TARGET_GENES	-0.538	0.477	3.261	-0.176	-0.538	-0.538	-0.538	-0.176	0.968	-0.538	-0.539
FXR_IR1_Q6 FXR_IR1_Q6	0.860	-0.252	-0.521	0.496	-2.771	-0.969	-0.719	2.970	0.496	-0.719	0.661
WWTAAGGC_UNKNOWN WWTAAGGC_UNKNOWN	-0.266	-0.266	0.598	0.339	-2.663	-2.663	1.150	1.150	0.760	-0.666	0.756
GATA2_01 GATA2_01	-1.118	0.611	1.865	1.028	-2.531	-0.828	-0.600	0.611	-0.290	1.279	-0.831
ZNF302_TARGET_GENES ZNF302_TARGET_GENES	-0.248	-0.248	4.465	0.361	-0.248	-0.248	-0.248	-0.248	-0.248	-0.248	-0.249
