	logFC	SE	t.value	p.value
AAK1_+_69870290.23-P1P2	-0.901135997652695	0.918964270450998	-0.980599601778257	0.430189690748607
ABCC11_-_48280980.23-P2	0.278811974890491	1.00198088628289	0.278260771944282	0.806941519053942
ABCC4_+_95953641.23-P1P2	2.41354231238711	1.02961803776677	2.34411424805849	0.143757706174121
ABCD3_-_94883974.23-P1P2	-0.332384235777732	0.164158437284191	-2.0247770463501	0.180173061347917
ABHD4_-_23067680.23-P1P2	-0.33238423577773	0.366310211736788	-0.907384574953004	0.459980700408674
ACRV1_+_125550697.23-P1P2	0.0236581022975002	0.0786725923803761	0.30071593653753	0.792011835699172
ACTA1_-_229569824.23-P1	0.890008185558719	0.164158437284191	5.42164143545017	0.0323771619503146
ADAM30_-_120439090.23-P1P2	0.460097014582847	1.26937250214131	0.362460202822031	0.751726623269586
ADCY1_+_45614427.23-P1P2	0.575099817306012	2.27726415511031	0.252539792546884	0.824208244129073
ADORA2B_-_15848949.23-P1P2	-0.33238423577773	0.422885639440601	-0.785990832456293	0.514207532933802
AGPAT4_-_161695108.23-P1P2	-0.70086703286083	0.474721900403598	-1.47637391968849	0.277854264821727
AHDC1_-_27930242.23-P1P2	1.25257826494343	0.571884192017132	2.19026558598406	0.159902423813554
ALDH3B1_+_67777856.23-P1P2	1.86377447561165	0.633009640728144	2.94430661982931	0.0985900054475388
AMN_+_103395419.23-P2	0.28729851419235	0.597419124787237	0.480899426001248	0.678057172196875
ANKAR_-_190539475.23-P1P2	-0.694954315162437	0.164158437284191	-4.23343646942332	0.0515231188195867
ANKRD16_-_5931445.23-P1P2	-0.81781106294797	0.366310211736788	-2.23256419489503	0.155224754318045
ANKRD49_+_94227214.23-P1P2	0.278811974890495	0.879702906448529	0.31693879018326	0.781314896008526
APH1B_-_63569807.23-P1P2	-0.575097649362851	0.257024265510571	-2.23752278105118	0.154688750708028
APOBEC3F_-_39437244.23-P1P2	0.398668640690083	0.401402121464388	0.993190168591205	0.425279774251405
ARHGEF10_-_1772493.23-P1P2	2.1898128239015	1.07966385291315	2.02823574948161	0.179714676081458
ARL15_+_53606225.23-P1P2	-0.249059301073002	0.842995487501916	-0.295445592254651	0.795503294034048
ARRDC2_+_18111987.23-P2	0.647294771973601	0.42773415875747	1.51331091688804	0.269375965443278
ATAD3B_+_1407208.23-P1	-0.943580446445953	0.883926580714698	-1.06748735362503	0.39753687261074
ATP8A1_-_42659062.23-P1P2	-0.575097649362848	0.767982102952648	-0.748842514886454	0.532043352521352
BBS4_+_72978743.23-P1P2	-0.756382689055206	0.949638369617068	-0.796495501082385	0.509270632169651
BCL11B_+_99737681.23-P1P2	2.23225727269475	0.584225879022678	3.82088050674678	0.0621771265773374
BLOC1S3_+_45683973.23-P2	-1.55477665711418	0.872691611966279	-1.78158771757996	0.216765700146644
BOP1_-_145512657.23-P2	-0.45815361927571	0.93867586647631	-0.488085009573721	0.67375534395466
BRCC3_+_154300154.23-P1P2	1.98954385910963	0.864432156490541	2.30156160222784	0.147989590119057
C12orf61_+_62997180.23-P1P2	2.23225727269476	0.590006879281209	3.78344278869131	0.0632987613973492
C1orf111_+_162346576.23-P1P2	0.278811974890492	1.22236335197734	0.228092550745631	0.840771923078722
C4orf51_+_146601766.23-P1P2	-0.493972556320043	2.6813355908289	-0.184226307967418	0.870823756421509
C8orf31_+_144121121.23-P1P2	2.65625572597223	0.144572109677421	18.3732237974464	0.00294920338404395
CABP1_+_121078576.23-P1P2	-0.0896708221926109	1.15708512510868	-0.077497169609011	0.945283318779127
CACNA2D1_-_82072818.23-P1P2	0.278811974890496	0.633009640728144	0.440454547532296	0.702639850777113
CAPN12_+_39226294.23-P1P2	-1.54886393941578	0.585755065082664	-2.6442177485861	0.11819657039403
CASS4_+_54987544.23-P1P2	1.62106106202653	0.646706456268407	2.50664122232565	0.129052880422564
CCDC11_-_47792838.23-P1P2	1.86377447561165	0.96216499371339	1.93706327686957	0.192344257719306
CCDC167_+_37467610.23-P1P2	0.647294771973597	0.462875986828231	1.39841942635448	0.296875011264706
CCDC168_-_103411360.23-P1P2	-0.332384235777731	0.164158437284191	-2.02477704635009	0.180173061347919
CCDC69_-_150603195.23-P1P2	1.25257826494343	0.366310211736788	3.419446755264	0.0759134919446512
CD274_+_5450537.23-P1P2	-1.67463332291376	1.26653433722714	-1.3222170719667	0.317051394074875
CD96_-_111261020.23-P1P2	1.25257826494343	0.571884192017132	2.19026558598406	0.159902423813554
CDC14B_-_99382112.23-P1P2	1.25257826494343	0.521273161662412	2.40292107299133	0.138180316707028
CDH5_+_66400649.23-P1P2	-0.943580446445957	0.879702906448529	-1.07261262811477	0.395699001394974
CDK6_-_92463259.23-P2	-1.06934982994393	0.22758102825261	-4.69876526244084	0.0424312112189578
CDKN2D_+_10679673.23-P1P2	0.391642042475673	0.412805069657097	0.948733606399253	0.4428936121238
CEND1_+_788249.23-P2	0.278811974890492	1.22236335197734	0.228092550745631	0.840771923078722
CEP170_+_243418462.23-P1P2	-0.70086703286083	0.923454579877351	-0.758962106131864	0.527126273980279
CERS6_-_169312772.23-P1P2	0.334327631084867	0.144572109677421	2.3125320079429	0.146882280475782
CGB2_-_49535595.23-ENST00000359342.6	1.07129322525107	0.488695064131441	2.19215069658026	0.159689869420414
CHCHD5_+_113342246.23-P1P2	1.62106106202653	0.474721900403598	3.41475937943529	0.0760988421854835
CHRNB4_+_78933567.23-P1P2	-0.756382689055205	0.652724807421933	-1.15880793935608	0.366197515747137
CITED2_-_139695373.23-P1P2	2.83754076566458	0.813026212370963	3.49009751775369	0.0731968703033403
CITED4_+_41328028.23-P1P2	-0.700867032860831	0.585755065082664	-1.19651894561411	0.354096547417558
CKM_-_45826086.23-P1	1.14935282620971	1.0708768378021	1.07328199251062	0.395459683394776
COL27A1_-_116918272.23-P1P2	1.62106106202653	0.378114844882701	4.28721877483921	0.050333873411355
COLCA2_-_111170443.23-P1P2	1.98954385910964	0.571884192017132	3.47892787889831	0.0736169312855944
COQ7_+_19078980.23-P1P2	-1.55477665711418	0.164158437284191	-9.47119552815034	0.0109648174907162
CPB2_+_46678674.23-P1P2	1.62106106202653	0.915653135567743	1.77038771458081	0.218680033227644
CPNE5_+_36807795.23-P1P2	1.43315051058525	0.227581028252611	6.29731977919741	0.0243012855774056
CPT2_-_53662888.23-P1P2	0.295443201956367	0.276327126125941	1.06917915044546	0.396929148220772
CRYBA1_+_27574104.23-P1P2	2.41354231238711	0.730263550312531	3.30502913825315	0.0806307705986966
CSH2_-_61950195.23-P1	0.0360985613053703	0.802005319694013	0.0450103763889532	0.968188965317553
CSNK1G2_-_1941181.23-P1P2	-0.658422584067575	0.511690424705616	-1.28675963488349	0.327009144384332
CTNNB1_-_41241051.23-P1P2	-0.700867032860833	0.585755065082664	-1.19651894561411	0.354096547417557
CXCL2_+_74965031.23-P1P2	-1.06934982994393	0.164158437284191	-6.51413261258497	0.0227644371911367
CYLC1_+_83116199.23-P1P2	0.890008185558719	0.164158437284191	5.42164143545016	0.0323771619503146
CYP4A22_-_47603197.23-P1P2	-1.59565714302564	0.837140813604422	-1.90607973843173	0.196907086696552
CYP4F11_+_16045613.23-P1P2	1.25257826494343	0.366310211736788	3.419446755264	0.0759134919446512
DCAF5_-_69619800.23-P1P2	0.278811974890494	1.03633042035901	0.269037721380316	0.813113322077377
DNAH3_+_21162094.23-P1P2	-0.742664097701783	1.14159716982578	-0.650548299638058	0.582089057397282
DNAJB8_-_128182308.23-P1P2	0.460097014582848	1.22923660154491	0.374294919305686	0.744143040434005
DOK7_+_3465428.23-P1P2	-0.81781106294797	0.366310211736788	-2.23256419489503	0.155224754318045
DPP9_-_4723782.23-P1	1.25257826494343	0.164158437284191	7.63030085852341	0.016745574759321
EHBP1_+_62933287.23-P1P2	1.86377447561165	0.712696558112804	2.61510239441434	0.120384214741229
EIF2S3_+_24073421.23-P1P2	-0.762295406753601	1.38968127521151	-0.548539740983111	0.638374025514839
ELF2_-_140098340.23-P1P2	-0.452888285529631	0.416843179673735	-1.0864716219757	0.39077725461486
ELP5_-_7156190.23-P1P2	0.153042591392513	0.22758102825261	0.672475173205732	0.570566137483408
EMC9_-_24610740.23-P1P2	0.0360985613053756	0.343694201335637	0.105031045519803	0.925935814734404
EMILIN1_-_27301546.23-P1P2	1.62106106202653	0.606592225600463	2.6724065914657	0.116131415413849
EML2_-_46148185.23-P2	2.1898128239015	1.58860812149763	1.37844745615242	0.302006502516043
EPCAM_-_47596811.23-P1P2	1.98954385910964	0.430867802043107	4.61752734754264	0.0438397419470962
EPHA2_+_16482159.23-P1P2	-2.07937865611456	0.575940923414134	-3.61040268468537	0.068883938329037
EPHA8_-_22890011.23-P1P2	-1.55477665711418	0.164158437284191	-9.47119552815034	0.0109648174907162
EPHB6_+_142552855.23-P1P2	1.62106106202653	0.802005319694013	2.02125973758504	0.180640835678229
EPPK1_+_144952201.23-P1P2	0.604850323180339	1.33369179994461	0.453515814677318	0.6946334104498
FAM129C_-_17638309.23-P1P2	-0.0896708221926073	1.32374541868758	-0.0677402323186212	0.952155277658531
FAM161A_+_62081105.23-P1P2	-1.12486548613831	1.14810899513994	-0.979754963074041	0.430521278839445
FASTK_-_150777855.23-P1P2	-1.16594975692872	0.783743818478352	-1.48766692564469	0.27522684601556
FBXL19_+_30934952.23-P1P2	1.25257826494343	0.653708999244984	1.91610986905507	0.195414282481354
FBXO31_-_87417017.23-P1	0.828579811665951	0.408864740451227	2.02653770230106	0.17993952268705
FGR_+_27961627.23-P1P2	0.334327631084868	0.657032132823708	0.508845175726852	0.661440575304903
FKBP10_-_39969472.23-P1P2	-0.458153619275715	1.00928436040193	-0.453939085208121	0.6943750187443
FKBP2_+_64008570.23-P1P2	-2.09791898214071	0.366310211736788	-5.72716488626904	0.0291604533518031
FOXD4L1_+_114256778.23-ENST00000306507.5	-0.0543294397923931	0.207300522148098	-0.262080573794115	0.817783575977184
FOXJ3_-_42800811.23-P1P2	0.488954763510994	0.74297978788025	0.658099683850082	0.578097468023353
FSCN3_+_127233840.23-P1P2	1.62106106202653	0.343694201335637	4.71657960980108	0.0421312270735456
FXYD3_-_35607602.23-P1P2	1.25257826494343	1.08461280279465	1.15486214224651	0.367491363975642
GABPB2_+_151043248.23-P1P2	-0.700867032860833	0.585755065082664	-1.19651894561411	0.354096547417557
GABRB3_+_27018151.23-P1P2	0.604850323180339	1.49262438908612	0.405226075362916	0.724546771400372
GABRG3_+_27216363.23-P1P2	0.404581358388476	0.86443215649054	0.468031360646061	0.685810923368286
GCGR_+_79762359.23-P1P2	0.153042591392515	0.164158437284191	0.932285869215284	0.449608207185178
GCK_-_44228603.23-P1P2	-0.575097649362851	0.203018080900005	-2.83274103869651	0.105300471719986
GLIS3_+_4299533.23-P1P2	-0.332384235777732	0.164158437284191	-2.0247770463501	0.180173061347917
GPAM_+_113943114.23-P1P2	0.404581358388476	0.164158437284191	2.46457851988482	0.132650114495922
GPR110_-_47009665.23-P1P2	2.23225727269476	0.203018080900005	10.9953619047076	0.00817020614730678
GPR3_-_27719616.23-P1P2	-0.700867032860831	0.519624841154885	-1.34879431726768	0.309828685157626
GRB7_+_37894618.23-P1P2	-1.06934982994394	1.08461280279465	-0.98592772203003	0.428104382294725
GRM4_+_34113795.23-P2	0.0360985613053727	0.343694201335637	0.105031045519795	0.92593581473441
GSR_-_30585038.23-P1P2	-0.0253298125873915	1.1167102706707	-0.022682528541784	0.983963092856564
GTF3C4_-_135545438.23-P1P2	0.0916142174997482	0.671487011127488	0.136434831920158	0.903971848298375
H2AFY_-_134734754.23-P1P2	-0.0854045848949507	1.39138388261695	-0.0613810365075665	0.95663787675901
HIPK2_+_139477395.23-P1P2	-0.36891596687259	0.334231307241103	-1.10377441873351	0.384729844404739
HIPK4_-_40896070.23-P1P2	1.62106106202653	0.585755065082664	2.76747254724594	0.109529800549662
HIST1H2AI_+_27775962.23-ENST00000358739.3	0.278811974890494	1.03633042035901	0.269037721380316	0.813113322077377
HLF_+_53342444.23-P1	-0.700867032860832	0.915653135567743	-0.765428529250069	0.52400719097733
HNRNPAB_-_177631998.23-P1P2	-1.46988775952766	0.169708569322808	-8.66124654396055	0.0130695202192258
HOMER3_+_19051592.23-P1P2	0.278811974890493	0.93867586647631	0.297026891654437	0.794454900177339
HP1BP3_-_21113107.23-P1P2	2.04505951530401	0.852676078914017	2.39840141629003	0.138598220984542
HSPD1_-_198364141.23-P1P2	2.41354231238711	0.928340272165858	2.59984661309178	0.121553240996845
IBTK_-_82957413.23-P1	1.10015097417922	0.273861695045594	4.01717726166873	0.0567436638376357
IBTK_+_82950100.23-P2	1.25257826494343	0.864432156490541	1.44901859045677	0.284350604915534
IFI30_-_18284835.23-P1P2	-0.332384235777731	0.164158437284191	-2.02477704635009	0.180173061347919
IFT88_-_21141285.23-P1P2	2.1898128239015	1.02880457648486	2.1285022189379	0.167085986614402
IL19_+_207008120.23-P1P2	1.25257826494343	0.864432156490541	1.44901859045677	0.284350604915534
JOSD2_-_51014026.23-P1P2	-0.513669275470085	0.300356775638011	-1.71019706273967	0.229357415405981
KANK3_+_8407700.23-P1P2	-1.06934982994393	0.164158437284191	-6.51413261258497	0.0227644371911367
KCNAB2_-_6052791.23-P2	-0.505534583026591	0.702669358712026	-0.719448737530298	0.546574510557826
KCNK4_+_64058742.23-P1P2	-0.332384235777732	0.164158437284191	-2.0247770463501	0.180173061347917
KCNK6_+_38810521.23-P1P2	-0.242098112956817	1.27657005317517	-0.189647338471284	0.867088830468199
KIAA0368_-_114246647.23-P1P2	0.890008185558721	0.366310211736788	2.42965704215267	0.135743662555139
KIAA1614_+_180882281.23-P1P2	-0.332384235777727	0.164158437284191	-2.02477704635007	0.180173061347921
KIF13B_+_29120561.23-P1P2	1.98954385910963	0.164158437284191	12.1196564247583	0.00673925376067231
KLHL24_+_183353476.23-P1P2	-0.145186478386977	0.847031902595376	-0.17140615122301	0.879678092591541
KLHL7_+_23145443.23-P1P2	1.25257826494343	0.164158437284191	7.63030085852341	0.016745574759321
KLRC4-KLRK1_+_10562524.23-P1P2	-1.55477665711418	0.653708999244984	-2.37839261645457	0.140469536487715
KRTAP4-6_+_39296370.23-P1P2	0.460097014582848	0.895087589390534	0.514024571490404	0.658394819866869
KRTCAP2_+_155145355.23-P1P2	1.98954385910963	0.164158437284191	12.1196564247583	0.00673925376067233
LCMT2_+_43622751.23-P1P2	-0.0896708221926067	0.544650554010866	-0.164639182926118	0.884363492606951
LCN12_+_139847331.23-P1P2	-0.458153619275713	0.879702906448529	-0.520804939846495	0.654423825657735
LHX3_-_139094968.23-P1	-0.943580446445954	0.962164993713389	-0.980684656593346	0.430156315360556
LOXL2_-_23261612.23-P1P2	1.62106106202653	0.343694201335637	4.71657960980108	0.0421312270735456
LRRC24_-_145752326.23-P1P2	2.80100903456972	0.534727560425607	5.23819836841832	0.0345662795762596
LSP1_-_25591476.23-ENST00000599825.1	-1.18629386003107	0.585755065082664	-2.02523875719907	0.180111779032313
LY6G6D_-_31683195.23-P1P2	0.0360985613053727	0.343694201335637	0.105031045519795	0.92593581473441
MAN2B1_-_12777516.23-P1	2.23225727269475	0.584203148576571	3.82102917133144	0.0621727302773395
MAPK11_-_50708414.23-P1P2	-0.33238423577773	0.571884192017132	-0.58120899373937	0.619873377245067
MAPK14_+_35995634.23-P1P2	-0.700867032860831	0.645936756500797	-1.08503971295519	0.391282540594437
MAPK8IP1_+_45922088.23-P1	0.599584989434256	0.441874600711092	1.35691209331644	0.307662806234436
MAPKBP1_+_42066764.23-P1P2	-1.44691847887386	0.698035026351442	-2.07284509265496	0.173941503465729
MEF2A_+_100106628.23-P1P2	0.217383600997728	0.805077602619313	0.27001571064761	0.812457815899677
MFSD1_-_158520005.23-P1P2	1.25257826494343	0.164158437284191	7.63030085852342	0.016745574759321
MICU2_+_22177886.23-P1P2	-0.132115270985866	1.02880457648486	-0.128416294022785	0.909568024968683
MMADHC_-_150444118.23-P1P2	-0.132115270985867	1.61905273008611	-0.0816003509526465	0.942395650143584
MPPE1_-_11908063.23-P1P2	0.0360985613053728	0.585755065082664	0.0616273993299203	0.956464165003864
MPRIP_+_16945792.23-P1P2	-0.265091215593909	1.27448847200231	-0.207998127419255	0.854488517229447
MRPL33_+_27994654.23-P1P2	-1.55477665711418	1.04846600414343	-1.4829061228212	0.276330657688264
MRPS35_-_27863957.23-P1P2	-0.332384235777731	0.864432156490541	-0.384511651125011	0.737633966407981
MSANTD4_-_105892948.23-P1P2	-1.49334828322141	0.942053786483313	-1.58520490512127	0.253793934273402
MSANTD4_-_105892962.23-P1P2	0.890008185558719	0.164158437284191	5.42164143545016	0.0323771619503146
MT1F_-_56691882.23-P1P2	2.41354231238711	1.64415046441086	1.46795707852197	0.279833069591216
MTA1_+_105886633.23-P1P2	-0.611629380457709	1.18578717344343	-0.515800300556116	0.657353064888816
MTX3_-_79287050.23-P1P2	0.515612670777219	0.227581028252611	2.26562237958122	0.151698859051562
MYL12B_-_3262350.23-P1P2	0.0360985613053728	0.585755065082664	0.0616273993299203	0.956464165003864
MYL6B_-_56546414.23-P1P2	1.34286438776434	0.404324134005561	3.3212570678402	0.0799364830662668
MYOCD_+_12569359.23-P1P2	0.660365979374712	0.907118516046359	0.727982030675431	0.542317804913513
MYOZ2_-_120057010.23-P1P2	2.47497068627988	1.19513507237624	2.07087110359752	0.174191612883354
NAA15_+_140222697.23-P1P2	0.404581358388477	0.571884192017132	0.707453299174875	0.55261110450065
NBPF15_+_148555990.23-P1P2	0.404581358388479	0.164158437284191	2.46457851988483	0.132650114495921
NDUFB1_+_92587991.23-P1P2	-1.12486548613831	1.45048676854891	-0.775508960528914	0.519180501360407
NDUFB2_-_140396505.23-P1P2	-2.13751620531974	2.21987259128272	-0.962900399650689	0.437196406683963
NDUFB7_+_14682616.23-P1P2	-0.646399847084253	1.34049167628051	-0.482211011468443	0.677270460137526
NDUFC1_+_140216887.23-P1	0.600501568363732	0.521273161662412	1.15199018965152	0.368436434852977
NEUROD2_-_37763786.23-P1P2	-1.18629386003107	0.343694201335637	-3.45159695863647	0.074659554846953
NFKBIL1_+_31515422.23-P1P2	-0.45815361927571	0.879702906448528	-0.520804939846492	0.654423825657737
NGFRAP1_-_102631584.23-P1P2	-0.700867032860831	0.519624841154885	-1.34879431726768	0.309828685157626
NKAIN3_+_63161905.23-P1P2	1.98954385910963	0.317920256763173	6.25799651574796	0.0245964372050632
non-targeting_00057	-1.12486548613831	1.14810899513994	-0.979754963074041	0.430521278839445
non-targeting_00188	1.25257826494343	0.164158437284191	7.63030085852341	0.016745574759321
non-targeting_00286	-1.91734673649888	0.366310211736788	-5.23421590517	0.0346161984926663
non-targeting_00398	2.92151308432162	0.584474545924593	4.99852919976184	0.0377705270041757
non-targeting_00415	1.25257826494343	0.164158437284191	7.63030085852341	0.016745574759321
non-targeting_00550	1.25257826494343	0.366310211736788	3.419446755264	0.0759134919446512
non-targeting_00670	-1.06934982994393	0.22758102825261	-4.69876526244084	0.0424312112189578
non-targeting_00679	-2.37787692087123	2.23796558505041	-1.06251719720599	0.399328320319517
non-targeting_01247	0.543421949287576	0.400719847071489	1.35611438579589	0.307874815633528
non-targeting_01249	0.460097014582848	1.22923660154491	0.374294919305686	0.744143040434005
non-targeting_01861	0.404581358388478	0.430867802043107	0.93899185891825	0.446857518958911
NSD1_+_176560820.23-P1P2	1.98954385910963	0.247698155341669	8.03213030135531	0.0151489212332986
NUDT10_-_51075688.23-P1P2	-0.332384235777731	0.164158437284191	-2.02477704635009	0.180173061347919
OCM2_+_97619013.23-ENST00000257627.4	-0.477137544375222	0.914992731433187	-0.521465939546715	0.654037691177615
OGFOD3_-_80376428.23-P1P2	-0.33238423577773	0.571884192017132	-0.58120899373937	0.619873377245067
OR4C6_+_55425817.23-P1P2	0.460097014582851	1.18598476589663	0.387945130336481	0.735454464012767
OR5AK2_-_56756398.23-ENST00000326855.2	-0.0896708221926078	0.767982102952648	-0.116761604011151	0.91771704818741
OR5K2_+_98216487.23-ENST00000427338.1	-2.34134518977636	0.683574365034083	-3.4251506632488	0.0756888216689632
PAX9_-_37131467.23-P1	1.98954385910963	0.22758102825261	8.74213406269209	0.0128333990503319
PCCA_-_100741752.23-P1P2	0.0360985613053738	0.474721900403598	0.0760414913967179	0.946308105536278
PCDH12_+_141337752.23-P1P2	0.404581358388477	0.571884192017132	0.707453299174875	0.55261110450065
PDLIM3_+_186456603.23-P1P2	0.502194440616726	0.784516640496502	0.640132298913251	0.58763480548808
PF4_-_74847637.23-P1P2	0.479080939682359	0.788863508039048	0.607305236964574	0.605414585763803
PGM3_-_83902932.23-P1P2	1.33655058360046	0.783743818478352	1.70534114858525	0.230248298490857
PGPEP1L_+_99548786.23-P2	0.460097014582849	0.941145879159046	0.488868967894717	0.673287225922183
PIK3CG_-_106505923.23-P1P2	2.04505951530401	1.14810899513994	1.78124161030089	0.216824526487156
PITPNM1_-_67272759.23-P1P2	0.647294771973597	0.584225879022678	1.10795292576978	0.383285488617068
PLA1A_+_119317032.23-P1P2	0.0360985613053727	0.343694201335637	0.105031045519795	0.92593581473441
PLA2R1_+_160918809.23-P1P2	0.47908093968236	1.0031094279898	0.477595889655254	0.680041647234106
PLXNB2_+_50746066.23-P1P2	2.41354231238711	1.30164562395403	1.85422381327988	0.204872590273431
PNKD_+_219188064.23-ENST00000258362.3	-0.648593254443298	0.404520704815686	-1.60336231674178	0.250041979587346
PNMA1_+_74180693.23-P1P2	2.65625572597223	0.213883675827558	12.4191606287607	0.00642120785226444
POLDIP3_-_43010562.23-P1P2	0.0360985613053728	0.585755065082664	0.0616273993299203	0.956464165003864
PPP1R32_+_61248700.23-P1P2	-0.249059301073002	0.871734797509219	-0.285705356473817	0.801976437600048
PPP2R2C_-_6474098.23-P1P2	0.334327631084868	0.395515889572465	0.845295068792966	0.486947849544853
PPP2R3A_+_135684607.23-P1P2	0.13487122342814	0.329924282698892	0.408794473461754	0.7223074394414
PRICKLE4_+_41748570.23-P1P2	-1.55477665711418	0.571884192017132	-2.71869143931085	0.112849191983801
PRKCA_-_64298956.23-P1P2	-1.30615052583066	1.07447763981071	-1.2156144320144	0.34814854695483
PRLR_-_35230215.23-P1P2	0.21738360099773	0.703361487895548	0.309063838067307	0.786497855707326
PRR14L_+_32146105.23-P1P2	2.6787996707365	0.988718596976479	2.70936511048575	0.113499942440448
PTN_-_137028260.23-P1P2	1.62106106202653	1.00554387459574	1.61212365067436	0.248257071075205
PTPN23_+_47422915.23-P1P2	0.278811974890497	0.837140813604422	0.333052660149294	0.770767283850294
PUSL1_+_1243995.23-P1P2	2.23225727269475	0.544650554010866	4.0985128101976	0.0546933768279829
PXDN_-_1747879.23-P1P2	3.47128092109708	0.689080325934806	5.03755627674892	0.0372197004789904
R3HDM1_+_136344316.23-P2	-0.332384235777731	0.164158437284191	-2.02477704635009	0.180173061347919
RAB13_-_153958764.23-P1P2	1.62106106202653	0.343694201335637	4.71657960980108	0.0421312270735456
RAB24_-_176730661.23-P1P2	1.62106106202653	0.343694201335637	4.71657960980108	0.0421312270735456
RAB3GAP1_+_135809943.23-P1P2	1.62106106202653	0.802005319694013	2.02125973758504	0.180640835678229
RAB40AL_-_102192388.23-ENST00000218249.5	-0.762295406753602	0.941145879159046	-0.809965196293209	0.503008734240593
RAP1GAP_+_21995838.23-P1	0.647294771973599	0.203018080900005	3.18836021453882	0.0858869995975055
RARRES2_-_150038339.23-P1P2	0.0916142174997434	0.942053786483313	0.0972494551948454	0.931396263675776
RASA4_+_102257208.23-ENST00000262940.7,ENST00000449970.2	0.460097014582847	1.20305920726932	0.382439211472532	0.738951457072016
RBM38_-_55966949.23-P1P2	-0.841271586641717	3.59286846314332	-0.234150399679733	0.836654440050791
RGCC_-_42031688.23-P1P2	1.86377447561165	0.96216499371339	1.93706327686957	0.192344257719306
RIN2_+_19867015.23-ENST00000255006.6	-3.3621084683181	2.60439635302604	-1.29093579186274	0.325816846719602
RIT2_+_40695434.23-P1P2	0.319692460801964	0.653708999244984	0.489043995372865	0.673182746137678
RNF144A_-_7057602.23-P1	0.641382054275203	0.743360933038771	0.862813776953961	0.479177667265341
RNF208_-_140115846.23-P1P2	2.23225727269475	0.38529406933326	5.7936455563866	0.0285232691932328
RNF7_-_141457510.23-P1P2	-0.513669275470082	0.538782662417084	-0.953388650565817	0.441012810104041
RORC_-_151798574.23-P2	2.41354231238711	0.753364346877751	3.20368533816315	0.0851690061554887
RPS6KA6_-_83442779.23-P1P2	0.17493915220447	1.40328918936085	0.124663649895393	0.912189991994167
SCAF4_-_33104333.23-P1P2	-1.54886393941578	0.888879410669389	-1.74249051201375	0.223545909613455
SCAF8_+_155054586.23-P1P2	1.97660454319683	0.421959392839346	4.68434777549648	0.0426762946460442
SCRIB_+_144897324.23-P1P2	0.647294771973597	0.385294069333261	1.68000190891524	0.23497104796036
SECISBP2L_-_49338586.23-P1P2	0.828579811665952	0.852146237902568	0.972344622098408	0.433442374192787
SESN1_+_109415700.23-ENST00000436639.2	0.0916142174997473	0.652724807421933	0.140356573640269	0.901238124536903
SGK3_+_67687519.23-ENST00000396596.1,ENST00000522398.1	-0.611629380457709	0.871734797509219	-0.701623225555867	0.555567343292777
SH3PXD2B_+_171881027.23-P1P2	-1.59565714302565	1.03633042035901	-1.5397185218908	0.263514519571736
SHB_+_38069243.23-P1P2	1.62106106202653	0.935594430375117	1.73265360437917	0.225295532954391
SHKBP1_+_41083057.23-P1P2	-0.332384235777731	0.164158437284191	-2.02477704635009	0.180173061347918
SLC12A8_-_124931148.23-ENST00000469902.1	1.86377447561165	0.633009640728144	2.94430661982931	0.0985900054475388
SLC25A6_-_1508504.23-P2	0.278811974890496	0.633009640728144	0.440454547532296	0.702639850777113
SLC43A1_+_57283142.23-P1P2	-0.458153619275712	0.879702906448529	-0.520804939846494	0.654423825657736
SLC6A1_-_11034915.23-P1P2	-1.30615052583066	0.879702906448528	-1.48476322660312	0.275899418171659
SNX2_+_122111119.23-P1P2	1.25257826494343	0.164158437284191	7.63030085852341	0.016745574759321
SNX27_-_151584735.23-P1P2	2.41354231238711	0.974258681833142	2.4773115779126	0.131546568543753
SNX31_-_101661401.23-P1P2	1.25257826494343	0.164158437284191	7.63030085852341	0.016745574759321
SORBS1_+_97320896.23-P1	-0.276868579583359	0.913395683284767	-0.303120087657607	0.790421779536096
SORBS1_+_97321075.23-P1	0.0360985613053703	0.802005319694013	0.0450103763889532	0.968188965317553
SP4_+_21467755.23-P1P2	2.40103806736834	0.620162033895297	3.87163021297384	0.0607021909993872
SPATA25_-_44515908.23-P1P2	0.153042591392513	0.366310211736788	0.417795044989032	0.716679293292005
SPCS3_-_177241528.23-P1	-0.700867032860833	0.708384123605171	-0.989388397489654	0.426755860450928
SPTSSB_+_161089278.23-P1P2	-0.33238423577773	0.164158437284191	-2.02477704635008	0.18017306134792
STPG2_-_99064404.23-P1P2	2.04505951530401	1.10041768707622	1.85843933564687	0.204209199725923
SYNM_+_99645282.23-P1P2	0.0360985613053736	0.519624841154885	0.0694704302918683	0.950936149241483
TAS2R31_-_11183969.23-ENST00000390675.2	-1.46988775952766	0.422885639440601	-3.4758516781796	0.0737332299570948
TCF12_+_57210896.23-P1	0.404581358388476	0.653708999244984	0.618901313666718	0.599081732927587
TCTE1_-_44265362.23-P1P2	1.62106106202653	0.671076877087162	2.41561156012828	0.137016221906138
TEAD3_+_35464443.23-P1P2	-0.585415072264847	1.04001303069167	-0.562892055184646	0.630191918297826
TGFB1I1_-_31483522.23-P1P2	0.828579811665952	0.72304181421462	1.14596389223488	0.370428689881855
TGFBRAP1_-_105945703.23-P1P2	-0.432987781500638	0.895087589390534	-0.48373788960191	0.676355453692599
TLCD1_-_27052845.23-P1P2	1.25257826494343	0.164158437284191	7.63030085852341	0.016745574759321
TLL2_-_98273269.23-P1P2	-0.943580446445955	1.52864976034966	-0.617263987422549	0.599972461565844
TLR2_+_154605903.23-P1P2	-1.04418399216886	0.370289922153841	-2.81990929187386	0.106113476744447
TMED10_-_75642903.23-P1P2	0.884095467860325	0.606592225600464	1.45747906179503	0.282321254119755
TMEM220_+_10633275.23-P1P2	0.114158162264016	0.679978015445742	0.16788507815092	0.882115075091067
TMLHE_+_154842396.23-P1P2	-0.151099196085375	0.423792596917939	-0.356540433184191	0.755537256140702
TMOD4_-_151148410.23-P1P2	-0.7622954067536	1.10041768707622	-0.692732782929903	0.560103485626858
TOR3A_+_179051645.23-P1P2	1.21604653384856	0.525527129168737	2.31395577193526	0.146739410890467
TPI1_-_6977036.23-P1P2	-0.45815361927571	0.712696558112804	-0.64284528115147	0.586185887190115
TRAF4_-_27071465.23-P1P2	0.725354372932238	1.52583679136298	0.475381362566505	0.681374304572761
TSC22D2_-_150126170.23-P1P2	-0.33238423577773	0.872691611966278	-0.380872499769797	0.739948416127802
TUBB2B_+_3227830.23-P1	-0.249059301073006	0.581837971355558	-0.428056114132171	0.710298491320875
UBAC2_+_99853566.23-P1P2	0.0360985613053724	1.03121479669043	0.035005860487288	0.975254698294029
UBE2A_+_118708560.23-P1P2	1.7985843969532	0.524111551405564	3.43168241976304	0.075432718406943
UBE2U_+_64669318.23-P1P2	-1.59167178747136	0.572038867494226	-2.78245391688778	0.108538057023758
UNC93B1_-_67771497.23-P1P2	1.98954385910964	0.638414432301457	3.11638296135853	0.0893778609873786
UNG_-_109535573.23-P1P2	1.25257826494343	0.22758102825261	5.50387822113665	0.0314616936014196
USH1G_-_72919314.23-P1P2	0.0360985613053759	0.915653135567743	0.0394238384636703	0.972133962000196
USP14_-_158935.23-P1P2	-1.18629386003107	0.526141401466956	-2.25470540186254	0.152850938466256
USP18_-_18632948.23-P1P2	0.0360985613053738	0.474721900403598	0.0760414913967179	0.946308105536278
USP26_-_132231151.23-P1P2	2.23225727269475	0.544650554010866	4.0985128101976	0.0546933768279829
USP34_-_61697775.23-P1P2	-0.187630927180237	0.320264018445485	-0.585863276464742	0.617273722717177
USP36_-_76836540.23-P1P2	-1.55477665711418	0.164158437284191	-9.47119552815034	0.0109648174907162
USP9Y_+_14813207.23-ENST00000338981.3	0.0135917706755712	1.62626001721776	0.00835768605983703	0.994090326710183
VENTX_+_135051755.23-P1P2	-1.28689740575399	0.819040530597808	-1.57122554706138	0.256731862394938
VENTX_+_135051812.23-P1P2	-0.611629380457712	0.824223102888013	-0.742067746359705	0.535359691215144
VSTM1_-_54567151.23-P1P2	0.153042591392514	0.164158437284191	0.932285869215279	0.44960820718518
XG_+_2670149.23-P1P2	-1.55477665711418	0.22758102825261	-6.83174985653201	0.0207608600060209
XPO4_+_21476451.23-P1P2	1.62106106202653	0.867288494967176	1.86911399313314	0.202542070507622
XYLT2_-_48423902.23-P1P2	1.62106106202653	0.646706456268407	2.50664122232565	0.129052880422564
YY1AP1_-_155658052.23-P1P2	0.675185938004464	0.361725422009264	1.86657032357315	0.20293768358948
ZBTB22_-_33285471.23-P1P2	-0.700867032860834	1.03814818467053	-0.675112708580486	0.569193939118031
ZFAND2A_+_1199593.23-P1P2	2.41354231238711	1.25518389635881	1.92285952631213	0.194418227572401
ZFP41_+_144329116.23-P1P2	0.0360985613053728	0.585755065082664	0.0616273993299203	0.956464165003864
ZFP91_+_58346598.23-P1P2	1.78309298164221	0.449343575024538	3.96821737474456	0.0580322173490604
ZMYND10_-_50383103.23-P1P2	-0.332384235777731	0.164158437284191	-2.02477704635009	0.180173061347919
ZNF219_-_21566780.23-P1P2	-0.575097649362848	0.87264614925846	-0.659027315770021	0.577608811680959
ZNF385A_+_54785053.23-P2	0.460097014582847	1.38968127521151	0.331080962800496	0.772053647149357
ZNF428_-_44123743.23-P1P2	0.036098561305375	0.708384123605172	0.0509590208228539	0.963989901182346
ZNF503_+_77161497.23-P1P2	-0.700867032860831	0.585755065082664	-1.19651894561411	0.354096547417558
ZNF579_-_56092208.23-P1P2	-0.00634588748788167	0.771636575095602	-0.00822393299215431	0.994184899535673
ZNF589_-_48282689.23-P1P2	-1.28689740575398	0.730263550312531	-1.76223694199612	0.220087192256818
ZNF616_-_52642772.23-P1P2	0.660365979374711	0.312296357841488	2.11454909029036	0.168769622848372
ZNF670_-_247241632.23-P1P2	0.515612670777218	0.251138876167813	2.0530977865517	0.176465660495775
ZNF764_-_30569648.23-P1P2	-0.025329812587389	1.12988849255162	-0.0224179755386187	0.984150088756229
ZNF862_+_149535583.23-P1P2	-0.33238423577773	0.366310211736788	-0.907384574953004	0.459980700408674
