hl60_6h_log2FC	hl60_6h_pvalue	hl60_72h_log2FC	hl60_72h_pvalue	hl60_120h_log2FC	hl60_120h_pvalue	kg1_log2FC	kg1_pvalue	molm13_log2FC	molm13_pvalue	molm14_log2FC	molm14_pvalue	ociaml3_log2FC	ociaml3_pvalue	skm1_log2FC	skm1_pvalue
DAC.3.1-x1-0	NA	NA	NA	NA	NA	NA	NA	NA	2.17635706808616	0.59061715345525	NA	NA	NA	NA	6.93714073421926	1.74632156930247e-07
DAC.4.1-x1-0	0.757488773559379	0.291628455065409	0.917552800988904	0.291628455065409	1.96659519316346	0.291628455065409	-1.33965276672715	0.739787206892733	NA	NA	-1.00423929986078	0.803693873778793	NA	NA	3.13287271281658	0.430096525925918
DAC.4.2-x1-0	4.53288974681146	0.689581724916412	0.698119421923614	0.689581724916412	4.43863016177719	0.689581724916412	1.90251164706389	0.635000029153825	NA	NA	2.09902114070406	0.599810419720789	NA	NA	1.99847768126981	0.403974467203114
DAC.8.1-x1-0	0.0628583336651512	0.0212723577108478	0.865775671109453	0.0212723577108478	0.355666824969771	0.0212723577108478	0.0548197373841827	0.952610820476102	0.798816998000373	0.0262560698686501	0.510672492465859	0.79058266542099	-1.15894430872668	0.112039466988158	0.779689485254031	0.0859725258340742
DAC.11.1-x1-0	0.806740573846261	0.710337386155005	1.01028227967364	0.710337386155005	0.254179427877442	0.710337386155005	-4.7002153287382	0.232867921327677	3.49018116305192	0.282691553399982	0.684783058011663	0.863092102547089	2.96258099190546	0.451494837717855	2.71671009779752	0.496126403146762
DAC.17.1-x1-0	-0.434824314930045	0.52391598338925	1.35973688675293	0.52391598338925	-0.517166438653139	0.52391598338925	1.98552156042796	0.537378519311928	-0.90341932778549	0.800443417382586	-0.722290556883368	0.712332906908152	1.50048260454951	0.651479418183965	2.54747455577286	0.122778868409906
DAC.5.1-x1-0	-0.341347024086914	0.747720688729524	-0.497661474580378	0.747720688729524	-0.0151866380763393	0.747720688729524	1.31974522205135	0.384379520198949	0.0759782631739972	0.948903973913372	-2.05398494224666	0.499304329705752	2.30898984519008	0.236254435459766	0.418634306343507	0.65271015899752
DAC.5.2-x1-0	NA	NA	NA	NA	NA	NA	NA	NA	NA	NA	2.09902114070406	0.599810419720789	-2.77295269937098	0.487262054463489	NA	NA
DAC.9.1-x1-0	-1.80269795917344	0.264784653126846	4.34391358993671	0.264784653126846	5.27304839494857	0.264784653126846	-3.42196769605674	0.389548162004953	1.68983752020517	0.0876972925118025	3.46000380048162	0.384087164929896	2.12730479590249	0.594302844197472	1.03890141975052	0.66112581484619
DAC.10.1-x1-0	-1.79392635776033	0.981997902055022	-2.27772997820706	0.981997902055022	1.32619888387316	0.981997902055022	NA	NA	NA	NA	NA	NA	NA	NA	1.18592062255148	0.771331914642849
DAC.12.1-x1-0	0.831639857952583	0.898114342088783	1.10926852630221	0.898114342088783	-0.560824119580014	0.898114342088783	NA	NA	-0.432237675196555	0.869314344095203	-5.05584984349597	0.198244776962116	5.07753624578565	0.196004228339562	4.30477636952452	0.273992367687381
DAC.18.1-x1-0	-1.44205871102987	0.000954449565591121	1.47924243824909	0.000954449565591121	3.71047113754644	0.000954449565591121	0.00030469219410147	0.999582416958403	0.601373485915117	0.262927772962226	-0.468263750346561	0.766824929420378	-0.200609195634629	0.863282496656706	0.56444848642081	0.157643452099636
DAC.20.1-x1-0	NA	NA	NA	NA	NA	NA	-0.358261651741083	0.769572489241416	-0.698175152429732	0.791192211773503	0.7576146527106	0.465524888408185	-0.369254225006165	0.477140547261359	0.589538459844919	NA
DAC.22.2-x1-0	-2.07155493485848	0.908237072659614	-2.27965219688662	0.908237072659614	2.27270030805871	0.908237072659614	1.24922448643349	0.75685216599495	NA	NA	1.03199090704712	0.798592336144073	NA	NA	1.18592062255148	0.771331914642849
DAC.22.1-x1-0	3.32777543521356	0.918387969376225	2.13368634745876	0.918387969376225	2.33206783523249	0.918387969376225	1.92474581747198	0.630988188712743	NA	NA	-0.923471535291787	0.819392891761094	NA	NA	-1.52411025077648	0.706544387867698
DAC.29.1-x1-0	-0.4211266803642	0.967437004917833	0.881521594539983	0.967437004917833	2.33196461686619	0.967437004917833	NA	NA	2.17635706808616	0.59061715345525	NA	NA	NA	NA	3.88282760528127	0.203965365323123
DAC.29.2-x1-0	NA	NA	NA	NA	NA	NA	NA	NA	NA	NA	NA	NA	NA	NA	2.59987309226207	0.515579860257626
DAC.29.3-x1-0	NA	NA	NA	NA	NA	NA	NA	NA	NA	NA	NA	NA	NA	NA	3.13287271281658	0.430096525925918
DAC.29.4-x1-0	NA	NA	NA	NA	NA	NA	NA	NA	NA	NA	NA	NA	NA	NA	NA	NA
DAC.32.1-x1-0	-1.57711450409803	0.0148239431276288	0.563572116332024	0.0148239431276288	1.4291905744505	0.0148239431276288	-0.0325662844204904	0.984512618177851	0.829482030985965	0.18880759132962	-2.07817998834708	0.506646365267101	1.20066084491571	0.465425031984667	0.033177568980793	0.968145347686245
DAC.34.1-x1-0	1.66279551651903	0.0185458635571186	1.7368801872126	0.0185458635571186	3.0291782753933	0.0185458635571186	0.584426651925649	0.650932297593672	1.80184602417434	0.333719875252374	1.84193537295588	0.555985699281845	-2.97247818949222	0.456006556137864	5.65238211390169	0.000438580976518839
DAC.34.2-x1-0	NA	NA	NA	NA	NA	NA	NA	NA	NA	NA	NA	NA	NA	NA	NA	NA
DAC.43.1-x1-0	-0.421099114427462	0.973295352079744	0.697975073734734	0.973295352079744	2.3319646180816	0.973295352079744	NA	NA	-0.562116355491452	0.890431954820782	NA	NA	NA	NA	-1.6693947272378	0.679055706665394
DAC.30.1-x1-0	-0.65717945349476	0.0478665035496309	-1.2681591027502	0.0478665035496309	0.811993741379386	0.0478665035496309	0.105920757990108	0.978258725847106	NA	NA	1.06387525200121	0.78849914304495	0.685821236588794	0.75043691827079	NA	NA
DAC.33.1-x1-0	-0.421128416620341	1	0.697975072667477	1	1.32627461004324	1	-0.953278338791455	0.814140238288508	NA	NA	NA	NA	NA	NA	NA	NA
DAC.36.2-x1-0	-0.421061426387029	0.352549868241711	3.70160965330897	0.352549868241711	5.55124003533193	0.352549868241711	1.24922448643349	0.75685216599495	0.102683793696847	0.939646986199487	0.515254277184687	0.353267524111835	1.39868443113592	0.394370457830996	4.59458154552268	0.242366461158621
DAC.36.1-x1-0	1.5521104018898	0.539900814680498	2.60746042728711	0.539900814680498	-4.17565333782367	0.539900814680498	-1.15238619401582	0.72743913558931	1.06838158499588	0.671761433809828	0.707310036310556	0.423948119399766	-0.354224237832408	0.837088537138269	-0.660013884956248	0.598190556918459
DAC.39.1-x1-0	-0.421189190795406	0.999679045083144	0.772663315212953	0.999679045083144	-0.141386367858084	0.999679045083144	NA	NA	NA	NA	NA	NA	0.929138959318845	0.818006515509656	NA	NA
DAC.44.1-x1-0	-0.421041434347683	0.933095512138522	2.13359329671395	0.933095512138522	2.87600300981925	0.933095512138522	NA	NA	2.59142857784247	0.167707522602886	NA	NA	-1.33054896726418	0.742238165720562	-2.59733383250512	0.418139330160073
DAC.45.2-x1-0	NA	NA	NA	NA	NA	NA	NA	NA	NA	NA	NA	NA	NA	NA	NA	NA
DAC.45.1-x1-0	-0.421128416620341	1	0.697975072667476	1	1.32627461004324	1	NA	NA	-1.68919322418004	0.674296145211503	NA	NA	NA	NA	5.28320464287699	0.000157493196749496
DAC.45.4-x1-0	NA	NA	NA	NA	NA	NA	NA	NA	NA	NA	NA	NA	NA	NA	3.9417424031897	0.317502086878959
DAC.45.3-x1-0	NA	NA	NA	NA	NA	NA	NA	NA	NA	NA	NA	NA	NA	NA	NA	NA
DAC.46.1-x1-0	1.06394372632909	6.29167405189224e-141	6.17185667080153	6.29167405189224e-141	6.60137719699474	6.29167405189224e-141	1.87677670231096	0.158015009659394	0.628818483922449	0.52607034274717	1.66814843795054	0.480783263899955	2.41251152914778	0.131146962229514	2.14955787391781	2.43210504200195e-17
DAC.53.1-x1-0	-0.253061686791321	1.47689365137866e-12	4.31283590291744	1.47689365137866e-12	4.11493483105572	1.47689365137866e-12	0.109855734072686	0.917907508261779	0.489698312332017	0.226158386467671	-0.789271495063098	0.593400203421541	0.0576172066348691	0.967355711497256	0.836979232110395	0.0261228484191222
DAC.59.1-x1-0	-1.68391976826478	0.262487806377474	2.38360125928239	0.262487806377474	3.85329565086677	0.262487806377474	-1.29921142534238	0.366244428022189	1.470346294681	0.200178249951726	1.84687595072956	0.446887088893465	-1.59822096890471	0.357421880989985	2.78406001725085	0.000662505857502225
DAC.61.2-x1-0	NA	NA	NA	NA	NA	NA	NA	NA	NA	NA	NA	NA	NA	NA	NA	NA
DAC.61.1-x1-0	-3.08674053917904	0.946442848014622	0.273775909632752	0.946442848014622	-1.44057104422141	0.946442848014622	NA	NA	NA	NA	NA	NA	-1.33054896726418	0.742238165720562	NA	NA
DAC.64.2-x1-0	0.804186250662965	0.691982228540034	2.02650144578851	0.691982228540034	0.514402388051189	0.691982228540034	1.5837173993174	0.526470266464538	1.36143699615104	0.738646045892912	-1.95455450353102	0.625250268921222	-1.66201856576506	0.679924516735507	0.288773518860803	0.908269087694301
DAC.65.1-x1-0	1.88155338220417	0.0239670152884436	6.38763772098018	0.0239670152884436	2.27059634207924	0.0239670152884436	-1.02765325703478	0.718313974465532	1.2722698258778	0.0285807411273494	0.572119467661445	0.765197142415813	0.248244764614077	0.867499607778934	3.29461364852127	5.87065344366821e-09
DAC.70.1-x1-0	NA	NA	NA	NA	NA	NA	-3.74284970610409	0.345637935131382	NA	NA	1.49600228179536	0.468024677647687	NA	NA	NA	NA
DAC.70.2-x1-0	0.422051134607237	0.00107667986909847	2.03389768812365	0.00107667986909847	1.36492228212701	0.00107667986909847	6.430424032085	6.62570906310846e-05	2.50056514991947	0.0139870442837604	-1.62544815371961	0.68540471532584	-2.08566907428885	0.106102914428536	3.23226473172794	0.0313434996806632
DAC.70.3-x1-0	NA	NA	NA	NA	NA	NA	-3.86958485668778	0.328956917670584	1.0417684408728	0.764122908749575	NA	NA	NA	NA	0.119211966175941	0.949778684815185
DAC.72.1-x1-0	NA	NA	NA	NA	NA	NA	NA	NA	NA	NA	NA	NA	NA	NA	NA	NA
DAC.72.2-x1-0	NA	NA	NA	NA	NA	NA	NA	NA	NA	NA	NA	NA	NA	NA	NA	NA
DAC.47.1-x1-0	-3.54418536207796	0.868833785083325	4.14062620139559	0.868833785083325	3.33299829472781	0.868833785083325	1.2492244864335	0.75685216599495	4.3091108785917	0.143063949821815	NA	NA	1.63030053766425	0.631132810657521	1.11433667267405	0.652981313330589
DAC.48.2-x1-0	-0.42117874451017	0.877449614924834	4.11790452166015	0.877449614924834	-2.59442730065773	0.877449614924834	3.52477305091387	0.231039741830358	NA	NA	-1.65859382292659	0.679253620977557	NA	NA	3.4554976598286	0.382622993793307
DAC.48.1-x1-0	0.633962843945165	0.00417405649640551	2.06758154340066	0.00417405649640551	0.86786793096116	0.00417405649640551	-0.779978463203398	0.442380067835557	1.20651576973846	4.24957476403284e-06	-0.455775165549822	0.768673774047879	0.0286120144625253	0.983345982742479	1.35328870500571	0.000106705880196559
DAC.58.1-x1-0	0.957539185365728	0.466146413971614	2.70066316122976	0.466146413971614	2.16930044772808	0.466146413971614	0.661334312484382	0.868604078134259	0.934426842679668	0.648446910377705	0.590231008474641	0.881950550043884	-0.9120317156254	0.686345600384139	2.12335377869803	0.270321579796599
DAC.62.1-x1-0	2.51056228721478	0.976954953632814	-0.687679427216452	0.976954953632814	-0.141300943731892	0.976954953632814	NA	NA	NA	NA	0.0304180420639249	0.993843043405613	1.47978299707088	0.712351985385806	NA	NA
DAC.62.2-x1-0	3.51707550654612	0.90059994757985	-2.93800616890937	0.90059994757985	3.26944899377593	0.90059994757985	0.215421437469688	0.837741391682005	0.294993107218158	0.426009276925123	-0.834268303825194	0.766804839684458	-0.6563821767302	0.381527862707354	0.247521592132889	0.619076121257211
DAC.71.1-x1-0	-0.421087604201555	0.993860565697099	2.13359370737582	0.993860565697099	1.29139215879305	0.993860565697099	-0.0313752017796798	0.981855827847226	NA	NA	-0.934263514023049	0.813766896585416	1.28937622034897	0.748466098595898	NA	NA
DAC.73.2-x1-0	-0.415726935243473	0.763853274323457	2.49057812502702	0.763853274323457	4.45762264226008	0.763853274323457	1.61883275194539	0.512108699413797	1.12996983767308	0.020461498661464	0.20136926803758	0.949566421855838	0.43149391149432	0.864319529846873	0.610193396671855	0.359646500865575
DAC.73.3-x1-0	4.91859108020199	0.892144126722571	1.64464920333091	0.892144126722571	0.294529224514374	0.892144126722571	-0.143066363245667	0.970714359522095	2.96789903831701	0.216899070857692	NA	NA	3.12956575050954	0.431277673171105	0.327350697983127	0.786175226321658
DAC.74.1-x1-0	0.292162966827965	0.635042131163584	-1.3859882667273	0.635042131163584	2.34710850738311	0.635042131163584	-1.89818475164939	0.635976435086134	-0.562116355491451	0.890431954820782	NA	NA	0.0451006183596862	0.976383300778561	-1.52411025077648	0.706544387867698
DAC.76.1-x1-0	0.109473422294712	0.584568004411113	4.71872931341791	0.584568004411113	2.20073247885922	0.584568004411113	-0.819680806448052	0.817984036561085	1.21828609461675	0.733284400315121	0.425948298658905	0.913718423714581	0.35032974046463	0.871829666064866	0.588102733523707	0.809202701994241
DAC.80.1-x1-0	-0.421082048056374	0.922038530045579	0.697975074356332	0.922038530045579	2.91770504194044	0.922038530045579	NA	NA	2.85380287753187	0.399573428498118	NA	NA	NA	NA	NA	NA
DAC.82.1-x1-0	2.52030450889726	0.801310393740235	2.93254225075142	0.801310393740235	1.47388689070407	0.801310393740235	-0.283568791683636	0.942801988217787	0.453263014332592	0.857923860932091	-0.432101361402289	0.895295287105543	1.56854179836006	0.695706182109909	0.224152633202991	0.948540282055301
DAC.83.1-x1-0	1.09095095904286	0.0345378421611446	0.816239982601881	0.0345378421611446	1.77879437869636	0.0345378421611446	0.981013016830446	0.662169520542666	1.79850982294226	0.608145681788616	NA	NA	-1.68414709381014	0.671108757409048	2.06008057811204	0.54532327584461
DAC.87.1-x1-0	-1.41061202831798	0.684048612451964	0.697903023878251	0.684048612451964	5.58196051678011	0.684048612451964	1.40015545453096	0.690105354915838	2.38991555611125	0.134724634841185	1.08138210802198	0.789035360445288	1.62754756154811	0.643266226489296	2.58818031072555	0.0806081917460586
DAC.87.2-x1-0	-0.420809572875934	0.473949445254393	7.05539423948022	0.473949445254393	5.91199439342725	0.473949445254393	-2.70251896134764	0.4980550486103	NA	NA	NA	NA	NA	NA	NA	NA
DAC.93.1-x1-0	-0.159525432876554	0.299757375947553	5.96384677553803	0.299757375947553	2.3119704849468	0.299757375947553	1.50550881853068	0.708223510071622	NA	NA	-0.392984263407764	0.86025946756039	-1.66201856576506	0.679924516735507	NA	NA
DAC.94.1-x1-0	-2.6356304788237	0.967604816567244	0.697878282373993	0.967604816567244	1.32615282069715	0.967604816567244	0.9344609779205	0.675110486043813	2.92106536191958	0.064619693861321	3.47330542574945	0.382243772266446	0.219128630071811	0.91799892573378	0.713238490291208	0.319070215493227
DAC.96.1-x1-0	0.44257853982684	0.0653955156596938	2.78970338907607	0.0653955156596938	2.69666027825495	0.0653955156596938	0.376726691635463	0.780020429114955	0.950340501711399	0.05930760453171	1.14694941904355	0.277559103546789	-0.75623513073178	0.550627993171205	1.29999423147227	0.149339008444013
DAC.84.1-x1-0	-0.421010845937736	0.91075543051498	3.16244234239573	0.91075543051498	2.89698864387481	0.91075543051498	NA	NA	NA	NA	NA	NA	1.56854179836006	0.695706182109909	NA	NA
DAC.85.1-x1-0	-0.420689977054875	0.263893610482162	9.26207682742989	0.263893610482162	7.80999853888747	0.263893610482162	-3.57489228718546	0.368491719677852	7.26810373126972	0.0033084136988919	NA	NA	0.160862392114293	0.961534704541086	-0.737632729091013	0.856547024634843
DAC.85.2-x1-0	0.798827840698696	3.1041556908112e-08	2.26486266592516	3.1041556908112e-08	2.56933911141132	3.1041556908112e-08	1.80807600355874	0.534191346531244	0.663062618093647	0.112056914027049	0.360751785666281	0.814041281539443	-0.456105803135744	0.906083468993673	0.575315963257704	0.356491354703195
DAC.98.1-x1-0	1.2522403900907	0.844941936876975	0.596626089001072	0.844941936876975	1.09667009996815	0.844941936876975	0.480150231088124	0.63938136097624	1.00482338280243	1.49003546971457e-06	0.423627428644401	0.490341219219659	0.221682271960737	0.869864310218757	1.29999709037116	0.0025278587495179
DAC.100.1-x1-0	NA	NA	NA	NA	NA	NA	NA	NA	1.36143699615104	0.738646045892912	NA	NA	NA	NA	NA	NA
DAC.102.1-x1-0	NA	NA	NA	NA	NA	NA	NA	NA	NA	NA	NA	NA	NA	NA	NA	NA
DAC.103.1-x1-0	-0.421234599180189	0.999882178486656	0.697975068646044	0.999882178486656	-1.59248572348945	0.999882178486656	NA	NA	NA	NA	NA	NA	NA	NA	NA	NA
DAC.104.2-x1-0	0.488552790307309	0.961670349459885	0.379543394943458	0.961670349459885	-0.141383696457999	0.961670349459885	NA	NA	-0.331905447699997	0.926809064745674	-1.57779213709409	0.694282055004045	0.696835750959279	0.86342083672741	0.691936165850877	0.588894684675241
DAC.104.1-x1-0	-0.421164648349276	0.950804976796026	2.15837468139583	0.950804976796026	-0.161542366126022	0.950804976796026	0.839857559472009	0.836049677453093	NA	NA	NA	NA	NA	NA	NA	NA
DAC.105.1-x1-0	0.293521193680497	0.227564815235401	5.74682364761589	0.227564815235401	1.85887184299809	0.227564815235401	3.19155236766903	0.421454710093643	3.05274853268987	0.0011797095982467	0.161549418321649	0.966669820298323	-1.79768325701781	0.417622350763672	9.66173334752532	1.00237182986852e-15
DAC.105.2-x1-0	NA	NA	NA	NA	NA	NA	NA	NA	NA	NA	-1.65859382292659	0.679253620977557	NA	NA	0.938580959287376	0.551360093878239
DAC.105.3-x1-0	NA	NA	NA	NA	NA	NA	NA	NA	NA	NA	NA	NA	NA	NA	NA	NA
DAC.105.4-x1-0	NA	NA	NA	NA	NA	NA	0.602315597178036	0.848946261827143	-0.302053873618525	0.82974566581324	-1.91863467171037	0.631710920948002	2.54291260691833	0.523433826592839	-1.0019731399851	0.42902545884953
DAC.111.1-x1-0	NA	NA	NA	NA	NA	NA	NA	NA	NA	NA	NA	NA	NA	NA	NA	NA
DAC.118.1-x1-0	-3.38967303285257	0.894732453598594	-0.869873897040861	0.894732453598594	0.851931778605241	0.894732453598594	0.196131773384317	0.860312396401172	0.236668677256905	0.689224177027605	-1.07298144956683	0.437244842525016	-1.69683088904136	0.184927665223578	-0.0573626555809139	0.919710193244888
DAC.124.1-x1-0	-0.246131455136816	0.534327892180325	3.68540951965923	0.534327892180325	0.205654821584246	0.534327892180325	-0.469325441179221	0.905792709409842	1.27065624993134	0.210949153386762	0.114337058325049	0.970646901963329	3.97145400762169	0.31456050820715	-2.50229133521232	0.1764221764122
DAC.124.2-x1-0	NA	NA	NA	NA	NA	NA	0.44043465652722	0.79340400823004	NA	NA	-2.91320931279435	0.464315718317611	-3.6119999502065	0.362786253035243	NA	NA
DAC.109.1-x1-0	1.19237288787482	0.671969759880804	-0.514501708237254	0.671969759880804	-2.95495790231213	0.671969759880804	0.309445574940522	0.870762155039101	NA	NA	-2.45021854120177	0.287987408049856	-1.54961206666252	0.381096216070732	2.01789054251095	0.617760562130923
DAC.112.1-x1-0	NA	NA	NA	NA	NA	NA	NA	NA	NA	NA	NA	NA	NA	NA	NA	NA
DAC.112.2-x1-0	NA	NA	NA	NA	NA	NA	NA	NA	NA	NA	NA	NA	NA	NA	NA	NA
DAC.113.2-x1-0	NA	NA	NA	NA	NA	NA	NA	NA	-0.448949033908442	0.901275439647022	NA	NA	NA	NA	1.18592062255148	0.771331914642849
DAC.113.1-x1-0	-0.421082744363656	0.928446435965248	3.73316829337459	0.928446435965248	-0.141386363833976	0.928446435965248	NA	NA	NA	NA	NA	NA	NA	NA	NA	NA
DAC.115.1-x1-0	NA	NA	NA	NA	NA	NA	NA	NA	NA	NA	NA	NA	NA	NA	NA	NA
DAC.115.2-x1-0	NA	NA	NA	NA	NA	NA	NA	NA	NA	NA	NA	NA	NA	NA	NA	NA
DAC.116.1-x1-0	-0.421161465130416	0.982815646161566	-0.687753458054783	0.982815646161566	2.27061397800732	0.982815646161566	NA	NA	NA	NA	NA	NA	0.929138959318845	0.818006515509656	NA	NA
DAC.116.2-x1-0	NA	NA	NA	NA	NA	NA	1.52089143202375	0.705335123293361	NA	NA	-0.593422207067078	0.88139942945175	NA	NA	NA	NA
DAC.117.2-x1-0	0.262115319465837	0.187434192212879	1.59115708154924	0.187434192212879	1.21305323862658	0.187434192212879	0.658871062516711	0.733011811112862	1.31457441577894	0.0734858135205368	0.0449602561485085	0.971682363509044	0.316312893482295	0.898883036517567	0.561135161737607	0.268640707860029
DAC.122.1-x1-0	-0.420995882834302	0.889479972262773	3.71824382192905	0.889479972262773	2.85474066159554	0.889479972262773	NA	NA	NA	NA	NA	NA	1.28937622034897	0.748466098595898	2.12963263148236	0.5975189810487
DAC.122.2-x1-0	NA	NA	NA	NA	NA	NA	NA	NA	NA	NA	NA	NA	1.97509585547077	0.621287619078287	4.8637278914987	0.0862888202262093
DAC.126.1-x1-0	-0.420803679856887	0.454354060725381	6.64888289324109	0.454354060725381	6.52076194639763	0.454354060725381	1.50550881853068	0.708223510071622	-3.02897418825127	0.443380259056711	1.03199090704712	0.798592336144073	-1.6571478044813	0.680827654236608	4.91788076007292	0.0154192204394066
DAC.126.2-x1-0	-0.42127747620457	0.965786724061313	0.697975066980236	0.965786724061313	-2.57354269463453	0.965786724061313	NA	NA	-0.315228708155761	0.902349774244144	1.08138210802198	0.789035360445288	NA	NA	NA	NA
DAC.129.1-x1-0	-0.421129432958692	1	0.69797507263046	1	1.29139253384981	1	NA	NA	NA	NA	-0.923471535291787	0.819392891761094	NA	NA	NA	NA
DAC.146.1-x1-0	NA	NA	NA	NA	NA	NA	1.2492244864335	0.75685216599495	2.54609730433856	0.102012705847974	-4.06140665827596	0.304012065154878	NA	NA	2.49941928311758	0.278400986610141
DAC.146.2-x1-0	-0.37066712911737	0.196232792876513	0.826654323446456	0.196232792876513	0.94181783153641	0.196232792876513	-0.499266346878217	0.715777347524572	-2.94649493533273	0.358901013268659	2.79862544509189	0.482469357145414	-0.815015022825933	0.57015469664788	-1.14640325611223	0.740371405775431
DAC.146.4-x1-0	-0.420993376294718	0.66446322763782	6.4508699253198	0.66446322763782	1.92402455708959	0.66446322763782	NA	NA	1.47865880044312	0.669223668607504	NA	NA	2.52506889410377	0.526386346436746	2.70407546149524	0.412663251837132
DAC.150.1-x1-0	-0.13075027248361	0.0307182704891731	1.72086905295344	0.0307182704891731	2.93806926431572	0.0307182704891731	-0.136807883260991	0.866932353167092	1.87140059178707	6.59368770274695e-05	1.01126283785439	0.550151699871066	-0.0294425937200668	0.985342825708171	0.789290756546532	0.118684913514845
DAC.151.1-x1-0	0.259910679715268	1.29365427221507e-16	0.984297989803418	1.29365427221507e-16	1.1554823607177	1.29365427221507e-16	0.300330372939456	0.85876886959792	0.152877696190936	0.260642944288418	0.453760188048248	0.22809730942225	0.408943805441615	0.283948711343416	0.364184230149581	0.0417922073704085
DAC.130.1-x1-0	-0.175602814566472	0.604121997339242	-0.68233171730981	0.604121997339242	1.44279243218601	0.604121997339242	1.13800218287127	0.294135947594048	1.88216522159855	0.361064331490307	0.0824919193597833	0.947752861468355	0.571848296919453	0.740450205547418	3.89397721242916	0.0355480206392822
DAC.133.1-x1-0	NA	NA	NA	NA	NA	NA	NA	NA	NA	NA	NA	NA	NA	NA	2.59987309226207	0.515579860257626
DAC.135.1-x1-0	NA	NA	NA	NA	NA	NA	NA	NA	NA	NA	NA	NA	NA	NA	NA	NA
DAC.137.1-x1-0	NA	NA	NA	NA	NA	NA	NA	NA	NA	NA	NA	NA	NA	NA	NA	NA
DAC.138.1-x1-0	NA	NA	NA	NA	NA	NA	NA	NA	NA	NA	NA	NA	NA	NA	NA	NA
DAC.140.1-x1-0	-0.590840148936339	0.00764298587000552	4.83451904612916	0.00764298587000552	3.49051099239237	0.00764298587000552	0.199124317446115	0.907288484418606	1.3099827171309	0.0748689763288746	-0.908590172189517	0.627353732121786	1.37679351036595	0.325192690967955	1.61034334325751	0.0395721609708785
DAC.145.1-x1-0	3.11154611103704	0.867936335825836	-1.57376404217509	0.867936335825836	0.889505142534397	0.867936335825836	0.39951808236976	0.905308675782036	-1.32411497182923	0.420211262735703	3.40424842087449	0.158704158122948	2.36555702164426	0.166957711612744	-2.92891826475311	0.0418469098265934
DAC.145.2-x1-0	-2.63556351063203	0.924696662926138	1.8193740294259	0.924696662926138	3.85375479839234	0.924696662926138	0.818159516344718	0.834363601331877	0.408407801589982	0.511534331196752	-2.27543842741579	0.388819319675179	-1.66201856576506	0.679924516735507	2.50808523176995	0.0346399486271769
DAC.147.1-x1-0	2.41280835070302	5.26823459352221e-22	4.2410577523248	5.26823459352221e-22	3.56329317045276	5.26823459352221e-22	0.832816459557836	0.275300699795338	0.494471272354651	0.213584909415228	2.06152778272238	0.243951934548566	0.954668731370453	0.0683724814796342	0.466002793298307	0.203242608950798
DAC.153.1-x1-0	-0.421234599180189	0.999882178486656	0.697975068646044	0.999882178486656	-1.59248572348945	0.999882178486656	3.43685511475648	0.385526181711379	5.32356770067363	0.0499724743288764	-4.6525677832958	0.0406809527383476	NA	NA	NA	NA
DAC.154.1-x1-0	NA	NA	NA	NA	NA	NA	NA	NA	NA	NA	NA	NA	NA	NA	NA	NA
DAC.156.1-x1-0	NA	NA	NA	NA	NA	NA	NA	NA	NA	NA	NA	NA	NA	NA	2.70407546149524	0.412663251837133
DAC.157.1-x1-0	0.848358577158874	0.962944474626991	2.74529286777505	0.962944474626991	-0.0252415909128186	0.962944474626991	NA	NA	-2.03680708078198	0.399496463164691	NA	NA	5.69672183441848	0.146152472852858	-2.47673419269984	0.478746139575778
DAC.157.2-x1-0	-0.948104522673271	0.98405357556748	-0.558512932805152	0.98405357556748	0.0523062102197484	0.98405357556748	0.017103006654284	0.962616955009386	-0.683111944344367	0.00775363710803982	-0.322555808536715	0.765774398985178	-0.970204968960644	0.520517590114603	-0.410218368572781	0.138114439255773
DAC.167.1-x1-0	1.870813864878	9.47499571984484e-07	3.0966002330285	9.47499571984484e-07	4.03831367834871	9.47499571984484e-07	0.830975701302283	0.685170386319945	1.48195266166962	0.00874545500302134	-1.06336010161484	0.676896516247204	2.35231034759726	0.403467112688646	0.933619129722427	0.206383228523279
DAC.171.1-x1-0	5.48215353884205	0.00021398868791035	1.20623629691235	0.00021398868791035	0.490722303695172	0.00021398868791035	0.0892956701282266	0.897209550510291	1.35235071821269	2.08033654807347e-06	1.05300442944798	0.372611773480446	0.836257719064496	0.191226730072164	0.715142354782706	0.220809337731103
DAC.172.1-x1-0	NA	NA	NA	NA	NA	NA	NA	NA	NA	NA	NA	NA	0.929138959318845	0.818006515509656	3.46035984580907	0.311899109918393
DAC.172.2-x1-0	NA	NA	NA	NA	NA	NA	NA	NA	NA	NA	NA	NA	NA	NA	5.66488302076049	0.000833060814450985
DAC.174.1-x1-0	-0.421086587861037	0.993250882762492	2.13359400562343	0.993250882762492	1.32627401118821	0.993250882762492	NA	NA	NA	NA	NA	NA	NA	NA	NA	NA
DAC.178.1-x1-0	NA	NA	NA	NA	NA	NA	0.839857559472009	0.836049677453093	1.96113676205909	0.432832105373488	NA	NA	2.49950280935214	0.53063128951544	4.54722410458938	0.00939198513783134
DAC.181.1-x1-0	NA	NA	NA	NA	NA	NA	NA	NA	NA	NA	NA	NA	NA	NA	1.753204047086	0.611585044861728
DAC.181.2-x1-0	NA	NA	NA	NA	NA	NA	-0.197683530342561	0.960114295901674	1.33019045938346	0.605491639897385	NA	NA	0.929138959318845	0.818006515509656	0.952145533744404	0.400260880405326
DAC.158.1-x1-0	-0.421146073344913	0.92590635612085	0.697975071870364	0.92590635612085	1.44585442906311	0.92590635612085	1.50550881853068	0.708223510071622	NA	NA	NA	NA	-1.33054896726418	0.742238165720562	-0.737632729091013	0.856547024634843
DAC.160.1-x1-0	0.8890367288821	0.836189042974086	5.1174446801652	0.836189042974086	2.27065079206024	0.836189042974086	NA	NA	NA	NA	-0.923471535291787	0.819392891761094	NA	NA	2.63041129452511	0.423877531162034
DAC.160.2-x1-0	-0.420891926468656	0.651644030726607	5.14651226010311	0.651644030726607	4.99439216534233	0.651644030726607	NA	NA	0.399668481460462	0.912726315294031	NA	NA	NA	NA	1.96667562255344	0.207829016144883
DAC.164.1-x1-0	-0.421129432958692	1	0.69797507263046	1	1.29139253384981	1	NA	NA	NA	NA	NA	NA	NA	NA	NA	NA
DAC.165.2-x1-0	-0.421071534532401	0.882538975526715	4.11790452565794	0.882538975526715	-0.141386363425687	0.882538975526715	NA	NA	NA	NA	-2.63154994030068	0.509112927773647	4.19800473216242	0.287032793411866	4.1803624706683	0.288412417493339
DAC.165.1-x1-0	2.53102283913485	0.956006029773108	0.698061091194331	0.956006029773108	-0.141300346970616	0.956006029773108	0.712909204625643	0.508979095356186	0.718690722941167	0.606071189111819	-0.428990021313607	0.913160054647203	-1.87541986800019	0.363456690180427	-0.192511467049113	0.893113550261204
DAC.166.5-x1-0	-4.4286047851934	0.446354164525778	8.63543466136718	0.446354164525778	-4.18005339882995	0.446354164525778	1.48806768630322	0.598229604796792	-4.12212903909905	0.155276628885921	0.0272227207474627	0.990048831025453	1.83364462514097	0.632929828423972	4.06777908376218	0.172023834352024
DAC.166.1-x1-0	-0.420906907152145	0.656188132528459	4.485377481683	0.656188132528459	5.1413700758042	0.656188132528459	NA	NA	NA	NA	NA	NA	NA	NA	3.04552758288996	0.348582904463284
DAC.166.2-x1-0	NA	NA	NA	NA	NA	NA	NA	NA	NA	NA	NA	NA	NA	NA	NA	NA
DAC.166.3-x1-0	NA	NA	NA	NA	NA	NA	NA	NA	NA	NA	NA	NA	NA	NA	NA	NA
DAC.166.4-x1-0	-0.212644211001929	0.671250656486359	-0.0624380892524856	0.671250656486359	3.01789625416072	0.671250656486359	0.404182689221923	0.742815557951046	0.729379534323683	0.162776261933669	3.82145491055914	0.334743248647184	0.715108296488334	0.525365720898703	-0.0397716031417763	0.925915496794836
DAC.169.1-x1-0	NA	NA	NA	NA	NA	NA	NA	NA	2.44157955698311	0.543887534908166	-2.94068407409283	0.460066207159897	NA	NA	3.88165446088829	0.0446621291934465
DAC.170.1-x1-0	-0.421129350210358	1	2.13359400425048	1	-0.141386365531473	1	-0.852710815972873	0.830684512514838	NA	NA	NA	NA	1.28937622034897	0.748466098595898	2.07493219314526	0.542684694377392
DAC.173.1-x1-0	-1.21877110270704	0.587324278836728	-2.37545512147587	0.587324278836728	0.856120949936288	0.587324278836728	0.290400680670353	0.903827773638789	-1.49520498286837	0.687894688598894	-0.884872286905889	0.823322826243552	1.98919905765426	0.533084966807304	2.07493219314526	0.542684694377392
DAC.180.1-x1-0	1.43568324413987	0.667653520132806	4.70259186482765	0.667653520132806	5.74896749890412	0.667653520132806	1.52089143202375	0.705335123293361	NA	NA	NA	NA	NA	NA	2.09855483580277	0.603121622987498
DAC.182.2-x1-0	-1.38983778288504	0.0407153289499418	1.3841277292573	0.0407153289499418	0.349853625878617	0.0407153289499418	NA	NA	NA	NA	NA	NA	NA	NA	NA	NA
DAC.182.1-x1-0	NA	NA	NA	NA	NA	NA	3.42822781289328	0.386757068523639	4.63072784965605	0.238975869199102	-3.30544179712503	0.405754574637742	4.67942611141344	0.234140345037445	NA	NA
DAC.190.1-x1-0	0.881132215175285	0.485983087801421	-0.258908737405988	0.485983087801421	0.550093508964398	0.485983087801421	0.497353015791373	0.66145646252463	0.0910353336060007	0.620155743512123	-0.224599884586228	0.884949966560262	-0.068866965322895	0.938560223990439	-0.292199667275842	0.815660618612871
DAC.190.2-x1-0	-0.637167327366794	0.98607389862479	-0.435673099360479	0.98607389862479	0.261961116216517	0.98607389862479	NA	NA	0.133824177706853	0.525660334153732	-0.0648776487758937	0.95113934371752	NA	NA	-1.11625661861143	0.673630628440601
DAC.195.1-x1-0	-3.04790174069175	0.850264322959543	0.643832681563657	0.850264322959543	-0.141384840975516	0.850264322959543	0.0711763039549621	0.985557935604639	-0.26893954898115	0.858959644955334	NA	NA	-1.17830661970792	0.719895046986817	0.218621516586216	0.868962311616116
DAC.198.3-x1-0	NA	NA	NA	NA	NA	NA	2.6545566979744	0.356041901949243	-0.562116355491452	0.890431954820782	NA	NA	NA	NA	4.42803640081164	0.0034206831644319
DAC.198.2-x1-0	NA	NA	NA	NA	NA	NA	1.90251164706389	0.635000029153825	NA	NA	NA	NA	NA	NA	5.67003844838185	0.00021256799450171
DAC.198.5-x1-0	NA	NA	NA	NA	NA	NA	NA	NA	-1.68919322418004	0.674296145211503	NA	NA	1.67397695001587	0.676106165908352	NA	NA
DAC.198.1-x1-0	NA	NA	NA	NA	NA	NA	NA	NA	NA	NA	NA	NA	NA	NA	NA	NA
DAC.198.4-x1-0	NA	NA	NA	NA	NA	NA	-3.06416543445807	0.441605377190007	2.96748489720785	0.0490721156709347	3.90167370109068	0.324354979776436	2.27465594022205	0.568687890403746	3.9307478297374	0.199721457399539
DAC.198.6-x1-0	-0.242601635630631	0.672393697035332	0.180799192288122	0.672393697035332	1.74794152140024	0.672393697035332	-1.5424337052311	0.33170467768179	-3.33776760194526	0.276028707638995	-3.69862777545627	0.350694092259746	-2.18682367929199	0.585315902886365	-0.428307159322983	0.719343433150517
DAC.192.1-x1-0	-2.53701083092596	0.527769714526076	0.804845049780413	0.527769714526076	2.55190697150408	0.527769714526076	-1.11313618902991	0.34247226638359	1.41984865653194	7.85666450589164e-17	-0.155981947846655	0.867415548968562	-0.983843573211658	0.311446826507067	0.718646765752611	0.00391611261052593
DAC.201.2-x1-0	NA	NA	NA	NA	NA	NA	NA	NA	NA	NA	NA	NA	NA	NA	NA	NA
DAC.201.1-x1-0	NA	NA	NA	NA	NA	NA	NA	NA	0.492651357724893	0.889114723136373	NA	NA	NA	NA	4.13464753546741	0.293839294174664
DAC.201.4-x1-0	-0.912803376025973	0.58493485369482	0.578932930832225	0.58493485369482	0.946664374742871	0.58493485369482	-0.393171078819655	0.7964388938411	-0.13847620552979	0.783574379582826	0.825781749424951	0.595687838534733	-1.68120831602744	0.455824565566088	-0.659903489050541	0.419244682570362
DAC.201.3-x1-0	0.888858249937952	1	0.698013242328155	1	-0.141348195836793	1	NA	NA	NA	NA	NA	NA	NA	NA	NA	NA
DAC.204.1-x1-0	-0.564580269382419	0.798503570537908	3.14075685248814	0.798503570537908	1.32158189362552	0.798503570537908	-1.57255748839587	0.655668750552787	-0.616455221031358	0.609026173449208	0.390065710525132	0.871492429835321	2.0465531613906	0.608554743181861	-0.241418782294516	0.872597190348984
DAC.209.1-x1-0	-0.421348384006134	0.899289166337568	-3.35660244914596	0.899289166337568	-0.141386373939537	0.899289166337568	NA	NA	-6.1003431079495	0.118916983487718	NA	NA	5.47792725315859	0.106649065469581	7.16470997397892	0.00516577418606518
DAC.205.1-x1-0	NA	NA	NA	NA	NA	NA	NA	NA	NA	NA	NA	NA	NA	NA	NA	NA
DAC.217.1-x1-0	NA	NA	NA	NA	NA	NA	NA	NA	NA	NA	NA	NA	NA	NA	NA	NA
DAC.217.2-x1-0	-0.421087604201555	0.993860565697099	2.13359370737582	0.993860565697099	1.29139215879304	0.993860565697099	-1.33965276672715	0.739787206892733	NA	NA	NA	NA	-0.762561135462579	0.848759961323621	0.224152507019569	0.948801646136105
DAC.226.1-x1-0	NA	NA	NA	NA	NA	NA	0.865853464088922	0.830981452958369	NA	NA	NA	NA	NA	NA	NA	NA
DAC.222.1-x1-0	-0.25686965300777	0.991543785928741	0.106915083512606	0.991543785928741	-1.10087375919999	0.991543785928741	NA	NA	NA	NA	4.44042289755135	0.0771799498847595	-3.6298492328482	0.36033197462324	NA	NA
DAC.223.1-x1-0	-1.08988399410256	0.141486039726312	1.77801941320212	0.141486039726312	1.67772663499397	0.141486039726312	1.37860222828996	0.470928022309522	-0.312046775322429	0.66768574402183	2.03497427094549	0.611153321132068	-2.35238659751195	0.087964397532437	0.497266513114252	0.587932066866078
DAC.230.1-x1-0	0.24351363140959	0.00874169976568322	1.59383898784128	0.00874169976568322	0.822066888874121	0.00874169976568322	-0.424348895876726	0.378153644172653	0.449270038813504	0.802952414993824	-0.164585157810022	0.780093525534572	0.0657917900642179	0.911659311812714	0.447402187567793	0.80281434725042
DAC.234.1-x1-0	1.38499194282626	0.424684554177817	6.47665719624941	0.424684554177817	4.63000652672695	0.424684554177817	0.236403867959553	0.863908355671555	2.4656157993776	0.354022443115239	1.53498194164252	0.576727184949348	-0.311120770692241	0.880127343596463	NA	NA
DAC.234.2-x1-0	NA	NA	NA	NA	NA	NA	NA	NA	6.3234456425866	0.0128438971821774	NA	NA	NA	NA	5.14103530699127	0.0661340394250227
DAC.234.3-x1-0	NA	NA	NA	NA	NA	NA	NA	NA	0.765919901987038	0.827358325852822	NA	NA	NA	NA	4.59458154552268	0.242366461158621
DAC.237.1-x1-0	-0.801500376370582	0.0196620791579931	3.13761449638469	0.0196620791579931	1.70297372668463	0.0196620791579931	0.838016561202015	0.763915410897343	0.0726675106122127	0.913518512771288	-3.08298072438155	0.438408860491199	-0.315460120748111	0.866405731154486	0.649956306189087	0.405258898231615
DAC.246.1-x1-0	NA	NA	NA	NA	NA	NA	NA	NA	-0.331954131775728	0.92673493066368	NA	NA	NA	NA	NA	NA
DAC.246.2-x1-0	0.658142875358394	0.993517429436402	-0.416413939120089	0.993517429436402	0.0871115409550444	0.993517429436402	0.892090038444823	0.678758287262348	0.399668446569304	0.912818137945799	0.0661721343364009	0.986635205151699	1.4408916995277	0.404140527615243	0.224152598306215	0.948612963950438
DAC.247.1-x1-0	-0.421027850556078	0.894615984004136	2.15837565169165	0.894615984004136	3.31743434605424	0.894615984004136	NA	NA	NA	NA	NA	NA	NA	NA	2.01789054251095	0.617760562130923
DAC.240.1-x1-0	-0.421231742152978	1	-0.687753460204802	1	-0.141386369407907	1	NA	NA	NA	NA	NA	NA	NA	NA	NA	NA
DAC.240.2-x1-0	NA	NA	NA	NA	NA	NA	NA	NA	NA	NA	NA	NA	NA	NA	NA	NA
DAC.241.1-x1-0	NA	NA	NA	NA	NA	NA	NA	NA	NA	NA	NA	NA	NA	NA	NA	NA
DAC.242.1-x1-0	-3.95502418671997	0.672051366328327	3.15573415260264	0.672051366328327	3.86545917321564	0.672051366328327	-0.141737511997682	0.80866283828766	4.91744294766106	0.00114579795725843	-1.62544815371961	0.68540471532584	-0.17491204378141	0.964841977103472	0.264717623377616	0.915690855329654
DAC.252.1-x1-0	0.0448858100467059	0.0271078421010272	0.44611661639443	0.0271078421010272	0.0445733985953683	0.0271078421010272	0.620589874388624	0.094985521571833	0.754050864189635	0.168166235435986	1.39814467916682	0.460727539910847	-0.399659624977815	0.81165930301946	1.449286401399	0.000244781537238324
DAC.255.1-x1-0	-0.421100901964496	0.976542223575535	0.697975073669628	0.976542223575535	2.2706139832707	0.976542223575535	NA	NA	NA	NA	NA	NA	NA	NA	2.01789054251095	0.617760562130923
DAC.260.1-x1-0	NA	NA	NA	NA	NA	NA	NA	NA	NA	NA	NA	NA	NA	NA	NA	NA
DAC.251.1-x1-0	1.38370742233305	1.92210342023213e-17	2.46739763959887	1.92210342023213e-17	3.83869067338714	1.92210342023213e-17	0.454818018175148	0.804366188038838	0.624874112334435	0.140462430128924	0.801691203520335	0.379516437940214	0.356369773527232	0.720890694938926	1.3050567483495	0.0170582623922817
DAC.253.1-x1-0	-0.429717488072623	0.127701487384532	2.4919516188358	0.127701487384532	0.640049973390157	0.127701487384532	0.31593881786625	0.640576394767055	1.85936006408999	0.124753473761625	-0.103951583805075	0.884156231214551	-0.877994882318212	0.277795138618784	0.916147081326795	0.706699694025092
DAC.263.1-x1-0	-0.420932833947855	0.217482116866205	8.87829200121983	0.217482116866205	-0.141386358373879	0.217482116866205	0.200879360619288	0.916280121083369	-2.05983187218277	7.93779165365756e-09	-0.34864897558744	0.799810901489927	-1.405048367606	0.253861169509073	0.459366226370471	0.80169595140898
DAC.263.2-x1-0	5.20729020236355	0.742428830189186	-6.69923686357732	0.742428830189186	-1.59125290824331	0.742428830189186	NA	NA	2.18373102721339	0.558479663079993	NA	NA	7.16833766452357	0.0139651813640402	8.18551868846197	0.000961979664754354
DAC.265.3-x1-0	-0.421128416620341	1	0.697975072667476	1	1.32627461004324	1	NA	NA	NA	NA	NA	NA	NA	NA	NA	NA
DAC.265.2-x1-0	NA	NA	NA	NA	NA	NA	NA	NA	NA	NA	NA	NA	NA	NA	NA	NA
DAC.265.1-x1-0	-0.421030367442827	0.943993643666669	3.11881313042321	0.943993643666669	2.27061398576632	0.943993643666669	NA	NA	NA	NA	NA	NA	NA	NA	NA	NA
DAC.267.1-x1-0	1.46034008989998	0.500978107908153	1.09390162636576	0.500978107908153	0.279664856753515	0.500978107908153	NA	NA	2.17141080364185	0.544050222083274	0.029519431935215	0.994112956823974	-0.170023014666181	0.965826063529029	-0.46785220600056	0.799908751062203
DAC.269.1-x1-0	1.17714284270061	0.0263217672819152	6.3946286377605	0.0263217672819152	2.31014113831773	0.0263217672819152	-0.276119079757625	0.821032397775894	2.4956257277211	0.00796390662789142	1.59916164215705	0.356001658697208	-1.0731201735584	0.62659603884247	3.56182958051651	0.00729787686750529
DAC.272.1-x1-0	-0.421062160352406	0.837769626215627	4.43963877917546	0.837769626215627	-0.141386363084257	0.837769626215627	2.20615073362349	0.581141574266901	NA	NA	NA	NA	2.81372880756674	0.479681993957082	5.28945269550004	0.0591665914894794
DAC.277.1-x1-0	-0.421233866640153	0.825831315055381	0.598509087838956	0.825831315055381	-0.141386369773787	0.825831315055381	3.19155236766903	0.421454710093643	NA	NA	NA	NA	NA	NA	6.58481726497309	1.65210846711406e-05
DAC.277.2-x1-0	-0.421221741372236	0.847550650130947	2.70285217230708	0.847550650130947	-0.514200270831607	0.847550650130947	0.455478637922357	0.4129163970681	0.632641692701745	0.627426287707952	-0.159721036136831	0.800809406822419	0.799808890230927	0.362359723931651	1.53023134063758	0.208205066656057
DAC.278.1-x1-0	-0.702776151609019	0.203409841809708	-0.113358066265795	0.203409841809708	-0.686369586098635	0.203409841809708	-0.878949654017864	0.477740317424139	0.128149692206839	0.785204899579485	-0.259324075280855	0.830142690098132	0.133134097847306	0.88038621375287	0.146226330177473	0.765766962531041
DAC.279.1-x1-0	-2.02241054548174	0.848795098672831	-2.93204299838121	0.848795098672831	0.277338301493388	0.848795098672831	-0.115546497846892	0.935388090496124	1.1007999025682	0.191371923473215	NA	NA	-0.0178808857525377	0.993271773856911	3.29276989317647	0.0036261434348364
DAC.283.1-x1-0	-0.421236618710925	0.993037334839906	-0.320789744443568	0.993037334839906	-0.141386369698941	0.993037334839906	-1.98921293992997	0.619606065538762	0.301113129835487	0.187168866697286	NA	NA	NA	NA	-0.252074328589297	0.0760003226115761
DAC.287.1-x1-0	-0.421082313497552	0.927044307802089	3.74795618783693	0.927044307802089	-0.141386363818286	0.927044307802089	NA	NA	1.33062041144079	0.608812263625899	1.03199090704712	0.798592336144073	NA	NA	1.66278358099701	0.270421224384622
DAC.287.2-x1-0	0.889012218322227	0.919884680730015	4.11794065450575	0.919884680730015	2.33199931347065	0.919884680730015	3.01275620476259	0.448834596006677	NA	NA	NA	NA	0.929138959318845	0.818006515509656	4.72022471303157	0.229497487489389
DAC.289.1-x1-0	NA	NA	NA	NA	NA	NA	NA	NA	NA	NA	NA	NA	NA	NA	NA	NA
DAC.280.1-x1-0	-1.94797252002491	0.944573521635962	2.12547841077245	0.944573521635962	-0.877315456638683	0.944573521635962	-2.35806046821693	0.28864292399803	0.923432489450039	0.00434829579324834	0.190014298423486	0.862797126155519	-1.836668143122	0.0864433137549907	0.358884647506962	0.221634561125625
DAC.280.2-x1-0	-1.13171518014161	0.145630416174395	-0.756789211602847	0.145630416174395	0.744363802895041	0.145630416174395	0.070067509082433	0.950980747040858	0.0813571477805441	0.98179962778529	-1.26720496530677	0.701549034104932	2.15229189831192	0.0819405166281384	0.14390776975254	0.919801039888331
DAC.281.2-x1-0	-0.753570102730951	0.248016986521352	2.09514037755249	0.248016986521352	2.23382019009538	0.248016986521352	2.36296236495498	0.0557855946296093	-0.127733243262823	0.925441705715924	1.47267873921172	0.660518159803198	-3.28906336403413	0.291469832791265	1.79348120920177	0.010259985897162
DAC.281.1-x1-0	-1.06545548085586	0.000488332696126146	3.76438977357138	0.000488332696126146	2.18989199599052	0.000488332696126146	-0.950456175870349	0.758325725223408	-1.28798763557586	0.75071402183847	0.790655961536974	0.817718549553114	-0.944519317690276	0.614969503737918	-0.458376557034067	0.895429638144708
DAC.282.1-x1-0	NA	NA	NA	NA	NA	NA	-0.559611503909867	0.888802155909973	NA	NA	-1.65859382292659	0.679253620977557	-0.109365514181652	0.947030933004523	NA	NA
DAC.284.1-x1-0	-0.421128416620341	1	0.697975072667476	1	1.32627461004324	1	NA	NA	NA	NA	NA	NA	NA	NA	NA	NA
DAC.284.2-x1-0	2.51056000276609	0.957242908510553	0.698060494343768	0.957242908510553	-1.58057306855903	0.957242908510553	NA	NA	-1.40860351361071	0.727544038672051	NA	NA	-1.66201856576506	0.679924516735507	NA	NA
DAC.284.3-x1-0	0.395752845737423	0.956873033806161	-0.689423810162511	0.956873033806161	0.285446402722667	0.956873033806161	-2.58924942223237	0.516490089057288	NA	NA	-1.98948102666374	0.618994578090261	2.0465531613906	0.608554743181861	-2.17300621288933	0.378333944463077
DAC.290.1-x1-0	3.84891445515645	0.740408444400344	6.62350496924883	0.740408444400344	2.75777718451178	0.740408444400344	-2.00844902929999	0.536748655687825	2.61115954157755	0.00196148249049181	-2.31784061233489	0.561530402840862	1.75208522839748	0.616236998003874	1.083954047625	0.36254413170097
DAC.297.3-x1-0	0.88883350021616	0.93543342691136	-2.1408203724504	0.93543342691136	3.33317929092314	0.93543342691136	0.586224584525902	0.78511127340774	2.50666600874293	0.315503595018585	0.278979836446365	0.865780814824253	1.11899453050269	0.524737273934105	1.81846373352123	0.319914667267642
DAC.297.1-x1-0	-0.420995017122644	0.887978484358282	3.74795619089573	0.887978484358282	2.85474066162587	0.887978484358282	-1.84322132418827	0.645943559593963	NA	NA	1.73663512112299	0.665135518231088	NA	NA	2.09855483580277	0.603121622987498
DAC.297.2-x1-0	NA	NA	NA	NA	NA	NA	NA	NA	1.36839943568068	0.698599375078081	NA	NA	NA	NA	3.13287271281658	0.430096525925918
DAC.298.1-x1-0	NA	NA	NA	NA	NA	NA	NA	NA	NA	NA	NA	NA	NA	NA	2.01789054251095	0.617760562130923
DAC.301.1-x1-0	5.55683476129972	0.00916104553712036	10.5233721074099	0.00916104553712036	8.84250664777569	0.00916104553712036	0.848082273861653	0.686426968516938	-0.451351776259262	0.815300996102755	0.342250252035467	0.903700338662414	1.51362719345386	0.15135774587767	2.10340501010067	0.420832603780662
DAC.294.1-x1-0	NA	NA	NA	NA	NA	NA	-0.953278338791455	0.814140238288508	NA	NA	NA	NA	-1.55791903384957	0.036848753977203	NA	NA
DAC.299.1-x1-0	NA	NA	NA	NA	NA	NA	NA	NA	NA	NA	NA	NA	NA	NA	NA	NA
DAC.300.1-x1-0	-3.0969386797507	0.956781705450496	2.13348859977887	0.956781705450496	1.32612757590211	0.956781705450496	NA	NA	NA	NA	NA	NA	NA	NA	2.59987309226207	0.515579860257626
DAC.305.1-x1-0	-0.420973955887009	0.757957534656246	4.3631002370576	0.757957534656246	3.65531525431899	0.757957534656246	0.865853464088922	0.830981452958369	-0.145240893602542	0.942700956789989	NA	NA	0.584239009915286	0.883777768833996	6.85525149087254	5.008248572379e-06
DAC.308.1-x1-0	-6.36999432361223	0.609879673860698	0.697715063206636	0.609879673860698	-0.779817839102247	0.609879673860698	NA	NA	NA	NA	NA	NA	NA	NA	NA	NA
DAC.308.2-x1-0	0.36514743951003	0.10005152324895	-0.875678914933568	0.10005152324895	-1.29742955163513	0.10005152324895	-0.368364523757965	0.244247920456475	-0.3309132186505	0.00165782528820682	-0.244093198883626	0.434024387758657	-0.193699203502685	0.673516800222907	-0.694320821993344	2.43089183245579e-16
DAC.312.3-x1-0	-0.145339720383371	0.0382725379297942	-0.0522938138981188	0.0382725379297942	4.13235352274673	0.0382725379297942	0.802270292312894	0.834571770881058	NA	NA	NA	NA	NA	NA	-4.92423647544557	0.0818047228006191
DAC.312.2-x1-0	-0.421183488418371	2.26789754396833e-07	7.3461310291219	2.26789754396833e-07	1.94146302176354	2.26789754396833e-07	0.300433804959346	0.721622978193744	1.48283512634829	0.0181655006705125	4.29526964183743	0.276492447440338	0.721804230532196	0.540957255668885	0.558347309127334	0.421064989184889
DAC.312.1-x1-0	NA	NA	NA	NA	NA	NA	-0.953278338791455	0.814140238288508	NA	NA	NA	NA	-0.21387226454878	0.937171538382629	-1.70870207300855	0.671675291156478
DAC.317.1-x1-0	-0.156830731818188	0.197396197861585	0.298584798339104	0.197396197861585	2.43937202536163	0.197396197861585	-0.0183241528949475	0.990598433225063	2.73779390071099	0.0599651779612999	1.60748164973184	0.18074593469118	-0.467912669255322	0.592430925069603	0.247148041482737	0.836716629266897
DAC.317.2-x1-0	-0.421304389775821	0.99786274592227	-0.898883342953955	0.99786274592227	-1.59248603683942	0.99786274592227	1.53006912779551	0.260623143078221	-5.77357917524268	9.39379575905266e-05	0.817218509343798	0.835158248039046	3.66802220769269	0.35409445210802	-2.3485399962818	0.312071135830635
DAC.319.1-x1-0	-0.420892096971944	0.587174246392835	4.43963878508641	0.587174246392835	5.69541374208206	0.587174246392835	1.30371981481195	0.545135558351911	0.47449124050744	6.09740636807632e-07	0.960757421719078	0.00140501158457292	6.52314574922883	0.000144589450702338	3.21929129038767	2.17249199495471e-157
DAC.309.2-x1-0	NA	NA	NA	NA	NA	NA	NA	NA	NA	NA	1.03199090704712	0.798592336144073	NA	NA	NA	NA
DAC.309.1-x1-0	0.607625483264429	0.683539245227193	-1.02910972399571	0.683539245227193	-3.58880108687419	0.683539245227193	-1.02169846017001	0.591946927857873	0.862136495417154	0.733140489283981	-0.591686801989969	0.881608978595989	-0.803932644682653	0.679483808342421	1.61033607656198	0.48859901970828
DAC.310.1-x1-0	0.384664244063333	1.47764333903034e-28	2.71291688843465	1.47764333903034e-28	2.7826756875515	1.47764333903034e-28	0.376703608433085	0.586921693505034	0.407687177773686	0.349789120605251	0.437212490295908	0.626019416300421	-0.225912538313381	0.749579842328859	1.72006154532913	0.000104670629763711
DAC.314.1-x1-0	0.450671680098294	0.0137685496734981	2.00228223162466	0.0137685496734981	3.37384856966032	0.0137685496734981	-0.453247810451057	0.589453728732979	0.40329701924479	0.366810498499296	1.47141657845323	0.677403105011802	1.1256218961731	0.234825614515543	1.05899348860245	0.267634639561221
DAC.315.1-x1-0	0.923144292251986	0.0136954495562082	5.39343240776277	0.0136954495562082	3.23962728801436	0.0136954495562082	0.293585926787935	0.813961871614438	1.92508497865603	0.0239441375021141	-2.69039118629964	0.499571864111375	-1.00999764092557	0.740952254366054	1.14921351792603	0.394963968786112
DAC.316.2-x1-0	0.894916074649556	0.973215305150142	0.505843832105157	0.973215305150142	0.822388456518284	0.973215305150142	1.92474581747198	0.630988188712743	1.89817961568212	0.299859643535547	2.45427605608857	0.538650754057646	4.33512769474097	0.271195772570135	8.74082197417454	8.43166798431591e-13
DAC.316.1-x1-0	NA	NA	NA	NA	NA	NA	NA	NA	NA	NA	NA	NA	NA	NA	NA	NA
DAC.318.1-x1-0	NA	NA	NA	NA	NA	NA	NA	NA	NA	NA	NA	NA	NA	NA	NA	NA
DAC.318.2-x1-0	1.43533418261013	0.993094409299002	2.13363987186443	0.993094409299002	-0.141332272491273	0.993094409299002	-1.84322132418827	0.645943559593963	NA	NA	-1.00423929986078	0.803693873778793	0.657802271882722	0.866610958367502	NA	NA
DAC.320.1-x1-0	-1.81036536197245	0.521011972054533	-0.225913101061476	0.521011972054533	3.88652256595067	0.521011972054533	1.31240380845173	0.685317547437664	2.24735755562853	0.0546966996209571	-1.62544815371961	0.68540471532584	1.67397695001587	0.676106165908352	-1.68515485710133	0.472642487589957
DAC.322.1-x1-0	-1.30077623693889	0.92713918714067	0.139061816922907	0.92713918714067	4.14060650322388	0.92713918714067	0.0220164237161857	0.987375040140835	NA	NA	-2.02346428297681	0.612933159647987	-1.49216255651847	0.658817142749958	NA	NA
DAC.323.2-x1-0	2.12456559513801	0.987711636845893	0.536804398586654	0.987711636845893	-0.141312190564865	0.987711636845893	1.71527495232137	0.389721341991433	NA	NA	-0.0198715824552499	0.996039748825089	-0.531590973511096	0.798762913566084	NA	NA
DAC.323.1-x1-0	-0.373591808024723	0.85688175689068	-0.133533533703135	0.85688175689068	3.27366039499857	0.85688175689068	1.00932236092447	0.761079112045992	0.386252602449713	0.435418074337817	0.189330693689382	0.939961818816706	-0.104642380924834	0.976139635517995	0.318156193907567	0.511157764575449
DAC.324.1-x1-0	-0.421163424999043	0.963864768212637	3.14076641402634	0.963864768212637	-1.59248527392455	0.963864768212637	NA	NA	2.92650779447507	0.210012484468557	NA	NA	NA	NA	1.55102742780435	0.293428989468737
DAC.326.1-x1-0	-2.63589186970078	0.956796489652414	-2.14094745528101	0.956796489652414	-2.57363487901535	0.956796489652414	-4.08643150577669	0.180809036149177	0.667563367642217	0.522720373211708	-1.67922927826693	0.331315450072851	-1.83924483682566	0.647354135163025	1.89346915851179	0.00417902593918956
DAC.327.1-x1-0	-0.421189913306614	0.999761479658723	0.747865071002687	0.999761479658723	-0.141386367884398	0.999761479658723	-0.953278338791455	0.814140238288508	1.48076682423144	0.539820113635047	-0.270910068646023	0.907002689158762	0.201604569786028	0.921450066140529	0.00203150744873974	0.999097587769107
DAC.329.1-x1-0	-1.79379336914726	0.965411822140691	0.697915076741384	0.965411822140691	2.30150559672949	0.965411822140691	2.87681206031801	0.359766129677879	1.94423013624695	0.144829892657882	NA	NA	NA	NA	2.59987309226207	0.515579860257626
DAC.334.1-x1-0	-0.421206941682899	0.935041653783205	3.11881312391763	0.935041653783205	-2.57354269217564	0.935041653783205	-2.2541477524098	0.573000416764699	1.67752635969096	0.0583444570685331	0.573910772722233	0.762913953336237	1.42325207734433	0.665533078730258	0.335807670136498	0.722163390473644
DAC.334.2-x1-0	-0.43347413369593	0.704629863746831	-1.36477586576197	0.704629863746831	-0.0693377521758704	0.704629863746831	NA	NA	-0.554953987253228	0.390390188695823	1.64209623208841	0.682603225394486	NA	NA	0.787139860575859	0.684553220580877
DAC.335.1-x1-0	0.2377677220181	0.877639290803133	-0.075038912226847	0.877639290803133	2.27953935341693	0.877639290803133	-1.77762004376816	0.657917973399695	NA	NA	NA	NA	-0.535143191842193	0.893180869984366	1.18592062255148	0.771331914642849
DAC.331.1-x1-0	NA	NA	NA	NA	NA	NA	2.91355397387278	0.345139968805754	-2.2838161934143	0.566259682902547	NA	NA	NA	NA	-0.737632729091013	0.856547024634843
DAC.331.2-x1-0	-2.05693980647717	0.959303644759413	3.16237082467826	0.959303644759413	-0.141457862894458	0.959303644759413	NA	NA	4.0428238557946	0.305507255494841	NA	NA	NA	NA	4.3321244031287	0.270890895111285
DAC.331.3-x1-0	0.742321765416221	0.328219226511346	0.0896485711618963	0.328219226511346	3.85279843976242	0.328219226511346	-0.630610781512966	0.427474068332684	-0.12119286121766	0.922111095385296	-0.385002523470566	0.900091112326999	0.0958647200520381	0.944333453997556	1.93980303454773	0.14618307192295
DAC.337.2-x1-0	-1.2225071769518	0.714899138674548	1.23411611999704	0.714899138674548	-1.38606618279822	0.714899138674548	-1.98921293992997	0.619606065538762	-0.562116355491451	0.890431954820782	0.110286790239584	0.978032858612455	0.696835750959279	0.86342083672741	0.622918492907064	0.495547988128467
DAC.343.1-x1-0	-2.05677298307086	0.45728702935283	0.697903581696424	0.45728702935283	6.40052865310158	0.45728702935283	1.24922448643349	0.75685216599495	NA	NA	NA	NA	NA	NA	NA	NA
DAC.344.1-x1-0	NA	NA	NA	NA	NA	NA	NA	NA	NA	NA	NA	NA	NA	NA	NA	NA
DAC.344.2-x1-0	NA	NA	NA	NA	NA	NA	0.839857559472009	0.836049677453093	NA	NA	NA	NA	-1.33054896726418	0.742238165720562	NA	NA
DAC.347.2-x1-0	NA	NA	NA	NA	NA	NA	NA	NA	NA	NA	NA	NA	NA	NA	NA	NA
DAC.347.3-x1-0	NA	NA	NA	NA	NA	NA	NA	NA	NA	NA	NA	NA	-1.05000306527984	0.796039772172064	NA	NA
DAC.347.1-x1-0	NA	NA	NA	NA	NA	NA	NA	NA	NA	NA	NA	NA	NA	NA	NA	NA
DAC.351.1-x1-0	0.914371697618744	0.645461970711725	0.0958971091126704	0.645461970711725	0.302620351136	0.645461970711725	0.404613130203106	0.833319992941772	-0.277818359395539	0.679780042969323	-1.22587061882028	0.611179172008722	1.69672058517278	0.60241379275364	-0.0870441423886571	0.922363896061921
DAC.352.1-x1-0	3.14790751980777	0.000286400728797579	2.51600469069698	0.000286400728797579	1.32974673001689	0.000286400728797579	-0.296197975584355	0.766821554347809	2.42270840223725	2.702459258671e-05	0.668764761130775	0.709296104691238	0.603641894566115	0.449954723555732	1.66606341186387	5.76236151594001e-05
DAC.355.7-x1-0	-0.421234599180189	0.999882178486656	0.697975068646044	0.999882178486656	-1.59248572348945	0.999882178486656	2.20615073362349	0.581141574266901	3.61026373252571	0.248235868691864	NA	NA	NA	NA	5.39548921970379	3.33760977019495e-06
DAC.355.2-x1-0	NA	NA	NA	NA	NA	NA	NA	NA	-2.79061482461522	0.410777360838214	NA	NA	5.41004460987281	0.16785715108933	NA	NA
DAC.355.3-x1-0	-0.421054772221669	0.792842145361793	0.697975075349783	0.792842145361793	3.85384775786304	0.792842145361793	NA	NA	NA	NA	NA	NA	NA	NA	NA	NA
DAC.355.4-x1-0	NA	NA	NA	NA	NA	NA	-0.953278338791455	0.814140238288508	2.158274203334	0.593863588751092	NA	NA	NA	NA	3.49388666179892	4.54816044038559e-05
DAC.355.5-x1-0	-0.420986920170526	0.425725680417538	7.02198131699555	0.425725680417538	-0.141386360343828	0.425725680417538	NA	NA	NA	NA	NA	NA	5.52281093821234	0.159044005577009	NA	NA
DAC.355.6-x1-0	-0.420858675238908	0.582026477200979	5.94807337011207	0.582026477200979	5.334057232024	0.582026477200979	NA	NA	NA	NA	NA	NA	5.67049067906046	0.148043433814257	10.498299927937	8.65752622257999e-17
