hl60_120h_t_1	hl60_120h_t_2	hl60_120h_u_1	hl60_120h_u_2	hl60_6h_t_1	hl60_6h_t_2	hl60_6h_u_1	hl60_6h_u_2	hl60_72h_t_1	hl60_72h_t_2	hl60_72h_u_1	hl60_72h_u_2	kg1_t_1	kg1_t_2	kg1_t_3	kg1_u_1	kg1_u_2	kg1_u_3	molm14_t_1	molm14_t_2	molm14_t_3	molm14_u_1	molm14_u_2	molm14_u_3	ociaml2_t_1	ociaml2_t_2	ociaml2_t_3	ociaml2_u_1	ociaml2_u_2	ociaml2_u_3	ociaml3_t_1	ociaml3_t_2	ociaml3_t_3	ociaml3_u_1	ociaml3_u_2	ociaml3_u_3	thp1_t_1	thp1_t_2	thp1_t_3	thp1_u_1	thp1_u_2	thp1_u_3
DAC.3.1-x1-0	0	0	0	0	0	0	0	0	0	0	0	0	0	0	0	0	0	0	0	0	0	0	0	0	0	0	0	0	0	0	0	0	0	0	0	0	0	0	0	0	0	0
DAC.4.1-x1-0	53.0417283916412	41.0551081736781	11.3202963511359	11.5300878180806	0	11.9510322096667	0	7.17337325095735	28.1427176469475	5.91984642512289	7.18691133206713	10.1545820412403	0	0	0	0.644303283120872	0	0	0	0	0	0.778931927042824	0	0	0	0	0	0	39.3175633555894	0	0	0	0	0	0	0	0	0	0	0	0	2.67608310113968
DAC.4.2-x1-0	0	6.3706202338466	0	0	6.54476840735647	0	0	0	0	0	0	0	1.58037226688868	0	0	0	0	0	2.43001515812775	0	0	0	0	0	1.19565336437449	0	0	0	0	1.0250034731865	0	0	0	0	0	0	0	0	0	0	0	0
DAC.8.1-x1-0	42.582796032726	51.6728085634224	39.2436940172713	30.746900848215	25.3609775785063	31.8694192257779	27.5750378826347	28.6934930038294	41.8708725966781	51.7986562198253	23.9563711068904	24.6611278144407	7.90186133444342	13.9825449433413	3.23413427669594	8.37594268057133	8.35822229620126	5.6153555236894	3.240020210837	0	3.77373658267846	3.1157277081713	0	1.39060848170268	4.18478677531071	0	6.07416807648261	4.51474514996382	0	1.53750520977975	8.88554882555335	14.2816044324174	6.89282806155147	19.356118630454	30.7722101185327	13.7713521437407	5.31078963469136	2.69752458449479	5.38817092321387	11.0112395940353	5.31466749525015	6.69020775284919
DAC.11.1-x1-0	13.4471987471766	16.2804739309413	6.0374913872725	17.6794679877236	25.3609775785063	20.3167547564334	14.7066868707385	11.7382471379302	8.92330071732483	39.2189825664391	14.8529500862721	7.61593653093021	0	0	0	0	12.5373334443019	1.49742813965051	0	6.45937505479258	0	0.778931927042824	0	0	0	0	0.379635504780163	0	0	0	9.87283202839261	0	0	0	0	0.598754441032206	1.59323689040741	0	0	0	0	0
DAC.17.1-x1-0	1.49413319413074	3.53923346324811	2.26405927022719	4.61203512723224	1.63619210183912	1.19510322096667	1.83833585884231	1.95637452298837	2.05922324245958	0	0	0.72532728866002	4.21432604503649	0	0.539022379449324	0.644303283120872	0	0	1.6200101054185	0	0.754747316535692	0.778931927042824	6.22346683736685	1.39060848170268	0.597826682187244	0	0	0.75245752499397	0	1.0250034731865	0.987283202839261	0	2.75713122462059	0.879823574111544	0	0	1.06215792693827	0	0.598685658134874	0	0	2.67608310113968
DAC.5.1-x1-0	4.48239958239221	4.24708015589774	4.52811854045438	3.84336260602687	0.818096050919558	2.39020644193334	1.83833585884231	2.60849936398449	2.05922324245958	2.95992321256144	3.83301937710247	2.90130915464008	3.16074453377737	2.79650898866827	4.85120141504391	0.644303283120872	0	2.62049924438839	0	0	0.754747316535692	3.1157277081713	0	2.78121696340535	0	4.01225620217331	4.55562605736196	3.00983009997588	0	7.17502431230548	5.92369921703556	4.76053481080581	6.20354525539632	2.63947072233463	0	0	5.31078963469136	0	3.59211394880925	4.719102683158	5.31466749525015	0
DAC.5.2-x1-0	0	0	0	0	0	0	0	0	0	0	0	0	0	0	0	0	0	0	2.43001515812775	0	0	0	0	0	0	0	0	0	0	0	0	0	0	0	0	3.59252664619323	0	2.69752458449479	0	0	0	7.35922852813411
DAC.9.1-x1-0	0.747066597065368	10.6177003897443	0	0	0	0	0	0.652124840996123	2.05922324245958	6.65982722826325	0	0.36266364433001	0	0	0	1.93290984936262	0	2.99485627930102	5.67003536896476	0	3.01898926614277	0	0	0	0	4.01225620217331	0.759271009560326	0	0	0	0.987283202839261	0	1.37856561231029	0	0	0	2.65539481734568	8.09257375348436	0.598685658134874	2.359551341579	5.31466749525015	0.669020775284919
DAC.10.1-x1-0	0.747066597065368	0	0	0	0	0	0	0.652124840996122	0	0	0.479127422137809	0.72532728866002	0	0	0	0	0	0	0	0	0	0	0	0	0.597826682187244	0	0	0	0	0	0	0	0	0	0	0	0	0	0	0	0	0
DAC.12.1-x1-0	0	23.3589408574375	6.79217781068157	26.1348657209827	20.452401272989	37.8449353306113	15.6258548001597	17.6073707068953	13.7281549497305	51.7986562198253	17.2485871969611	11.2425729742303	0	0	0	0	0	0	0	0	0	0	24.8938673494674	4.86712968595936	8.96740023280867	0	8.73161660994375	0	0	0	24.1884384695619	0	0	0	0	0	0	8.09257375348436	0	0	15.9440024857505	0
DAC.18.1-x1-0	8.96479916478442	12.0333937750436	0	1.53734504241075	0.818096050919558	1.99183870161112	4.59583964710579	3.91274904597674	10.2961162122979	8.87976963768433	2.87476453282685	3.6266364433001	25.285956270219	30.7615988753509	21.5608951779729	21.2620083429888	45.9702226291069	16.8460665710682	5.67003536896476	0	6.79272584882122	6.23145541634259	0	11.1248678536214	2.98913341093622	0	7.97234560038342	6.01966019995176	0	5.12501736593249	8.39190722413371	9.52106962161162	2.75713122462059	8.79823574111544	13.1880900507997	2.39501776412882	5.84186859816049	0	13.1710844789672	10.2247224801757	5.31466749525015	12.7113947304135
DAC.20.1-x1-0	0	0	0	0	0	0	0	0	0	0	0	0	61.6345184086587	0	59.2924617394256	68.2961480108124	41.7911114810063	46.4202723291657	56.7003536896476	90.4312507670962	89.8149306677473	68.5460095797685	0	60.4914689540664	71.7392018624693	36.1103058195598	97.945960233282	97.8194782492161	0	55.8626892886641	26.1630048752404	38.0842784864465	57.2104729108772	54.5490615949157	43.9603001693325	53.8878996928985	65.8537914701728	51.252967105401	81.4212495063429	97.5281221185986	69.090677438252	42.1483088429499
DAC.22.2-x1-0	0	1.41569338529925	0	0	0	0.398367740322224	0.919167929421157	1.30424968199225	0	0	0.479127422137809	0.72532728866002	0	2.79650898866827	0	0	0	0	0	0	0.754747316535692	0	0	0	0	0	0	0	0	0	0	0	0	0	0	0	0	0	0	0	0	0
DAC.22.1-x1-0	1.49413319413074	0	0	0	0.818096050919558	1.99183870161112	0	0	0.686407747486526	0	0	0	0.526790755629562	0	1.07804475889865	0	0	0	0	0	0	0	0	0.695304240851338	0	0	0	0	5.6167947650842	1.53750520977975	0	0	0	0	0	0	0	0	0	0	0	0
DAC.29.1-x1-0	1.49413319413074	0	0	0	0	0	0	0	0.686407747486525	0.739980803140361	0	0.72532728866002	0	0	0	0	0	0	0	0	0	0	0	0	0	0	0	0	0	0	0	0	0	0	0	0	1.06215792693827	0	0	0	0	0
DAC.29.2-x1-0	0	0	0	0	0	0	0	0	0	0	0	0	0	0	0	0	0	0	0	0	0	0	0	0	0	0	0	0	0	0	0	0	0	0	0	0	0	0	0	0	0	0
DAC.29.3-x1-0	0	0	0	0	0	0	0	0	0	0	0	0	0	0	0	0	0	0	0	0	0	0	0	0	0	0	0	0	0	0	0	0	0	0	0	0	0	0	0	0	0	0
DAC.29.4-x1-0	0	0	0	0	0	0	0	0	0	0	0	0	0	0	0	0	0	0	0	0	0	0	0	0	0	0	0	0	0	0	0	0	0	0	0	0	0	0	0	0	0	0
DAC.32.1-x1-0	5.97653277652295	13.4490871603428	2.26405927022719	4.61203512723224	0	0.398367740322224	1.83833585884231	0	4.11844648491915	2.21994240942108	1.91650968855123	2.17598186598006	2.63395377814781	0	3.77315665614527	3.22151641560436	0	2.99485627930102	0	0	0.754747316535692	4.67359156225694	0	1.39060848170268	2.39130672874898	8.02451240434662	1.89817752390081	3.00983009997588	0	3.58751215615274	1.48092480425889	9.52106962161162	2.75713122462059	2.63947072233463	0	1.19750888206441	1.59323689040741	8.09257375348436	2.3947426325395	2.359551341579	0	1.33804155056984
DAC.34.1-x1-0	18.6766649266342	20.5275540868391	3.01874569363625	1.53734504241075	4.90857630551735	0	0	1.30424968199224	10.9825239597844	9.61975044082469	3.35389195496466	2.53864551031007	2.10716302251825	8.3895269660048	4.85120141504391	5.15442626496697	0	2.62049924438839	0	12.9187501095852	5.28323121574984	0	0	3.47652120425669	2.39130672874898	0	1.89817752390081	3.00983009997588	0	2.05000694637299	0	0	0	4.39911787055772	0	0	15.9323689040741	10.7900983379792	11.9737131626975	10.2247224801757	0	8.69727007870395
DAC.34.2-x1-0	0	0	0	0	0	0	0	0	0	0	0	0	0	0	0	0	0	0	0	0	0	0	0	0	0	0	0	0	0	0	0	0	0	0	0	0	0	0	0	0	0	0
DAC.43.1-x1-0	1.49413319413074	0	0	0	0	0	0	0	0	0	0	0	0	0	0	0	0	0	0	0	0	0	0	0	0	0	0	0	0	0	0	0	0	0	0	0	1.06215792693827	0	0	0	0	0
DAC.30.1-x1-0	12.7001321501113	8.49416031179547	3.77343211704531	7.68672521205374	1.63619210183912	1.19510322096667	0.919167929421157	3.26062420498061	5.4912619798922	1.47996160628072	6.70778390992932	9.42925475258026	0.526790755629562	0	0.539022379449324	0	0	0.748714069825254	0	0	2.26424194960707	0	0	0.695304240851338	1.19565336437449	0	0.379635504780163	1.50491504998794	0	1.53750520977975	1.48092480425889	0	3.44641403077573	0.879823574111544	0	1.79626332309662	1.59323689040741	0	0.598685658134874	0	0	0
DAC.33.1-x1-0	0.747066597065368	0	0	0	0	0	0	0	0	0	0	0	0	0	0	0	0	0.374357034912627	0	0	0	0	0	0	0	0	0	0	0	0	0	0	0	0	0	0	0.531078963469135	0	0	0	0	0
DAC.36.2-x1-0	7.47066597065369	6.3706202338466	0	0	0	0	0	0	3.43203873743263	9.61975044082469	0.958254844275618	0	0	2.79650898866827	0	0	0	0	36.4502273719163	58.1343754931333	40.7563550929274	39.725528279184	24.8938673494674	21.5544314663915	1.79348004656173	16.0490248086932	4.55562605736196	0	0	3.58751215615274	14.3156064411693	0	8.27139367386176	4.39911787055772	0	3.59252664619323	0	0	0	0	0	0
DAC.36.1-x1-0	0	0	0.754686423409063	3.84336260602687	3.27238420367823	0.796735480644448	0	1.30424968199225	0.686407747486526	6.65982722826325	0	1.08799093299003	0	0	1.61706713834797	0	4.17911114810063	1.49742813965051	30.7801920029515	6.45937505479258	14.3401990141781	10.9050469785995	12.4469336747337	11.1248678536214	4.78261345749796	0	3.0370840382413	3.00983009997588	11.2335895301684	0	2.46820800709815	0	4.13569683693088	2.63947072233463	8.7920600338665	0.598754441032206	2.12431585387654	2.69752458449479	4.19079960694412	0.786517113859666	0	1.33804155056984
DAC.39.1-x1-0	0	0	0	0	0	0	0	0	0	0.739980803140361	0	0.36266364433001	0	0	0	0	0	0	0	0	0	0	0	0	0	0	0.379635504780163	0	0	0	0	0	0.689282806155147	0	0	0	0	0	0	0	0	0
DAC.44.1-x1-0	0.747066597065368	1.41569338529925	0	0	0	0	0	0	0.686407747486526	0	0	0	0	0	0	0	0	0	0	0	0	0	0	0	0	0	0	0	0	0	0	0	0	0.879823574111544	0	0	0	0	0	0	0	0
DAC.45.2-x1-0	0	0	0	0	0	0	0	0	0	0	0	0	0	0	0	0	0	0	0	0	0	0	0	0	0	0	0	0	0	0	0	0	0	0	0	0	0	0	0	0	0	0
DAC.45.1-x1-0	0.747066597065368	0	0	0	0	0	0	0	0	0	0	0	0	0	0	0	0	0	0	0	0	0	0	0	0	0	0	0	0	0	0	0	0	0	0	0	0	0	0	0	0	0
DAC.45.4-x1-0	0	0	0	0	0	0	0	0	0	0	0	0	0	0	0	0	0	0	0	0	0	0	0	0	0	0	0	0	0	0	0	0	0	0	0	0	0	0	0	0	0	0
DAC.45.3-x1-0	0	0	0	0	0	0	0	0	0	0	0	0	0	0	0	0	0	0	0	0	0	0	0	0	0	0	0	0	0	0	0	0	0	0	0	0	0	0	0	0	0	0
DAC.46.1-x1-0	256.243842793421	288.801450601046	2.26405927022719	3.0746900848215	2.45428815275867	3.58530966290001	2.75750378826347	0.652124840996122	207.981547488417	260.473242705407	2.39563711068904	3.6266364433001	8.42865209007299	2.79650898866827	5.39022379449324	1.28860656624174	0	2.24614220947576	2.43001515812775	6.45937505479258	0.754747316535692	0	0	1.39060848170268	0	0	0.379635504780163	1.50491504998794	0	0.512501736593249	6.91098241987482	9.52106962161162	2.06784841846544	1.75964714822309	0	0.598754441032206	0.531078963469135	0	1.19737131626975	3.14606845543866	0	0
DAC.53.1-x1-0	59.7653277652295	51.6728085634224	1.50937284681813	4.61203512723224	2.45428815275867	4.78041288386669	8.27251136479041	1.30424968199225	47.3621345765703	49.5787138104042	2.87476453282685	1.81331822165005	5.26790755629562	5.59301797733653	5.39022379449324	7.08733611432959	0	5.24099848877678	3.240020210837	0	11.3212097480354	3.89465963521412	24.8938673494674	4.86712968595936	3.58696009312347	0	2.27781302868098	0	11.2335895301684	1.53750520977975	3.94913281135704	9.52106962161162	2.06784841846544	0.879823574111544	4.39603001693325	7.18505329238647	5.31078963469135	5.39504916898958	7.18422789761849	3.14606845543866	5.31466749525015	2.67608310113968
DAC.59.1-x1-0	4.48239958239221	7.07846692649623	0.754686423409063	0	0	0.398367740322224	1.83833585884231	0	1.37281549497305	3.6999040157018	0.958254844275618	0	1.05358151125912	0	2.15608951779729	2.57721313248349	4.17911114810063	3.36921331421364	0	19.3781251643778	1.50949463307138	1.55786385408565	0	2.08591272255401	0	0	0	0.75245752499397	0	0	1.48092480425889	0	0.689282806155147	4.39911787055772	4.39603001693325	1.19750888206441	2.12431585387654	0	2.99342829067437	1.57303422771933	0	0
DAC.61.2-x1-0	0	0	0	0	0	0	0	0	0	0	0	0	0	0	0	0	0	0	0	0	0	0	0	0	0	0	0	0	0	0	0	0	0	0	0	0	0	0	0	0	0	0
DAC.61.1-x1-0	1.49413319413074	0	0.754686423409063	3.0746900848215	0	0	1.83833585884231	0	1.37281549497305	0	0	1.08799093299003	0	0	0	0	0	0	0	0	0	0	0	0	0	0	0	0	0	0	0	0	0	0.879823574111544	0	0	0	0	0	0.786517113859666	0	0
DAC.64.2-x1-0	3.73533298532684	4.24708015589774	4.52811854045438	0.768672521205374	2.45428815275867	1.99183870161112	2.75750378826347	0	2.05922324245958	8.87976963768433	1.43738226641343	1.08799093299003	0.526790755629562	5.59301797733653	0.539022379449324	0	0	1.12307110473788	0	0	0	0.778931927042824	0	1.39060848170268	1.19565336437449	0	1.13890651434049	0.75245752499397	0	0	0	0	0	0	4.39603001693325	0	1.06215792693827	0	2.99342829067437	2.359551341579	5.31466749525015	0.669020775284919
DAC.65.1-x1-0	6.72359937358832	4.95492684854736	0	2.30601756361612	0.818096050919558	1.99183870161112	0.919167929421157	0	6.86407747486526	6.65982722826325	0	0	0	0	3.77315665614527	3.22151641560436	0	4.49228441895152	3.240020210837	0	2.26424194960707	0.778931927042824	6.22346683736685	0.695304240851338	2.39130672874898	0	2.65744853346114	3.00983009997588	0	3.07501041955949	1.48092480425889	4.76053481080581	4.13569683693088	3.51929429644618	0	2.99377220516103	22.3053164657037	16.1851475069687	32.9277111974181	22.0224791880706	10.6293349905003	30.7749556631063
DAC.70.1-x1-0	0	0	0	0	0	0	0	0	0	0	0	0	0	0	0	0	0	6.36406959351466	4.86003031625551	12.9187501095852	3.77373658267846	0	0	5.5624339268107	2.98913341093622	0	0	6.01966019995176	0	6.15002083911898	0	0	0	0	0	0	2.12431585387654	0	2.3947426325395	0	10.6293349905003	2.00706232585476
DAC.70.2-x1-0	20.9178647178303	16.2804739309413	8.30155065749969	5.38070764843762	7.36286445827602	7.96735480644448	7.35334343536926	4.56487388697286	13.7281549497305	19.9794816847897	3.35389195496466	4.35196373196012	13.6965596463686	22.3720719093461	12.9365371067838	0	0	0	0	0	0	1.55786385408565	0	0	0	8.02451240434662	3.79635504780163	0	0	0	0.987283202839261	0	6.20354525539632	10.5578828893385	17.584120067733	9.58007105651529	0	5.39504916898958	0	0	0	0
DAC.70.3-x1-0	0	0	0	0	0	0	0	0	0	0	0	0	0	0	0	7.08733611432959	0	0	0	0	0	0	0	0	2.39130672874898	0	0	0	0	0	0	0	0	0	0	0	0	0	0	5.50561979701766	0	0
DAC.72.1-x1-0	0	0	0	0	0	0	0	0	0	0	0	0	0	0	0	0	0	0	0	0	0	0	0	0	0	0	0	0	0	0	0	0	0	0	0	0	0	0	0	0	0	0
DAC.72.2-x1-0	0	0	0	0	0	0	0	0	0	0	0	0	0	0	0	0	0	0	0	0	0	0	0	0	0	0	0	0	0	0	0	0	0	0	0	0	0	0	0	0	0	0
DAC.47.1-x1-0	2.98826638826147	0	0	0	0	0	1.83833585884231	0.652124840996123	1.37281549497305	1.47996160628072	0	0	0	2.79650898866827	0	0	0	0	0	0	0	0	0	0	0.597826682187244	0	0.379635504780163	0	0	0.512501736593249	1.48092480425889	4.76053481080581	0	0.879823574111544	0	0	0	0	0.598685658134874	0	0	0
DAC.48.2-x1-0	0	0	0	1.53734504241075	0	0	0	0	2.7456309899461	0	0	0	3.68753528940693	13.9825449433413	0	0	0	0.748714069825254	0	0	0	0	6.22346683736685	0	0	0	0	2.25737257498191	0	0	0	0	0	0	0	0	3.18647378081481	0	0	0	0	2.00706232585476
DAC.48.1-x1-0	61.2594609593602	54.5041953340209	26.4140248193172	33.8215909330364	29.4514578331041	37.446567590289	28.4942058120559	15.6509961839069	43.2436880916511	156.875930265756	26.3520082175795	18.4958458608305	15.8037226688868	0	12.3975147273344	20.6177050598679	16.7164445924025	14.9742813965051	8.10005052709251	0	5.28323121574984	10.1261150515567	0	8.34365089021605	8.36957355062142	0	7.97234560038342	8.27703277493367	16.8503842952526	8.20002778549198	34.5549120993741	0	5.51426244924117	16.7166479081193	17.584120067733	8.38256217445088	33.4579746985555	24.2777212604531	25.7434832997996	23.59551341579	47.8320074572514	16.725519382123
DAC.58.1-x1-0	0.747066597065368	2.83138677059849	0.754686423409063	0	0.818096050919558	1.99183870161112	0.919167929421157	0.652124840996123	2.7456309899461	2.95992321256144	0.479127422137809	0.36266364433001	1.05358151125912	0	0	0	0	0.374357034912627	0	0	1.50949463307138	0.778931927042824	0	0	0	0	0.759271009560326	0	0	0.512501736593249	0.49364160141963	0	1.37856561231029	1.75964714822309	0	2.39501776412882	0	0	0.598685658134874	0.786517113859666	5.31466749525015	0
DAC.62.1-x1-0	0	0	0	0	1.63619210183912	0	0	0	0	0	0	0.36266364433001	0	0	0	0	0	0	0	6.45937505479258	0	0	6.22346683736685	0	0	0	0	0	0	0	0	4.76053481080581	0	0	0	0	0	0	0	0	0	0
DAC.62.2-x1-0	0	2.83138677059849	0	0	0	3.18694192257779	0	0	0	0	1.91650968855123	0	4.74111680066605	8.3895269660048	7.54631331229053	6.44303283120872	0	7.86149773316516	0	0	7.54747316535692	7.01038734338542	0	6.95304240851338	13.7500136903066	12.0367686065199	15.5650556959867	15.0491504998794	0	22.5500764101029	8.39190722413371	4.76053481080581	11.7178077046375	14.9570007598963	13.1880900507997	13.7713521437407	10.0905003059136	10.7900983379792	15.5658271115067	15.7303422771933	42.5173399620012	15.3874778315531
DAC.71.1-x1-0	0	0.707846692649623	0	0	0	0	0	0	0.686407747486526	0	0	0	2.10716302251825	5.59301797733653	1.07804475889865	3.22151641560436	4.17911114810063	1.12307110473788	0	0	0.754747316535692	0	0	2.08591272255401	0	0	0	0.75245752499397	0	0	0.987283202839261	0	0	0	0	0	0	0	0	0	0	0
DAC.73.2-x1-0	29.8826638826147	22.6510941647879	2.26405927022719	0	0	4.78041288386669	0	6.52124840996123	0	28.8592513224741	4.79127422137809	0	4.74111680066605	19.5755629206779	0	3.86581969872523	4.17911114810063	0	0	0	5.28323121574984	1.55786385408565	0	2.78121696340535	0	0	1.89817752390081	0	22.4671790603368	0	0	4.76053481080581	4.13569683693088	0	4.39603001693325	2.39501776412882	3.71755274428395	0	4.78948526507899	5.50561979701766	15.9440024857505	8.02824930341903
DAC.73.3-x1-0	2.98826638826147	0	0	2.30601756361612	6.54476840735647	1.99183870161112	0	0	8.23689296983831	0	0	2.53864551031007	0	0	2.69511189724662	0	0	2.62049924438839	0	0	0	0	0	0	0	0	1.51854201912065	6.01966019995176	0	0	5.92369921703556	0	0	0	0	0	0	21.5801966759583	2.99342829067437	0	0	2.00706232585476
DAC.74.1-x1-0	4.48239958239221	7.78631361914585	0	2.30601756361612	3.27238420367823	3.98367740322224	2.75750378826347	3.26062420498061	0	3.6999040157018	3.83301937710247	5.07729102062014	0	0	0	0	0	1.12307110473788	0	0	0	0	0	0	0	0	0	0	0	0	3.94913281135704	0	4.82497964308603	1.75964714822309	8.7920600338665	1.79626332309662	0	0	0	0.786517113859666	0	0
DAC.76.1-x1-0	2.98826638826147	0.707846692649623	0.754686423409063	0	0	0.796735480644448	0.919167929421157	0	2.7456309899461	1.47996160628072	0	0	0	2.79650898866827	1.61706713834797	0	8.35822229620126	0	2.43001515812775	0	0	1.55786385408565	0	0	2.39130672874898	4.01225620217331	0.759271009560326	0	0	3.58751215615274	7.89826562271409	0	4.13569683693088	6.15876501878081	4.39603001693325	0	2.65539481734568	0	2.3947426325395	0.786517113859666	0	1.33804155056984
DAC.80.1-x1-0	2.24119979119611	0	0	0	0	0	0	0	0	0	0	0	0	0	0	0	0	0	0	0	0	0	0	0	0	0	0	0	0	0	0	0	0	0	0	0	0	0	0	0	0	0
DAC.82.1-x1-0	2.24119979119611	0	0.754686423409063	0	0.818096050919558	0.796735480644448	0	0	1.37281549497305	2.21994240942108	0.479127422137809	0	1.05358151125912	0	0	0	0	1.12307110473788	4.05002526354625	0	0.754747316535692	7.01038734338542	0	0	0.597826682187244	0	0.379635504780163	0.75245752499397	0	0.512501736593249	0	0	1.37856561231029	0	0	0	0.531078963469135	0	2.99342829067437	2.359551341579	0	2.00706232585476
DAC.83.1-x1-0	6.72359937358832	7.07846692649623	0.754686423409063	3.0746900848215	0.818096050919558	0	0	0	4.11844648491915	2.21994240942108	2.39563711068904	1.08799093299003	2.10716302251825	0	3.23413427669594	0	4.17911114810063	0.748714069825254	0	0	0	0	0	0	0	0	0	0	0	0	0.49364160141963	0	0	0	0	2.99377220516103	1.59323689040741	2.69752458449479	0.598685658134874	0	0	0
DAC.87.1-x1-0	14.194265344242	0	0	0	0	0.796735480644448	0.919167929421157	1.30424968199225	0	0	0	0	1.05358151125912	0	1.07804475889865	0	0	0.374357034912627	0.810005052709251	0	0	0	0	0	0	0	0	0.75245752499397	5.6167947650842	0	0.987283202839261	4.76053481080581	0	0	0	0.598754441032206	2.12431585387654	0	1.19737131626975	1.57303422771933	0	3.3451038764246
DAC.87.2-x1-0	0	17.6961673162406	0	0	0	0	0	0	6.86407747486526	14.7996160628072	0	0	0	0	0	2.57721313248349	0	0	0	0	0	0	0	0	0	0	0	0	0	0	0	0	0	0	0	0	0	0	0	0	0	0
DAC.93.1-x1-0	2.24119979119611	5.66277354119698	1.50937284681813	0	0	3.18694192257779	1.83833585884231	1.95637452298837	1.37281549497305	8.87976963768433	0	0	0.526790755629562	0	0.539022379449324	0	0	0	0.810005052709251	6.45937505479258	2.26424194960707	0.778931927042824	12.4469336747337	0	0.597826682187244	0	0.379635504780163	0	0	0.512501736593249	0	0	0	0	4.39603001693325	0	3.18647378081481	0	2.3947426325395	0	0	1.33804155056984
DAC.94.1-x1-0	0.747066597065368	0	0	0	0	0	0	1.30424968199225	0	0	0	0	11.5893966238504	2.79650898866827	1.61706713834797	0	0	7.48714069825254	7.29004547438326	0	1.50949463307138	0	0	0	0	0	1.89817752390081	0	0	1.53750520977975	1.48092480425889	0	2.06784841846544	1.75964714822309	0	1.19750888206441	0	2.69752458449479	3.59211394880925	6.29213691087733	0	5.35216620227935
DAC.96.1-x1-0	15.6883985383727	20.5275540868391	4.52811854045438	0.768672521205374	0	4.38204514354446	3.67667171768463	0	13.041747202244	25.8993281099126	2.39563711068904	2.90130915464008	1.58037226688868	8.3895269660048	4.85120141504391	5.79872954808785	0	2.99485627930102	11.3400707379295	6.45937505479258	9.81171511496399	2.33679578112847	6.22346683736685	5.5624339268107	1.79348004656173	8.02451240434662	5.31489706692228	9.02949029992764	22.4671790603368	0	6.41734081845519	0	3.44641403077573	3.51929429644618	8.7920600338665	8.38256217445088	11.683737196321	13.4876229224739	5.38817092321387	3.93258556929833	10.6293349905003	8.02824930341903
DAC.84.1-x1-0	1.49413319413074	0.707846692649623	0	0	0	0	0	0	0	1.47996160628072	0	0	0	0	0	0	0	0	0	0	0	0	0	0	0	0	0	0	0	0	0	0	1.37856561231029	0	0	0	0.531078963469135	0	1.19737131626975	0	0	1.33804155056984
DAC.85.1-x1-0	66.4889271388178	0	0	0	0	0	0	0	0	101.377370030229	0	0	0	0	0	0	0	5.6153555236894	0	0	0	0	0	0	0	0	0	0.75245752499397	0	0	0	4.76053481080581	4.13569683693088	7.03858859289235	0	0	0	0	0	0	0	0
DAC.85.2-x1-0	44.0769292268567	127.412404676932	7.54686423409063	19.9854855513397	4.09048025459779	9.9591935080556	4.59583964710579	3.91274904597674	46.6757268290837	50.3186946135445	11.9781855534452	7.2532728866002	6.32148906755474	0	2.69511189724662	1.93290984936262	0	0	12.960080843348	0	9.81171511496399	10.1261150515567	0	6.95304240851338	1.79348004656173	4.01225620217331	4.17599055258179	0	0	1.53750520977975	4.9364160141963	0	0	0	0	7.18505329238647	14.8702109771358	26.9752458449479	9.57897053015799	11.797756707895	21.2586699810006	11.3733531798436
DAC.98.1-x1-0	1.49413319413074	7.07846692649623	0	3.84336260602687	3.27238420367823	3.98367740322224	1.83833585884231	1.30424968199225	6.17766972737873	4.43988481884216	1.91650968855124	4.71462737629013	8.95544284570255	5.59301797733653	10.2414252095372	9.02024596369221	0	6.36406959351466	38.0702374773348	45.2156253835481	21.8876721795351	23.3679578112847	37.3408010242011	18.7732145029861	1.19565336437449	4.01225620217331	4.17599055258179	3.00983009997588	0	3.07501041955949	4.9364160141963	0	7.58211086770661	2.63947072233463	8.7920600338665	2.99377220516103	9.0283423789753	0	5.38817092321387	8.65168825245632	0	4.68314542699443
DAC.100.1-x1-0	0	0	0	0	0	0	0	0	0	0	0	0	0	0	0	0	0	0	0	0	0	0	0	0	0	0	0	0	0	0	0	0	0	0	0	0	0	0	0	0	0	0
DAC.102.1-x1-0	0	0	0	0	0	0	0	0	0	0	0	0	0	0	0	0	0	0	0	0	0	0	0	0	0	0	0	0	0	0	0	0	0	0	0	0	0	0	0	0	0	0
DAC.103.1-x1-0	0	0	0	0.768672521205374	0	0	0	0	0	0	0	0	0	0	0	0	0	0	0	0	0	0	0	0	0	0	0	0	0	0	0	0	0	0	0	0	0	0	0	0	0	0
DAC.104.2-x1-0	0	0	0	0	0	1.19510322096667	0.919167929421157	0	2.7456309899461	0	0.958254844275617	1.08799093299003	0	0	0	0	0	0	0	0	0	0.778931927042824	0	0.695304240851338	0	0	0.379635504780163	0.75245752499397	0	0	0.49364160141963	0	0	0	0	0	0.531078963469135	0	1.19737131626975	0	0	0.669020775284919
DAC.104.1-x1-0	0	1.41569338529925	1.50937284681813	0	0	0	0	0	0	0.739980803140361	0	0	0.526790755629562	0	0	0	0	0	0	0	0	0	0	0	0	0	0	0	0	0	0	0	0	0	0	0	0	0	0	0.786517113859666	0	0
DAC.105.1-x1-0	2.98826638826147	2.83138677059849	0.754686423409063	0.768672521205374	2.45428815275868	3.18694192257779	2.75750378826347	1.95637452298837	0	8.87976963768433	0	0	0	5.59301797733653	0	0	0	0	0	0	9.0569677984283	7.78931927042824	0	0	0	12.0367686065199	11.3890651434049	3.76228762496985	0	4.10001389274599	0	0	4.13569683693088	1.75964714822309	13.1880900507997	3.59252664619323	3.71755274428395	8.09257375348436	7.78291355575337	0	0	6.02118697756427
DAC.105.2-x1-0	0	0	0	0	0	0	0	0	0	0	0	0	0	0	0	0	0	0	0	0	0	0	6.22346683736685	0	1.19565336437449	0	0	0	0	0	0	0	0	0	0	0	0	13.4876229224739	0	3.14606845543866	0	0
DAC.105.3-x1-0	0	0	0	0	0	0	0	0	0	0	0	0	0	0	0	0	0	0	0	0	0	0	0	0	0	0	0	0	0	0	0	0	0	0	0	0	4.77971067122222	0	0	0	0	0
DAC.105.4-x1-0	0	0	0	0	0	0	0	0	0	0	0	0	3.68753528940693	0	1.07804475889865	2.57721313248349	0	0	0	0	0	0	0	2.08591272255401	1.19565336437449	0	0	0	0	2.05000694637299	3.45549120993741	0	0	0	0	0	0	0	17.9605697440462	11.0112395940353	10.6293349905003	2.67608310113968
DAC.111.1-x1-0	0	0	0	0	0	0	0	0	0	0	0	0	0	0	0	0	0	0	0	0	0	0	0	0	0	0	0	0	0	0	0	0	0	0	0	0	0	0	0	0	0	0
DAC.118.1-x1-0	0.747066597065368	0.707846692649623	0	0.768672521205374	0	0	0.919167929421157	1.30424968199225	0	0	0.479127422137809	0	4.21432604503649	5.59301797733653	9.1633804506385	7.73163939745046	0	6.36406959351466	1.6200101054185	6.45937505479258	2.26424194960707	2.33679578112847	12.4469336747337	4.86712968595936	2.39130672874898	0	4.55562605736195	3.76228762496985	0	3.58751215615274	4.44277441277667	0	1.37856561231029	7.03858859289235	8.7920600338665	8.38256217445088	1.06215792693827	0	2.3947426325395	2.359551341579	5.31466749525015	2.67608310113968
DAC.124.1-x1-0	3.73533298532684	0	1.50937284681813	1.53734504241075	0.818096050919558	2.39020644193334	2.75750378826347	1.30424968199224	2.7456309899461	9.61975044082469	0.958254844275617	0	0	2.79650898866827	0	0	4.17911114810063	0	3.240020210837	0	2.26424194960707	0	0	4.86712968595936	0	4.01225620217331	2.27781302868098	0	16.8503842952526	0	10.3664736298122	0	0.689282806155147	0	0	0	4.24863170775308	0	0	0	0	10.0353116292738
DAC.124.2-x1-0	0	0	0	0	0	0	0	0	0	0	0	0	3.16074453377737	0	5.92924617394256	3.22151641560436	0	2.99485627930102	0	0	0	5.45252348929977	0	0	2.39130672874898	0	0	2.25737257498191	0	0	0	0	0	4.39911787055772	0	2.99377220516103	0	0	6.58554223948362	7.86517113859666	0	0
DAC.109.1-x1-0	0	0.707846692649623	2.26405927022719	3.0746900848215	0	1.5934709612889	0.919167929421157	0	1.37281549497305	0.739980803140361	1.43738226641343	1.45065457732004	2.10716302251825	0	2.15608951779729	1.93290984936262	0	1.12307110473788	0.810005052709251	0	0	0.778931927042824	6.22346683736685	3.47652120425669	4.78261345749796	0	1.51854201912065	0.75245752499397	0	3.58751215615274	1.48092480425889	4.76053481080581	0	5.27894144466927	4.39603001693325	2.39501776412882	2.65539481734568	2.69752458449479	4.19079960694412	5.50561979701766	0	0.669020775284919
DAC.112.1-x1-0	0	0	0	0	0	0	0	0	0	0	0	0	0	0	0	0	0	0	0	0	0	0	0	0	0	0	0	0	0	0	0	0	0	0	0	0	0	0	0	0	0	0
DAC.112.2-x1-0	0	0	0	0	0	0	0	0	0	0	0	0	0	0	0	0	0	0	0	0	0	0	0	0	0	0	0	0	0	0	0	0	0	0	0	0	0	0	0	0	0	0
DAC.113.2-x1-0	0	0	0	0	0	0	0	0	0	0	0	0	0	0	0	0	0	0	0	0	0	0	0	0	0	0	0	0	0	0	0	0	0	0	0	0	0	0	0	0	0	0
DAC.113.1-x1-0	0	0	0	0	0	0	0	0	0.686407747486525	1.47996160628072	0	0	0	0	0	0	0	0	0	0	0	0	0	0	0	0	0	0	0	0	0	0	0	0	0	0	0	0	0	0	0	0
DAC.115.1-x1-0	0	0	0	0	0	0	0	0	0	0	0	0	0	0	0	0	0	0	0	0	0	0	0	0	0	0	0	0	0	0	0	0	0	0	0	0	0	0	0	0	0	0
DAC.115.2-x1-0	0	0	0	0	0	0	0	0	0	0	0	0	0	0	0	0	0	0	0	0	0	0	0	0	0	0	0	0	0	0	0	0	0	0	0	0	0	0	0	0	0	0
DAC.116.1-x1-0	0	1.41569338529925	0	0	0	0	0	0	0	0	0	0.36266364433001	0	0	0	0	0	0	0	0	0	0	0	0	0	0	0	0	0	0	0	0	0.689282806155146	0	0	0	2.12431585387654	0	0	0	0	0.669020775284919
DAC.116.2-x1-0	0	0	0	0	0	0	0	0	0	0	0	0	0	0	1.07804475889865	0	0	0	0	0	0.754747316535692	0.778931927042824	0	0.695304240851338	0	0	0	0	0	0	0	0	0	0	0	0	0	0	0	0	0	0
DAC.117.2-x1-0	5.97653277652295	16.2804739309413	3.77343211704531	5.38070764843762	1.63619210183912	4.38204514354446	2.75750378826347	2.60849936398449	8.23689296983831	6.65982722826325	0.958254844275617	3.6266364433001	4.21432604503649	0	2.69511189724662	3.22151641560436	0	0.748714069825254	4.86003031625551	6.45937505479258	4.52848389921415	4.67359156225695	0	6.95304240851338	3.58696009312347	0	5.69453257170244	2.25737257498191	5.6167947650842	3.07501041955949	1.97456640567852	0	1.37856561231029	0.879823574111544	4.39603001693325	0	2.65539481734568	0	5.98685658134874	7.07865402473699	0	8.02824930341903
DAC.122.1-x1-0	0	2.12354007794887	0	0	0	0	0	0	1.37281549497305	0.739980803140361	0	0	0	0	0	0	0	0	0	0	0	0	0	0	0	0	0	0	0	0	0.987283202839261	0	0	0	0	0	0	0	0	0	0	0
DAC.122.2-x1-0	0	0	0	0	0	0	0	0	0	0	0	0	0	0	0	0	0	0	0	0	0	0	0	0	0	0	0	0	0	0	0	0	2.06784841846544	0	0	0	0	0	0	0	0	0
DAC.126.1-x1-0	17.9295983295688	9.20200700444509	0	0	0	0	0	0	13.041747202244	2.95992321256144	0	0	0.526790755629562	0	0.539022379449324	0	0	0	0	0	0.754747316535692	0	0	0	0	0	0	5.26720267495779	0	0	0	0	0	0	0	1.19750888206441	0	0	1.79605697440462	0	0	0
DAC.126.2-x1-0	0	0	1.50937284681813	0	0	0	0	0	0	0	0	0	0	0	0	0	0	0	0.810005052709251	0	0	0	0	0	0	0	1.13890651434049	0	0	0	0	0	0	0	0	0	0	0	0	0	0	0
DAC.129.1-x1-0	0	0.707846692649623	0	0	0	0	0	0	0	0	0	0	0	0	0	0	0	0	0	0	0	0	0	0.695304240851338	0	0	0	1.50491504998794	0	1.0250034731865	0	0	0	0	0	0	1.59323689040741	2.69752458449479	0	0	0	0
DAC.146.1-x1-0	0	0	0	0	0	0	0	0	0	0	0	0	0	2.79650898866827	0	0	0	0	0	0	0	3.89465963521412	0	9.73425937191872	0	4.01225620217331	0	0	0	0	0	0	0	0	0	0	2.65539481734568	0	0.598685658134874	0	5.31466749525015	0
DAC.146.2-x1-0	17.1825317325035	30.4374077839338	12.8296691979541	10.7614152968752	8.18096050919558	11.9510322096667	14.7066868707385	12.3903719789263	17.1601936871631	22.9394048973512	8.14516617634275	13.0558911958804	2.10716302251825	0	5.92924617394256	2.57721313248349	8.35822229620125	3.74357034912627	3.240020210837	0	1.50949463307138	0	0	0	5.97826682187244	0	4.93526156214212	3.00983009997588	28.083973825421	4.10001389274599	3.45549120993741	0	4.82497964308603	1.75964714822309	13.1880900507997	4.79003552825764	0	8.09257375348436	0	3.14606845543866	0	6.69020775284919
DAC.146.4-x1-0	0	12.0333937750436	3.01874569363625	0	0	0	0	0	10.2961162122979	3.6999040157018	0	0	0	0	0	0	0	0	0	0	0	0	0	0	0	0	1.51854201912065	0	0	0	0.987283202839261	4.76053481080581	0	0	0	0	0	0	0	0	0	0
DAC.150.1-x1-0	15.6883985383727	21.2354007794887	1.50937284681813	3.0746900848215	0.818096050919558	1.5934709612889	0	2.60849936398449	10.9825239597844	0.739980803140361	2.39563711068904	1.08799093299003	7.37507057881386	11.1860359546731	11.8584923478851	10.9531558130548	20.8955557405031	5.6153555236894	0.810005052709251	12.9187501095852	6.03797853228553	4.67359156225695	0	2.08591272255401	2.98913341093622	0	6.45380358126277	2.25737257498191	5.6167947650842	3.07501041955949	8.39190722413371	0	7.58211086770661	9.67805931522699	0	6.58629885135426	21.2431585387654	16.1851475069687	13.7697701371021	24.3820305296496	5.31466749525015	10.0353116292738
DAC.151.1-x1-0	620.812342161321	491.245604698838	233.952791256809	239.825826616077	248.701199479546	264.117811833634	212.327791696287	221.722445938682	389.19319282486	554.24562155213	230.460290048286	220.499495752646	14.7501411576277	0	8.62435807118918	6.44303283120872	0	11.6050680822914	175.771096437907	148.565626260229	200.762786198494	122.292312545723	80.905068885769	162.701192359213	133.315350127755	104.318661256506	122.622268043993	127.917779248975	89.8687162413472	110.700375104142	87.3745634512746	161.858183567398	88.2281991878588	80.0639452441505	70.336480270932	83.2268673034766	175.256057944815	202.314343837109	209.539980347206	195.056244237197	106.293349905003	216.762731192314
DAC.130.1-x1-0	5.97653277652295	7.07846692649623	3.01874569363625	1.53734504241075	2.45428815275867	2.78857418225557	2.75750378826347	3.26062420498061	2.7456309899461	2.21994240942108	2.39563711068904	5.07729102062014	10.0090243569617	5.59301797733653	9.1633804506385	3.22151641560436	0	5.98971255860203	7.29004547438326	0	5.28323121574984	4.67359156225695	6.22346683736685	4.17182544510803	13.1521870081194	8.02451240434662	4.93526156214212	6.77211772494573	0	6.15002083911898	5.43005761561593	0	8.96067648001691	2.63947072233463	0	6.58629885135426	4.77971067122222	10.7900983379792	7.18422789761849	5.50561979701766	5.31466749525015	8.69727007870395
DAC.133.1-x1-0	0	0	0	0	0	0	0	0	0	0	0	0	0	0	0	0	0	0	0	0	0	0	0	0	0	0	0	0	0	0	0	0	0	0	0	0	0	0	0	0	0	0
DAC.135.1-x1-0	0	0	0	0	0	0	0	0	0	0	0	0	0	0	0	0	0	0	0	0	0	0	0	0	0	0	0	0	0	0	0	0	0	0	0	0	0	0	0	0	0	0
DAC.137.1-x1-0	0	0	0	0	0	0	0	0	0	0	0	0	0	0	0	0	0	0	0	0	0	0	0	0	0	0	0	0	0	0	0	0	0	0	0	0	0	0	0.598685658134874	0	10.6293349905003	0
DAC.138.1-x1-0	0	0	0	0	0	0	0	0	0	0	0	0	0	0	0	0	0	0	0	0	0	0	0	0	0	0	0	0	0	0	0	0	0	0	0	0	0.531078963469135	0	0	0	0	0
DAC.140.1-x1-0	17.9295983295688	9.20200700444509	0.754686423409063	1.53734504241075	1.63619210183912	0	0	1.95637452298837	4.80485423240568	8.13978883454397	0.479127422137809	0	4.74111680066605	0	2.69511189724662	3.86581969872523	0	2.24614220947576	1.6200101054185	0	2.26424194960707	4.67359156225695	0	3.47652120425669	2.98913341093622	4.01225620217331	0.759271009560326	2.25737257498191	5.6167947650842	4.10001389274599	1.97456640567852	14.2816044324174	6.20354525539632	0.879823574111544	4.39603001693325	2.99377220516103	4.24863170775308	2.69752458449479	1.79605697440462	2.359551341579	0	0.669020775284919
DAC.145.1-x1-0	2.98826638826147	0	0.754686423409063	0.768672521205374	0.818096050919558	1.5934709612889	0	0	0	0	0	0.72532728866002	1.58037226688868	2.79650898866827	0	0	0	2.24614220947576	3.240020210837	19.3781251643778	3.01898926614277	0	6.22346683736685	0	0	0	2.65744853346114	3.00983009997588	0	1.0250034731865	2.46820800709815	14.2816044324174	2.06784841846544	0.879823574111544	0	1.19750888206441	0	0	0	0	0	0
DAC.145.2-x1-0	0	4.24708015589774	0	0	0	0	0	1.30424968199225	2.7456309899461	0.739980803140361	0.958254844275618	0	0	0	3.23413427669594	1.28860656624174	0	0	0	0	4.52848389921415	10.1261150515567	0	15.9919975395808	0	0	0	0	0	0	0	0	0	0	4.39603001693325	0	8.49726341550617	10.7900983379792	7.18422789761849	7.07865402473699	5.31466749525015	7.35922852813411
DAC.147.1-x1-0	56.0299947799026	58.0434287972691	1.50937284681813	7.68672521205374	4.09048025459779	3.98367740322224	0.919167929421157	0.652124840996122	61.7766972737873	107.297216455352	5.2704016435159	3.26397279897009	15.2769319132573	13.9825449433413	9.70240283008783	7.73163939745046	12.5373334443019	4.49228441895152	3.240020210837	19.3781251643778	4.52848389921415	0	6.22346683736685	2.08591272255401	4.78261345749796	12.0367686065199	9.49088761950407	4.51474514996382	5.6167947650842	3.58751215615274	46.4023105334452	38.0842784864465	31.7070090831367	21.1157657786771	21.9801500846662	16.1663699078696	84.4415551915925	62.0430654433801	54.4803948902736	61.3483348810539	74.4053449335021	55.5287243486483
DAC.153.1-x1-0	0	0	0	0.768672521205374	0	0	0	0	0	0	0	0	4.74111680066605	0	1.07804475889865	0	0	0	0	0	0	5.45252348929977	12.4469336747337	4.86712968595936	0	8.02451240434662	1.89817752390081	0	0	0	0	0	0	0	0	0	0	0	4.19079960694412	0	0	0
DAC.154.1-x1-0	0	0	0	0	0	0	0	0	0	0	0	0	0	0	0	0	0	0	0	0	0	0	0	0	0	0	0	0	0	0	0	0	0	0	0	0	0	0	0	0	0	0
DAC.156.1-x1-0	0	0	0	0	0	0	0	0	0	0	0	0	0	0	0	0	0	0	0	0	0	0	0	0	0	0	0	0	0	0	0	0	0	0	0	0	0	0	0	0	0	0
DAC.157.1-x1-0	0	7.78631361914585	7.54686423409063	0	24.5428815275867	0	13.7875189413174	0	0	55.4985602355271	4.79127422137809	2.90130915464008	0	0	0	0	0	0	0	0	0	0	0	0	0	0	33.4079244206543	0	0	0	0	0	37.9105543385331	0	0	0	0	0	0	0	0	0
DAC.157.2-x1-0	202.455047804715	176.253826469756	209.802825707719	136.823708774557	109.624870823221	133.851560748267	237.145325790659	238.677691804581	226.514556670553	0	136.551315309275	186.771776829955	34.7681898715511	50.3371617960288	41.5047232175979	44.4569265353402	37.6120003329056	37.0613464563501	23.4901465285683	0	30.1898926614277	23.3679578112847	12.4469336747337	34.0699078017155	38.8587343421709	32.0980496173865	0	29.3458434747648	16.8503842952526	34.3376163517477	32.086704092276	28.5632088648349	0	27.2745307974579	35.168240135466	52.0916363698019	27.0850271369259	21.5801966759583	26.9408546160693	16.516859391053	21.2586699810006	37.4651634159555
DAC.167.1-x1-0	16.4354651354381	9.90985369709471	1.50937284681813	0	1.63619210183912	1.19510322096667	0	0.652124840996123	15.7873781921901	19.9794816847897	0.958254844275617	2.90130915464008	5.26790755629562	8.3895269660048	0.539022379449324	1.28860656624174	8.35822229620125	0	2.43001515812775	0	1.50949463307138	0.778931927042824	12.4469336747337	0	2.98913341093622	4.01225620217331	3.0370840382413	2.25737257498191	0	1.0250034731865	6.91098241987482	0	2.75713122462059	0	0	1.19750888206441	1.59323689040741	0	4.19079960694412	2.359551341579	15.9440024857505	1.33804155056984
DAC.171.1-x1-0	17.9295983295688	9.2020070044451	8.30155065749969	9.99274277566986	3.27238420367823	8.76409028708893	0	0	9.60970846481136	9.61975044082469	4.31214679924028	3.6266364433001	9.48223360133211	27.9650898866827	17.7877385218277	12.2417623792966	16.7164445924025	19.4665658154566	4.86003031625551	6.45937505479258	8.30222048189261	3.1157277081713	6.22346683736685	2.08591272255401	3.58696009312347	4.01225620217331	7.97234560038342	11.2868628749096	22.4671790603368	5.63751910252574	25.6693632738208	14.2816044324174	26.8820294400507	10.5578828893385	17.584120067733	13.1725977027085	5.31078963469135	13.4876229224739	13.1710844789672	3.14606845543866	5.31466749525015	13.3804155056984
DAC.172.1-x1-0	0	0	0	0	0	0	0	0	0	0	0	0	0	0	0	0	0	0	0	0	0	0	0	0	0	0	0	0	0	0	0	0	0.689282806155147	0	0	0	0	0	0	0	0	0
DAC.172.2-x1-0	0	0	0	0	0	0	0	0	0	0	0	0	0	0	0	0	0	0	0	0	0	0	0	0	0	0	0	0	0	0	0	0	0	0	0	0	0	0	0	0	0	0
DAC.174.1-x1-0	0.747066597065369	0	0	0	0	0	0	0	0.686407747486526	0	0	0	0	0	0	0	0	0	0	0	0	0	0	0	0	0	0	0	0	0	0	0	0	0	0	0	0	0	0	0	0	0
DAC.178.1-x1-0	0	0	0	0	0	0	0	0	0	0	0	0	0.526790755629562	0	0	0	0	0	0	0	0	0	0	0	0	0	0.379635504780163	0	0	0.512501736593249	1.97456640567852	0	1.37856561231029	0	0	0	0	0	0	0	0	0
DAC.181.1-x1-0	0	0	0	0	0	0	0	0	0	0	0	0	0	0	0	0	0	0	0	0	0	0	0	0	0	0	0	0	0	0	0	0	0	0	0	0	0	0	0	0	0	0
DAC.181.2-x1-0	0	0	0	0	0	0	0	0	0	0	0	0	0	0	1.07804475889865	0	4.17911114810063	0	0	0	0	0	0	0	0.597826682187244	0	0	0.75245752499397	0	0	0	0	0.689282806155146	0	0	0	0.531078963469135	0	0	0	0	0
DAC.158.1-x1-0	1.49413319413074	0.707846692649623	0	0.768672521205374	0	0	0	0	0	0	0	0	0.526790755629562	0	0.539022379449324	0	0	0	0	0	0	0	0	0	0	0	0	0	0	0	0	0	0	0.879823574111544	0	0	0	0	0.598685658134874	0	0	0
DAC.160.1-x1-0	0	1.41569338529925	0	0	0	0.398367740322224	0	0	5.4912619798922	0	0	0	0	0	0	0	0	0	0	0	0	0	0	0.695304240851338	0	0	0	0	0	0	0	0	0	0	0	0	0	0	0	0	0	0
DAC.160.2-x1-0	3.73533298532684	5.66277354119698	0	0	0	0	0	0	2.05922324245958	3.6999040157018	0	0	0	0	0	0	0	0	0	0	0	0	0	0	0	0	0	0	0	0	0	0	0	0	0	0	0	0	0	0	0	0
DAC.164.1-x1-0	0	0.707846692649623	0	0	0	0	0	0	0	0	0	0	0	0	0	0	0	0	0	0	0	0	0	0	0	0	0	0	0	0	0	0	0	0	0	0	0	0	0	0	0	0
DAC.165.2-x1-0	0	0	0	0	0	0	0	0	2.7456309899461	0	0	0	0	0	0	0	0	0	0	0	0	0	0	4.17182544510803	0	0	0	0	0	4.61251562933924	0.49364160141963	14.2816044324174	0	0	0	0	0	0	0	0	0	0
DAC.165.1-x1-0	0	0	0	0	0	1.5934709612889	0	0	0	0	0	0	9.48223360133211	2.79650898866827	3.77315665614527	3.22151641560436	4.17911114810063	3.36921331421364	0	0	1.50949463307138	2.33679578112847	0	0	1.79348004656173	4.01225620217331	3.0370840382413	3.76228762496985	16.8503842952526	0	0	0	4.82497964308603	4.39911787055772	13.1880900507997	4.19128108722544	6.90402652509876	0	5.38817092321387	3.93258556929833	5.31466749525015	2.00706232585476
DAC.166.5-x1-0	0	0	0	4.61203512723224	0	0	4.59583964710579	0	5.49126197989221	59.9384450543692	0	0	12.6429781351095	0	6.46826855339189	6.44303283120872	0	0	0	6.45937505479258	4.52848389921415	5.45252348929977	0	2.78121696340535	8.96740023280867	4.01225620217331	6.45380358126277	0	0	11.7875399416447	0	19.0421392432232	0	0	0	4.19128108722544	11.683737196321	0	17.3618840859114	8.65168825245632	15.9440024857505	9.36629085398887
DAC.166.1-x1-0	10.4589323589152	0	0	0	0	0	0	0	0	3.6999040157018	0	0	0	0	0	0	0	0	0	0	0	0	0	0	0	0	0	0	0	0	0	0	0	0	0	0	0	0	0	0	0	0
DAC.166.2-x1-0	0	0	0	0	0	0	0	0	0	0	0	0	0	0	0	0	0	0	0	0	0	0	0	0	0	0	0	0	0	0	0	0	0	0	0	0	0	0	0	0	0	0
DAC.166.3-x1-0	0	0	0	0	0	0	0	0	0	0	0	0	0	0	0	0	0	0	0	0	0	0	0	0	0	0	0	0	0	0	0	0	0	0	0	0	0	0	0	0	0	0
DAC.166.4-x1-0	22.4119979119611	9.90985369709472	3.77343211704531	0	3.27238420367823	0.796735480644448	0	4.56487388697286	0	16.2795776690879	6.70778390992932	9.06659110825025	3.68753528940693	5.59301797733653	3.23413427669594	2.57721313248349	0	4.49228441895152	11.3400707379295	0	0	0	0	0	3.58696009312347	0	5.69453257170244	6.77211772494573	0	2.56250868296624	8.88554882555334	28.5632088648349	5.51426244924117	3.51929429644618	17.584120067733	5.38878996928985	5.31078963469135	16.1851475069687	0	7.86517113859666	0	4.01412465170951
DAC.169.1-x1-0	0	0	0	0	0	0	0	0	0	0	0	0	0	0	0	0	0	0	0	0	0	0	0	5.5624339268107	0	0	0	0	0	0	0	0	0	0	0	0	0	0	0	0	0	0
DAC.170.1-x1-0	0	0	0	0	0	0	0	0	0.686407747486526	0	0	0	0	0	0.539022379449324	0	4.17911114810063	0	0	0	0	0	0	0	0	0	0.379635504780163	0.75245752499397	0	0	0.987283202839261	0	0	0	0	0	0.531078963469136	2.69752458449479	0	0	0	0
DAC.173.1-x1-0	0.747066597065368	0.707846692649623	0	0.768672521205374	0.818096050919558	0.796735480644448	1.83833585884231	1.95637452298837	0	0	0.958254844275617	0.36266364433001	1.58037226688868	0	0.539022379449324	0.644303283120872	0	0.748714069825254	0.810005052709251	0	0	0	0	2.08591272255401	0	0	0	0.75245752499397	0	0.512501736593249	2.46820800709815	0	2.06784841846544	0	0	0.598754441032206	1.59323689040741	2.69752458449479	2.99342829067437	3.14606845543866	10.6293349905003	2.00706232585476
DAC.180.1-x1-0	5.22946617945758	10.6177003897443	0	0	0.818096050919558	0	0	0	4.11844648491915	0	0	0	0	0	1.07804475889865	0	0	0	0	0	0	0	0	0	0	0	0	0	0	0	0	0	0	0	0	0	6.90402652509876	8.09257375348436	1.19737131626975	1.57303422771933	0	0
DAC.182.2-x1-0	60.5123943622948	62.2905089531668	37.7343211704531	53.8070764843762	7.36286445827602	21.9102257177223	45.9583964710579	33.9104917317984	47.3621345765703	50.3186946135445	7.66603875420494	27.5624369690808	0	0	0	0	0	0	0	0	0	0	0	0	0	0	1.89817752390081	0	0	0	0	0	0	0	0	0	0	0	0	0	0	0
DAC.182.1-x1-0	0	0	0	0	0	0	0	0	0	0	0	0	5.79469831192518	0	0	0	0	0	0	0	0	7.78931927042824	0	0	9.56522691499591	0	7.97234560038342	0	0	0	18.2647392525263	0	0	0	0	0	11.683737196321	0	0	15.7303422771933	0	0
DAC.190.1-x1-0	29.8826638826147	14.8647805456421	15.0937284681813	13.8361053816967	17.1800170693107	16.7314450935334	11.0300151530539	7.82549809195347	14.414562697217	14.0596352596669	20.6024791519258	11.9679002628903	3.68753528940693	11.1860359546731	10.7804475889865	9.02024596369221	0	5.98971255860203	16.200101054185	0	9.81171511496399	14.7997066138137	0	15.2966932987294	3.58696009312347	0	6.45380358126277	12.7917779248975	0	6.66252257571223	6.91098241987482	4.76053481080581	7.58211086770661	7.9184121670039	8.7920600338665	5.38878996928985	5.84186859816049	0	4.789485265079	14.157308049474	10.6293349905003	4.01412465170951
DAC.190.2-x1-0	6.72359937358832	16.2804739309413	10.5656099277269	7.68672521205374	8.99905656011514	1.5934709612889	6.4341755059481	9.78187261494184	15.7873781921901	0	9.10342102061836	11.6052366185603	0	0	0	0	0	0	4.86003031625551	25.8375002191703	15.0949463307138	7.01038734338542	31.1173341868342	10.4295636127701	4.78261345749796	12.0367686065199	1.51854201912065	1.50491504998794	0	1.0250034731865	0	0	0	0	0	0	0	0	0	0	0	0
DAC.195.1-x1-0	1.49413319413074	0.707846692649623	0	2.30601756361612	0	0	1.83833585884231	0	0.686407747486526	1.47996160628072	0.958254844275617	0.36266364433001	0	0	1.61706713834797	1.28860656624174	0	0	0	0	0	0	0	0	0.597826682187244	4.01225620217331	0.759271009560326	0	0	1.0250034731865	0	0	1.37856561231029	1.75964714822309	0	2.39501776412882	0	0	1.19737131626975	0.786517113859666	0	0.669020775284919
DAC.198.3-x1-0	0	0	0	0	0	0	0	0	0	0	0	0	3.16074453377737	0	2.69511189724662	0	0	0.374357034912627	0	0	0	0	0	0	0	0	0	0	0	0	0	0	0	0	0	0	0	0	0	0	0	0
DAC.198.2-x1-0	0	0	0	0	0	0	0	0	0	0	0	0	1.58037226688868	0	0	0	0	0	0	0	0	0	0	0	0	0	0	0	0	0	0	0	0	0	0	0	0	0	1.79605697440462	0	0	0
DAC.198.5-x1-0	0	0	0	0	0	0	0	0	0	0	0	0	0	0	0	0	0	0	0	0	0	0	0	0	0	0	0	0	0	0	1.48092480425889	0	0	0	0	0	0	0	0	0	0	1.33804155056984
DAC.198.1-x1-0	0	0	0	0	0	0	0	0	0	0	0	0	0	0	0	0	0	0	0	0	0	0	0	0	0	0	0	0	0	0	0	0	0	0	0	0	0	0	0	0	0	0
DAC.198.4-x1-0	0	0	0	0	0	0	0	0	0	0	0	0	0	0	0	3.22151641560436	0	0.374357034912627	6.48004042167401	6.45937505479258	0	0	0	0	0	0	0	0.75245752499397	0	1.53750520977975	0	0	2.75713122462059	0	0	0	0	0	2.99342829067437	1.57303422771933	0	0
DAC.198.6-x1-0	5.97653277652295	2.12354007794887	1.50937284681813	0.768672521205374	0	1.19510322096667	1.83833585884231	0	2.05922324245958	1.47996160628072	1.91650968855123	1.08799093299003	2.63395377814781	2.79650898866827	0	4.5101229818461	4.17911114810063	5.24099848877678	0	0	0	0	12.4469336747337	0	0	0	1.89817752390081	0	5.6167947650842	0	0	0	0	0.879823574111544	0	1.19750888206441	2.12431585387654	0	0	0	5.31466749525015	0
DAC.192.1-x1-0	11.9530655530459	2.12354007794887	2.26405927022719	0	0	0.398367740322224	1.83833585884231	1.30424968199224	5.4912619798922	0	0.479127422137809	2.53864551031007	3.68753528940693	2.79650898866827	5.39022379449324	7.73163939745046	20.8955557405031	2.24614220947576	15.3900960014758	64.5937505479258	24.1519141291421	24.1468897383276	74.6816020484021	15.2966932987294	7.77174686843418	8.02451240434662	5.69453257170244	13.5442354498915	16.8503842952526	5.12501736593249	11.8473984340711	0	8.27139367386176	12.3175300375616	21.9801500846662	14.3701065847729	7.96618445203703	8.09257375348436	8.38159921388824	10.2247224801757	10.6293349905003	6.69020775284919
DAC.201.2-x1-0	0	0	0	0	0	0	0	0	0	0	0	0	0	0	0	0	0	0	0	0	0	0	0	0	0	0	0	0	0	0	0	0	0	0	0	0	0	0	0	0	0	0
DAC.201.1-x1-0	0	0	0	0	0	0	0	0	0	0	0	0	0	0	0	0	0	0	0	0	0	0	0	0	0	0	0	0	0	0.512501736593249	0	0	0	0	0	0	0	0	0	0	0	0
DAC.201.4-x1-0	2.98826638826147	7.78631361914585	2.26405927022719	3.0746900848215	4.09048025459779	1.99183870161112	3.67667171768463	7.17337325095735	11.6689317072709	5.17986562198253	5.74952906565371	5.07729102062014	1.05358151125912	2.79650898866827	3.23413427669594	5.79872954808785	0	1.87178517456313	1.6200101054185	6.45937505479258	5.28323121574984	3.1157277081713	0	2.08591272255401	0.597826682187245	0	0.759271009560326	2.25737257498191	0	0	0.49364160141963	0	0.689282806155147	1.75964714822309	0	3.59252664619323	1.06215792693827	0	2.3947426325395	0.786517113859666	0	1.33804155056984
DAC.201.3-x1-0	0	0	0	0	0	0.398367740322224	0	0	0	0	0	0	0	0	0	0	0	0	0	0	0	0	0	0	0	0	0	0	0	0	0	0	0	0	0	0	0	0	0	0	0	0
DAC.204.1-x1-0	0.747066597065368	0	0	0	0.818096050919558	1.5934709612889	3.67667171768463	0	0.686407747486526	0.739980803140361	0	0	0.526790755629562	0	0	0.644303283120872	0	1.49742813965051	2.43001515812775	0	0.754747316535692	0.778931927042824	0	1.39060848170268	1.79348004656173	0	0.759271009560326	2.25737257498191	0	1.0250034731865	1.48092480425889	0	0.689282806155147	0	0	0	1.59323689040741	2.69752458449479	1.79605697440462	0	5.31466749525015	0.669020775284919
DAC.209.1-x1-0	0	0	0	0	0	0	0	0	0	0	0	2.53864551031007	0	0	0	0	0	0	0	0	0	0	0	0	0	8.02451240434662	0	0	0	0	16.2901728468478	0	15.8535045415684	0	0	0	0	0	4.19079960694412	0	0	0
DAC.205.1-x1-0	0	0	0	0	0	0	0	0	0	0	0	0	0	0	0	0	0	0	0	0	0	0	0	0	0	0	0	0	0	0	0	0	0	0	0	0	0	0	0	0	0	0
DAC.217.1-x1-0	0	0	0	0	0	0	0	0	0	0	0	0	0	0	0	0	0	0	0	0	0	0	0	0	0	0	0	0	0	0	0	0	0	0	0	0	0	0	0	0	0	0
DAC.217.2-x1-0	0	0.707846692649623	0	0	0	0	0	0	0.686407747486525	0	0	0	0	0	0	0.644303283120872	0	0	0	0	0	0	0	0	0.597826682187244	0	0.379635504780163	0	0	0.512501736593249	0.49364160141963	0	0	0	0	1.19750888206441	0	0	0	2.359551341579	0	0
DAC.226.1-x1-0	0	0	0	0	0	0	0	0	0	0	0	0	0	0	0.539022379449324	0	0	0	0	0	0	0	0	0	0	0	0	0	0	0	0	0	0	0	0	0	0	0	0	0	0	0
DAC.222.1-x1-0	1.49413319413074	0	3.01874569363625	0	0	1.5934709612889	0	1.95637452298837	6.86407747486526	0	0	6.16528195361017	0	0	0	0	0	0	2.43001515812775	12.9187501095852	4.52848389921415	0	0	0	7.77174686843418	0	0	0	11.2335895301684	0	0	0	0	0	8.7920600338665	0	0	0	0	7.07865402473699	0	0
DAC.223.1-x1-0	20.1707981207649	10.6177003897443	6.0374913872725	3.0746900848215	0	6.77225158547781	7.35334343536926	8.47762293294959	14.414562697217	29.5992321256144	4.79127422137809	7.2532728866002	1.58037226688868	5.59301797733653	1.07804475889865	0	4.17911114810063	0.748714069825254	0	0	2.26424194960707	0	0	0	2.98913341093622	0	1.89817752390081	0	0	0	1.48092480425889	0	2.06784841846544	4.39911787055772	17.584120067733	4.79003552825764	4.24863170775308	5.39504916898958	3.59211394880925	3.14606845543866	5.31466749525015	0
DAC.230.1-x1-0	89.6479916478442	79.2788295767577	39.9983804406803	50.7323863995547	45.8133788514953	54.9747481644669	28.4942058120559	57.3869860076588	83.7417451933561	167.975642312862	51.2666341687455	27.5624369690808	64.7952629424361	81.0987606713797	85.1655359529931	105.021435148702	158.806223627824	55.4048411670688	81.8105103236343	83.9718757123036	74.7199843370335	65.4302818715972	168.033604608905	48.6712968595936	53.804401396852	72.2206116391196	33.7875599254345	44.3949939746442	0	47.6626615031721	102.183811493863	119.013370270145	36.5319887262228	81.8235923923736	101.108690389465	57.4804263390917	22.3053164657037	29.6727704294427	17.3618840859114	22.0224791880706	0	24.0847479102571
DAC.234.1-x1-0	4.48239958239221	2.83138677059849	0	0	0.818096050919558	0	0	0	2.7456309899461	11.8396928502458	0	0	4.21432604503649	2.79650898866827	2.69511189724662	0.644303283120872	8.35822229620126	2.24614220947576	10.5300656852203	0	9.81171511496399	6.23145541634259	0	0	2.39130672874898	0	0.379635504780163	0	0	1.53750520977975	0.987283202839261	0	4.82497964308603	1.75964714822309	0	5.38878996928985	11.1526582328518	0	2.3947426325395	3.93258556929833	0	4.68314542699443
DAC.234.2-x1-0	0	0	0	0	0	0	0	0	0	0	0	0	0	0	0	0	0	0	0	0	0	0	0	0	0	0	0	0	0	0	0	0	0	0	0	0	0	0	0	0	0	0
DAC.234.3-x1-0	0	0	0	0	0	0	0	0	0	0	0	0	0	0	0	0	0	0	0	0	0	0	0	0	0	0	0	0	0	0	0	0	0	0	0	0	0	0	0	0	0	0
DAC.237.1-x1-0	6.72359937358832	6.3706202338466	0.754686423409063	3.0746900848215	0.818096050919558	2.39020644193334	2.75750378826347	3.26062420498061	7.55048522235178	25.1593473067723	0.479127422137809	2.90130915464008	7.37507057881386	0	4.85120141504391	0	0	6.36406959351466	0	0	0	0.778931927042824	0	5.5624339268107	1.79348004656173	0	1.13890651434049	0	0	8.20002778549198	2.46820800709815	0	2.06784841846544	3.51929429644618	0	2.39501776412882	5.31078963469135	0	4.789485265079	11.0112395940353	0	4.68314542699443
DAC.246.1-x1-0	0	0	0	0	0	0	0	0	0	0	0	0	0	0	0	0	0	0	0	0	0	0	0	0	0	0	0	0	0	0	0	0	0	0	0	0	0	0	0	0	0	0
DAC.246.2-x1-0	3.73533298532684	1.41569338529925	1.50937284681813	3.0746900848215	2.45428815275867	3.18694192257779	0.919167929421157	2.60849936398449	2.7456309899461	1.47996160628072	2.87476453282685	2.53864551031007	1.05358151125912	0	3.23413427669594	0.644303283120872	0	1.12307110473788	0	0	1.50949463307138	0	0	1.39060848170268	1.79348004656173	0	0.759271009560326	0	0	1.53750520977975	1.48092480425889	4.76053481080581	3.44641403077573	1.75964714822309	0	0.598754441032206	1.59323689040741	0	1.19737131626975	3.14606845543866	5.31466749525015	2.00706232585476
DAC.247.1-x1-0	2.24119979119611	0.707846692649623	0	0	0	0	0	0	0	0.739980803140361	0	0	0	0	0	0	0	0	0	0	0	0	0	0	0	0	0	0	0	0	0	0	0	0	0	0	0	0	0	0	0	0
DAC.240.1-x1-0	0	0	0	0	0	0	0	0	0	0	0	0.36266364433001	0	0	0	0	0	0	0	0	0	0	0	0	0	0	0	0.75245752499397	0	0	0	0	0	0	0	0	0	0	0	0	0	0
DAC.240.2-x1-0	0	0	0	0	0	0	0	0	0	0	0	0	0	0	0	0	0	0	0	0	0	0	0	0	0	0	0	0	0	0	0	0	0	0	0	0	0	0	0	0	0	0
DAC.241.1-x1-0	0	0	0	0	0	0	0	0	0	0	0	0	0	0	0	0	0	0	0	0	0	0	0	0	0	0	0	0	0	0	0	0	0	0	0	0	0	0	0	0	0	0
DAC.242.1-x1-0	0.747066597065368	3.53923346324811	0	0	0	0	0	3.26062420498061	2.7456309899461	1.47996160628072	0.479127422137809	0	21.0716302251825	11.1860359546731	19.4048056601757	16.1075820780218	16.7164445924025	24.7075643042334	0	0	0	1.55786385408565	0	0	1.19565336437449	0	3.79635504780163	0.75245752499397	5.6167947650842	3.07501041955949	0.987283202839261	0	0	0	4.39603001693325	0	0.531078963469135	0	1.79605697440462	1.57303422771933	5.31466749525015	2.67608310113968
DAC.252.1-x1-0	165.848784548512	147.939958763771	134.334183366813	154.50317676228	98.171526110347	123.095631759567	124.087670471856	96.5144764674261	166.797082639226	167.235661509722	110.199307091696	122.217648139213	59.0005646305109	86.6917786487163	51.2071260476857	39.3025002703732	37.6120003329056	43.4254160498647	3.240020210837	0	10.5664624314997	3.1157277081713	0	1.39060848170268	0.597826682187244	8.02451240434662	2.65744853346114	6.77211772494573	5.6167947650842	5.12501736593249	5.43005761561593	0	4.13569683693088	4.39911787055772	0	8.38256217445088	1.59323689040741	0	0	0.786517113859666	15.9440024857505	7.35922852813411
DAC.255.1-x1-0	0	1.41569338529925	0	0	0	0	0	0	0	0	0	0	0	0	0	0	0	0	0	0	0	0	0	0	0	0	0	0	0	0	0	0	0	0	0	0	0	0	0	0	0	0
DAC.260.1-x1-0	0	0	0	0	0	0	0	0	0	0	0	0	0	0	0	0	0	0	0	0	0	0	0	0	0	0	0	0	0	0	0	0	0	0	0	0	0	0	0	0	0	0
DAC.251.1-x1-0	56.777061376968	58.0434287972691	3.01874569363625	4.61203512723224	1.63619210183912	5.57714836451113	1.83833585884231	1.30424968199225	21.9650479195688	35.5190785507373	4.31214679924028	5.43995466495015	3.16074453377737	13.9825449433413	0	5.79872954808785	4.17911114810063	1.49742813965051	12.960080843348	19.3781251643777	8.30222048189261	9.34718312451389	6.22346683736685	4.86712968595936	10.1630535971832	0	4.55562605736195	6.77211772494573	0	5.12501736593249	10.3664736298122	4.76053481080581	5.51426244924117	5.27894144466927	4.39603001693325	6.58629885135426	8.49726341550617	2.69752458449479	4.78948526507899	7.86517113859666	5.31466749525015	0.669020775284919
DAC.253.1-x1-0	15.6883985383727	10.6177003897443	6.79217781068157	9.22407025446449	3.27238420367823	5.57714836451114	3.67667171768463	8.47762293294959	5.4912619798922	33.2991361413162	2.39563711068904	3.98930008763011	18.4376764470347	33.5581078640192	11.3194699684358	16.7518853611427	20.8955557405031	11.9794251172041	24.3001515812775	19.3781251643778	15.0949463307138	18.6943662490278	37.3408010242011	13.9060848170268	11.3587069615576	8.02451240434662	15.9446912007668	21.0688106998312	44.9343581206736	8.20002778549198	9.87283202839261	23.8026740540291	19.9892013784993	17.5964714822309	61.5444202370655	20.357650995095	23.8985533561111	35.0678195984322	19.7566267184509	29.1011332128076	53.1466749525015	18.7325817079777
DAC.263.1-x1-0	0	0	0	0	0	0	0	0	0	77.6979843297379	0	0	65.3220536980656	0	70.6119317078614	38.6581969872523	0	77.4919062269138	147.420919593084	64.5937505479258	227.933689593779	176.038615511678	0	369.20655189206	0	116.355429863026	67.575119850869	0	0	150.675510558415	21.2265888610441	0	89.6067648001691	56.3087087431388	96.7126603725315	146.096083611858	0	51.252967105401	0	105.393293257195	0	101.022137068023
DAC.263.2-x1-0	0	4.24708015589774	4.52811854045438	7.68672521205374	0	10.3575612483778	0	0	0	0	25.8728807954417	0	0	0	0	0	0	0	0	0	0	0	0	0	89.6740023280867	0	0	72.2359223994211	0	0	32.5803456936956	0	72.3746946462904	0	0	0	0	0	67.0527937111059	0	0	0
DAC.265.3-x1-0	0.747066597065368	0	0	0	0	0	0	0	0	0	0	0	0	0	0	0	0	0	0	0	0	0	0	0	0	0	0	0	0	0	0	0	0	0	0	0	0	0	0	0	0	0
DAC.265.2-x1-0	0	0	0	0	0	0	0	0	0	0	0	0	0	0	0	0	0	0	0	0	0	0	0	0	0	0	0	0	0	0	0	0	0	0	0	0	0	0	0	0	0	0
DAC.265.1-x1-0	0	1.41569338529925	0	0	0	0	0	0	1.37281549497305	0	0	0	0	0	0	0	0	0	0	0	0	0	0	0	0	0	0	0	0	0	0	0	0	0	0	0	0	0	0	0	0	0
DAC.267.1-x1-0	7.47066597065368	4.24708015589774	4.52811854045438	4.61203512723224	2.45428815275868	5.57714836451113	1.83833585884231	1.30424968199225	3.43203873743263	8.13978883454397	3.35389195496466	1.81331822165005	0	0	0	0	0	0	0.810005052709251	0	0	0.778931927042824	0	0	0.597826682187244	0	0	0	0	1.53750520977975	0.987283202839261	0	0	0	0	1.19750888206441	2.12431585387654	0	1.79605697440462	2.359551341579	0	0.669020775284919
DAC.269.1-x1-0	2.98826638826147	4.95492684854736	0.754686423409063	0.768672521205374	0.818096050919558	0	0	0	4.80485423240568	8.87976963768433	0	0	2.10716302251825	5.59301797733653	2.69511189724662	3.86581969872523	8.35822229620126	1.49742813965051	1.6200101054185	12.9187501095852	2.26424194960707	1.55786385408565	0	1.39060848170268	0	0	0.759271009560326	3.00983009997588	0	0.512501736593249	0.987283202839261	0	0.689282806155147	2.63947072233463	0	1.79626332309662	1.59323689040741	2.69752458449479	0	3.93258556929833	0	1.33804155056984
DAC.272.1-x1-0	0	0	0	0	0	0	0	0	3.43203873743263	0	0	0	2.10716302251825	0	0	0	0	0	0	0	0	0	0	0	0	0	0	0	0	0	4.44277441277667	0	0	0	0	0	0	0	0	0	0	0
DAC.277.1-x1-0	0	0	0	0	0	0	0	0	4.11844648491915	0	1.91650968855123	0.72532728866002	0	5.59301797733653	0	0	0	0	0	0	0	0	0	0	0	0	0	0	0	0	0	0	0	0	0	0	0	0	0	0	0	0
DAC.277.2-x1-0	2.24119979119611	0	3.01874569363625	0	0	0	0	0	3.43203873743263	6.65982722826325	0	1.45065457732004	72.1703335212499	64.3197067393701	35.5754770436554	24.4835247585931	62.6866672215094	42.6767019800395	75.3304699019603	129.187501095852	67.9272584882122	91.9139673910533	168.033604608905	43.1088629327829	27.5000273806132	48.1470744260797	36.8246439636758	41.3851638746683	61.7847424159262	23.5750798832894	18.758380853946	71.4080221620871	13.7856561231029	15.8368243340078	26.3761801015995	13.7713521437407	46.7349487852839	56.6480162743905	29.3355972486088	26.7415818712286	0	22.7467063596872
DAC.278.1-x1-0	15.6883985383727	12.7412404676932	24.9046519724991	18.448140508929	15.5438249674716	21.1134902370779	33.0900454591617	28.6934930038294	17.8466014346497	25.8993281099126	24.9146259511661	19.9465004381506	3.68753528940693	2.79650898866827	10.7804475889865	5.15442626496697	29.2537780367044	3.74357034912627	7.29004547438326	6.45937505479258	4.52848389921415	10.1261150515567	0	7.64834664936471	14.3478403724939	12.0367686065199	26.1948498298312	16.5540655498673	5.6167947650842	29.2125989858152	12.8346816369104	14.2816044324174	11.7178077046375	19.356118630454	8.7920600338665	5.38878996928985	7.4351054885679	5.39504916898958	4.78948526507899	12.5842738217547	37.2026724667511	16.725519382123
DAC.279.1-x1-0	1.49413319413074	1.41569338529925	1.50937284681813	0.768672521205374	0	0	0.919167929421157	0	0	0	1.91650968855123	0	2.10716302251825	0	3.77315665614527	1.93290984936262	4.17911114810063	2.24614220947576	0	0	0	0	0	0	0.597826682187244	4.01225620217331	0.379635504780163	0	0	0.512501736593249	0.987283202839261	4.76053481080581	0.689282806155147	1.75964714822309	4.39603001693325	0	2.65539481734568	0	4.19079960694412	0	5.31466749525015	2.00706232585476
DAC.283.1-x1-0	0	0	0	0	0	0	0	0	0.686407747486526	0	0.479127422137809	0.36266364433001	0	0	0	1.28860656624174	0	0	0	0	0	0	0	0	0.597826682187244	0	0	0	0	0	0	0	0	0	0	0	0	0	0	0	0	0
DAC.287.1-x1-0	0	0	0	0	0	0	0	0	0	2.21994240942108	0	0	0	0	0	0	0	0	0	0	0.754747316535692	0	0	0	0	0	0	0	0	0	0	0	0	0	0	0	0	2.69752458449479	0	0	0	0
DAC.287.2-x1-0	1.49413319413074	0	0	0	0	0.398367740322224	0	0	2.7456309899461	0	0	0	1.58037226688868	0	2.69511189724662	0	0	0	0	0	0	0	0	0	0	0	0	0	0	0	0	0	0.689282806155147	0	0	0	0	0	0	0	0	0
DAC.289.1-x1-0	0	0	0	0	0	0	0	0	0	0	0	0	0	0	0	0	0	0	0	0	0	0	0	0	0	0	0	0	0	0	0	0	0	0	0	0	0	0	0	0	0	0
DAC.280.1-x1-0	7.47066597065368	0	5.28280496386344	7.68672521205374	4.09048025459779	0	6.4341755059481	9.12974777394572	0	10.3597312439651	0	2.17598186598006	0	11.1860359546731	0	12.2417623792966	33.432889184805	5.6153555236894	20.2501263177313	12.9187501095852	9.81171511496399	12.4629108326852	0	20.1638229846888	0	0	22.7781302868098	0	11.2335895301684	11.7875399416447	5.43005761561593	0	14.4749389292581	16.7166479081193	48.3563301862657	19.7588965540628	0	29.6727704294427	0	0	26.5733374762508	12.7113947304135
DAC.280.2-x1-0	4.48239958239221	18.4040140088902	1.50937284681813	11.5300878180806	0	1.19510322096667	1.83833585884231	1.30424968199225	8.92330071732483	1.47996160628072	8.62429359848056	8.34126381959023	5.79469831192518	5.59301797733653	3.77315665614527	4.5101229818461	0	7.11278366333991	0	0	6.79272584882122	0	18.6704005121005	1.39060848170268	4.78261345749796	0	2.65744853346114	10.5344053499156	0	6.15002083911898	6.91098241987482	33.3237436756407	9.64995928617205	5.27894144466927	0	2.99377220516103	14.3391320136667	0	7.78291355575337	11.0112395940353	10.6293349905003	6.02118697756427
DAC.281.2-x1-0	5.97653277652295	12.7412404676932	3.77343211704531	0	0.818096050919558	0.796735480644448	0	2.60849936398449	4.80485423240568	7.39980803140361	2.39563711068904	0.36266364433001	6.8482798231843	5.59301797733653	4.85120141504391	1.28860656624174	0	1.12307110473788	2.43001515812775	6.45937505479258	0	1.55786385408565	0	0	1.79348004656173	0	0.379635504780163	0.75245752499397	0	0	0.49364160141963	0	0	0	4.39603001693325	7.18505329238647	1.06215792693827	5.39504916898958	0	0.786517113859666	0	6.69020775284919
DAC.281.1-x1-0	12.7001321501113	5.66277354119698	1.50937284681813	2.30601756361612	1.63619210183912	0.398367740322224	1.83833585884231	1.95637452298837	6.86407747486526	34.0391169444566	0.958254844275618	1.81331822165005	2.10716302251825	0	0	1.28860656624174	0	2.99485627930102	1.6200101054185	0	1.50949463307138	0	0	1.39060848170268	2.98913341093622	0	1.51854201912065	5.26720267495779	0	2.56250868296624	1.97456640567852	0	2.06784841846544	6.15876501878081	0	2.39501776412882	2.65539481734568	0	5.38817092321387	3.14606845543866	0	2.67608310113968
DAC.282.1-x1-0	0	0	0	0	0	0	0	0	0	0	0	0	0.526790755629562	0	0	0	0	0.748714069825254	0	0	0	0	6.22346683736685	0	0	0	0	2.25737257498191	0	0	15.3028896440085	0	15.1642217354132	15.8368243340078	0	16.7651243489018	0	29.6727704294427	37.1185108043622	23.59551341579	85.0346799240024	75.5993476071959
DAC.284.1-x1-0	0.747066597065368	0	0	0	0	0	0	0	0	0	0	0	0	0	0	0	0	0	0	0	0	0	0	0	0	0	0	0	0	0	0	0	0	0	0	0	0	0	0	0	0	0
DAC.284.2-x1-0	0	0	0.754686423409063	0	1.63619210183912	0	0	0	0	0	0	0	0	0	0	0	0	0	0	0	0	0	0	0	0	0	0	0	0	0	0	0	0	0	4.39603001693325	0	0	0	0	0	0	0.669020775284919
DAC.284.3-x1-0	5.22946617945758	0.707846692649623	0	4.61203512723224	0.818096050919558	1.99183870161112	0.919167929421157	1.30424968199225	1.37281549497305	0.739980803140361	1.43738226641343	1.81331822165005	0	0	0	0	0	2.24614220947576	0	0	0	1.55786385408565	0	0.695304240851338	0	8.02451240434662	0.759271009560326	0	0	0	1.48092480425889	0	0.689282806155147	0	0	0	0.531078963469135	0	2.3947426325395	0	5.31466749525015	1.33804155056984
DAC.290.1-x1-0	5.97653277652295	4.95492684854736	0	1.53734504241075	4.09048025459779	0	0	0	0	16.2795776690879	0	0	0	0	0.539022379449324	2.57721313248349	0	0.748714069825254	0	0	0	3.1157277081713	0	0	0	8.02451240434662	2.27781302868098	0	0	1.0250034731865	2.96184960851778	0	0.689282806155147	0	0	0.598754441032206	1.06215792693827	0	0	1.57303422771933	0	0
DAC.297.3-x1-0	2.98826638826147	0	0	0	0	0.398367740322224	0	0	0	0	0	1.08799093299003	0	5.59301797733653	3.23413427669594	1.93290984936262	0	2.62049924438839	4.86003031625551	0	5.28323121574984	3.89465963521412	0	4.17182544510803	2.39130672874898	0	5.31489706692228	2.25737257498191	0	7.17502431230548	4.9364160141963	9.52106962161162	1.37856561231029	0	4.39603001693325	2.99377220516103	2.65539481734568	5.39504916898958	1.19737131626975	0	5.31466749525015	4.01412465170951
DAC.297.1-x1-0	0	2.12354007794887	0	0	0	0	0	0	0	2.21994240942108	0	0	0	0	0	0	4.17911114810063	0	0	6.45937505479258	0	0	0	0	0	4.01225620217331	0	0	0	0	0	0	0	0	0	0	0	0	0	0	0	0
DAC.297.2-x1-0	0	0	0	0	0	0	0	0	0	0	0	0	0	0	0	0	0	0	0	0	0	0	0	0	0	0	0	0	0	0	0	0	0	0	0	0	0	0	0	3.14606845543866	0	0
DAC.298.1-x1-0	0	0	0	0	0	0	0	0	0	0	0	0	0	0	0	0	0	0	0	0	0	0	0	0	0	0	0	0	0	0	0	0	0	0	0	0	0	0	0	0	0	0
DAC.301.1-x1-0	88.9009250507789	46.7178817148751	0	0	0	13.1461354306334	0	0	13.7281549497305	228.654068170371	0	0	14.7501411576277	8.3895269660048	12.9365371067838	19.3290984936262	0	0	29.160181897533	0	28.6803980283563	0	0	44.4994714144856	206.250205354599	224.686347321705	224.744218829856	247.558525723016	342.624480670136	217.813238052131	155.990746048603	109.492300648534	96.4995928617205	57.1885323172504	0	62.2704618673494	7.96618445203703	0	25.7434832997996	14.157308049474	0	0
DAC.294.1-x1-0	0	0	0	0	0	0	0	0	0	0	0	0	0	0	0	0	0	0.374357034912627	0	0	0	0	0	0	0	0	0	0	0	0	6.41734081845519	14.2816044324174	5.51426244924117	18.4762950563424	30.7722101185327	17.9626332309662	0	0	0	0	0	0
DAC.299.1-x1-0	0	0	0	0	0	0	0	0	0	0	0	0	0	0	0	0	0	0	0	0	0	0	0	0	0	0	0	0	0	0	0	0	0	0	0	0	0	0	0	0	0	0
DAC.300.1-x1-0	0.747066597065368	0	0	0	0	0	1.83833585884231	0	0.686407747486526	0	0	0	0	0	0	0	0	0	0	0	0	0	0	0	0	0	0	0	0	0	0	0	0	0	0	0	0	0	0	0	0	0
DAC.305.1-x1-0	3.73533298532684	0	0	0	0	0	0	0	0	8.87976963768433	0	0.36266364433001	0	0	0.539022379449324	0	0	0	0	0	0	0	0	0	0	0	0	0	0	0	0.49364160141963	0	0.689282806155146	0	0	0.598754441032206	0	0	0	0	0	0
DAC.308.1-x1-0	0	10.6177003897443	17.3577877384084	0	0	0	0	17.6073707068953	0	0	0	0	0	0	0	0	0	0	0	0	0	0	0	0	0	0	0	0	0	0	0	0	0	0	0	0	0	0	0	0	0	0
DAC.308.2-x1-0	28.388530688484	7.07846692649623	33.9608890534078	48.4263688359386	49.903859106093	57.3649546064002	34.0092133885828	50.2136127567014	30.8883486368937	27.3792897161933	58.9326729229505	42.7943100309412	82.7061486338412	114.656868535399	68.4558421900641	121.773320509845	117.015112146818	93.5892587281567	89.1005557980176	116.268750986267	79.2484682362476	111.387265567124	118.24586990997	91.7801597923766	89.6740023280867	144.441223278239	113.890651434049	111.363713699108	112.335895301684	91.7378108501915	69.1098241987482	119.013370270145	79.2675227078419	87.9823574111544	149.46502057573	65.2642340725104	40.3620012236543	72.8331637813593	56.8751375228131	44.0449583761413	74.4053449335021	64.8950152026371
DAC.312.3-x1-0	5.22946617945758	0	0	0	6.54476840735647	7.56898706612225	7.35334343536926	8.4776229329496	10.2961162122979	5.17986562198253	9.58254844275618	5.80261830928016	0	0	8.08533569173986	0	0	4.1179273840389	0	0	0	0	0	0	0	0	0.759271009560326	0	16.8503842952526	1.53750520977975	0	0	0	0	0	0	0	21.5801966759583	0	10.2247224801757	0	2.67608310113968
DAC.312.2-x1-0	17.9295983295688	19.1118607015398	3.01874569363625	6.14938016964299	0	0	0	0	15.1009704447036	11.0997120471054	0	0	6.8482798231843	13.9825449433413	6.46826855339188	5.79872954808785	4.17911114810063	8.61021180299042	0	12.9187501095852	4.52848389921415	0	0	0	0	0	7.2130745908231	5.26720267495779	0	3.58751215615274	5.92369921703556	19.0421392432232	7.58211086770661	9.67805931522699	0	5.38878996928985	8.49726341550617	0	5.98685658134874	0	0	4.01412465170951
DAC.312.1-x1-0	0	0	0	0	0	0	0	0	0	0	0	0	0	0	0	0	0	0.374357034912627	0	0	0	0	0	0	0	0	0	0	0	0	0.49364160141963	0	0.689282806155147	0.879823574111544	0	0.598754441032206	0	0	1.19737131626975	0	0	0
DAC.317.1-x1-0	7.47066597065369	14.1569338529925	3.77343211704531	0	5.72667235643691	7.96735480644448	6.4341755059481	9.12974777394572	10.2961162122979	10.3597312439651	9.10342102061837	6.89060924227019	3.68753528940693	0	3.23413427669594	3.86581969872523	4.17911114810063	0.748714069825254	4.05002526354625	12.9187501095852	13.5854516976424	3.1157277081713	6.22346683736685	2.08591272255401	8.96740023280867	0	4.17599055258179	3.00983009997588	0	4.61251562933924	9.87283202839261	9.52106962161162	5.51426244924117	6.15876501878081	17.584120067733	11.9750888206441	3.18647378081481	2.69752458449479	5.98685658134874	3.14606845543866	0	4.01412465170951
DAC.317.2-x1-0	0	0	0	0.768672521205374	0	0	0	0	0	0	0.479127422137809	0	5.26790755629562	5.59301797733653	3.77315665614527	3.22151641560436	0	0.748714069825254	3.240020210837	0	0	0	0	1.39060848170268	0	0	1.89817752390081	0	11.2335895301684	0	8.88554882555334	0	0	0	0	0	0	0	0	0	0	0
DAC.319.1-x1-0	8.21773256771905	7.07846692649623	0	0	0	0	0	0	3.43203873743263	0	0	0	5.79469831192518	0	1.07804475889865	0.644303283120872	0	1.49742813965051	102.060636641366	103.350000876681	101.890887732318	49.0727114036979	56.0112015363016	52.1478180638503	223.587179138029	208.637322513012	236.133283973261	174.570145798601	129.186279596937	200.900680744553	14.3156064411693	19.0421392432232	34.4641403077573	0	0	0	91.3455817166913	115.993557133276	89.2041630620963	102.247224801757	95.6640149145027	117.747656450146
DAC.309.2-x1-0	0	0	0	0	0	0	0	0	0	0	0	0	0	0	0	0	0	0	0	0	0.754747316535692	0	0	0	0	0	0.379635504780163	0	0	0	0	0	0	0	0	0	0	0	0	0	0	0
DAC.309.1-x1-0	0	0	0.754686423409063	2.30601756361612	4.90857630551735	1.19510322096667	0	3.91274904597674	1.37281549497305	0	2.39563711068904	0.36266364433001	1.05358151125912	0	0.539022379449324	0.644303283120872	4.17911114810063	1.12307110473788	0.810005052709251	0	0	1.55786385408565	0	0	1.19565336437449	0	1.13890651434049	0	0	0	1.48092480425889	0	0.689282806155147	1.75964714822309	4.39603001693325	0.598754441032206	0.531078963469135	0	0.598685658134874	2.359551341579	0	2.67608310113968
DAC.310.1-x1-0	82.9243922742559	77.1552894988089	11.3202963511359	10.7614152968752	12.2714407637934	11.9510322096667	6.4341755059481	11.7382471379302	61.0902895263008	50.3186946135445	8.62429359848056	7.61593653093021	17.3840949357755	8.3895269660048	10.7804475889865	10.308852529934	8.35822229620126	9.7332829077283	10.5300656852203	38.7562503287555	13.5854516976424	14.7997066138137	6.22346683736685	15.2966932987294	12.5543603259321	4.01225620217331	9.87052312428424	14.2966929748854	5.6167947650842	7.68752604889873	11.3537568326515	9.52106962161162	22.7463326031198	19.356118630454	17.584120067733	16.1663699078696	15.4012899406049	18.8826720914635	8.38159921388824	14.9438251633337	26.5733374762508	16.725519382123
DAC.314.1-x1-0	6.72359937358832	9.90985369709472	0	1.53734504241075	1.63619210183912	5.17878062418891	2.75750378826347	2.60849936398449	13.041747202244	10.3597312439651	3.83301937710247	1.81331822165005	12.1161873794799	16.7790539320096	6.46826855339188	20.6177050598679	4.17911114810063	16.8460665710682	0.810005052709251	6.45937505479258	0	0	0	0.695304240851338	1.19565336437449	0	4.55562605736195	4.51474514996382	0	1.53750520977975	10.8601152312319	14.2816044324174	6.20354525539632	5.27894144466927	4.39603001693325	3.59252664619323	9.55942134244444	13.4876229224739	10.1776561882929	3.93258556929833	5.31466749525015	8.69727007870395
DAC.315.1-x1-0	6.72359937358832	8.49416031179547	0	1.53734504241075	0	0.398367740322224	0	0	3.43203873743263	14.7996160628072	0	0.36266364433001	2.63395377814781	5.59301797733653	3.23413427669594	1.93290984936262	8.35822229620125	1.49742813965051	0	0	0	2.33679578112847	0	2.08591272255401	2.98913341093622	0	1.89817752390081	3.00983009997588	0	2.05000694637299	2.96184960851778	0	0	1.75964714822309	0	5.38878996928985	5.31078963469135	0	6.58554223948362	6.29213691087733	10.6293349905003	0
DAC.316.2-x1-0	0	1.41569338529925	0	0.768672521205374	0	0.398367740322224	0	0	1.37281549497305	0.739980803140361	1.43738226641343	0	0.526790755629562	0	1.07804475889865	0	0	0	0	6.45937505479258	0.754747316535692	0	0	0	1.79348004656173	0	0	0	0	0	5.92369921703556	9.52106962161162	0	0	0	0	13.2769740867284	0	16.7631984277765	4.71910268315799	0	0
DAC.316.1-x1-0	0	0	0	0	0	0	0	0	0	0	0	0	0	0	0	0	0	0	0	0	0	0	0	0	0	0	0	0	0	0	0	0	0	0	0	0	0	0	0	0	0	0
DAC.318.1-x1-0	0	0	0	0	0	0	0	0	0	0	0	0	0	0	0	0	0	0	0	0	0	0	0	0	0	0	0	0	0	0	0	0	0	0	0	0	0	0	0	0	0	0
DAC.318.2-x1-0	0	0	0	0	0.818096050919558	0	0	0	0.686407747486526	0	0	0	0	0	0	0	4.17911114810063	0	0	0	0	0.778931927042824	0	0	0	0	0	0	0	0.512501736593249	0	0	3.44641403077573	0	0	1.79626332309662	0	0	0	0	0	0
DAC.320.1-x1-0	2.24119979119611	2.12354007794887	0	0	0	0	0	0.652124840996123	0.686407747486525	0.739980803140361	0.479127422137809	1.08799093299003	0	5.59301797733653	1.61706713834797	0	0	1.87178517456313	0	0	0	1.55786385408565	0	0	0.597826682187244	0	0	0	0	0.512501736593249	1.48092480425889	0	0	0	0	0	2.65539481734568	0	0	1.57303422771933	10.6293349905003	0.669020775284919
DAC.322.1-x1-0	5.22946617945758	0	0	0	4.09048025459779	0	5.51500757652694	4.56487388697286	0	5.17986562198253	0	4.35196373196012	9.48223360133211	0	2.69511189724662	3.22151641560436	4.17911114810063	5.6153555236894	0	0	0	2.33679578112847	0	0	0	0	1.13890651434049	0	5.6167947650842	0	1.48092480425889	0	0	2.63947072233463	4.39603001693325	0	1.59323689040741	10.7900983379792	1.79605697440462	7.86517113859666	0	3.3451038764246
DAC.323.2-x1-0	0	0	0	0	0	1.19510322096667	0	0	0.686407747486525	0	0.479127422137809	0	2.63395377814781	0	3.77315665614527	0.644303283120872	0	0.748714069825254	0	0	0.754747316535692	0.778931927042824	0	0	1.19565336437449	0	0.379635504780163	0	0	0	0.987283202839261	0	2.06784841846544	1.75964714822309	0	2.99377220516103	0	0	0	0	0	0.669020775284919
DAC.323.1-x1-0	0	2.83138677059849	0	0	1.63619210183912	0.796735480644448	1.83833585884231	1.30424968199224	1.37281549497305	0.739980803140361	0	2.17598186598006	2.10716302251825	2.79650898866827	0	0	0	1.49742813965051	1.6200101054185	6.45937505479258	0.754747316535692	4.67359156225695	0	0	1.19565336437449	8.02451240434662	0.759271009560326	0.75245752499397	5.6167947650842	2.05000694637299	1.48092480425889	0	0.689282806155147	0	0	2.39501776412882	1.06215792693827	5.39504916898958	2.3947426325395	0.786517113859666	10.6293349905003	2.67608310113968
DAC.324.1-x1-0	0	0	0	0.768672521205374	0	0	0	0	0.686407747486526	0.739980803140361	0	0	0	0	0	0	0	0	0	0	0	0	0	0	0	0	0	0	0	0	0	0	0	0	0	0	0	0	0	0	0	0
DAC.326.1-x1-0	0	0	1.50937284681813	0	0	0	0	1.30424968199225	0	0	0	1.08799093299003	0	0	0	0.644303283120872	8.35822229620125	0.748714069825254	0.810005052709251	0	1.50949463307138	4.67359156225694	6.22346683736685	1.39060848170268	0	0	0.379635504780163	0.75245752499397	5.6167947650842	0.512501736593249	0	0	0	0.879823574111544	0	0.598754441032206	0	0	0	1.57303422771933	0	0
DAC.327.1-x1-0	0	0	0	0	0	0	0	0	0.686407747486525	0	0	0.36266364433001	0	0	0	0	0	0.374357034912627	0.810005052709251	0	1.50949463307138	1.55786385408565	0	1.39060848170268	0	0	0.759271009560326	0	0	1.0250034731865	1.48092480425889	0	2.75713122462059	1.75964714822309	0	1.79626332309662	2.65539481734568	0	5.38817092321387	2.359551341579	0	1.33804155056984
DAC.329.1-x1-0	0.747066597065368	0.707846692649623	0	0	0	0	0	0.652124840996122	0	0	0	0	1.58037226688868	8.3895269660048	0	0.644303283120872	0	0	0	0	0	0	0	0	0	0	0	0	0	0.512501736593249	0	0	0	0	0	0	2.65539481734568	0	0	0.786517113859666	0	0
DAC.334.1-x1-0	0	0	1.50937284681813	0	0	0	0	0	1.37281549497305	0	0	0	0	0	0	1.28860656624174	0	0.374357034912627	2.43001515812775	6.45937505479258	0.754747316535692	0.778931927042824	0	2.78121696340535	1.79348004656173	8.02451240434662	3.41671954302147	0	0	0.512501736593249	2.96184960851778	4.76053481080581	0	0	0	1.79626332309662	0.531078963469135	0	1.79605697440462	0.786517113859666	21.2586699810006	1.33804155056984
DAC.334.2-x1-0	13.4471987471766	16.9883206235909	23.3952791256809	6.91805269084837	6.54476840735647	5.57714836451113	7.35334343536926	9.12974777394571	10.2961162122979	0	11.9781855534452	13.7812184845404	0	0	0	0	0	0	0	0	1.50949463307138	0	0	0	0	0	0	3.00983009997588	0	0.512501736593249	0	0	0	0	0	0	0	0	0	0	0	0
DAC.335.1-x1-0	0	1.41569338529925	0	0	0.818096050919558	0.796735480644448	0	1.30424968199225	0.686407747486525	1.47996160628072	1.43738226641343	0.72532728866002	0	0	0	0.644303283120872	0	0.374357034912627	0	0	0	0	0	0	0.597826682187244	0	0.379635504780163	0.75245752499397	0	0	0	0	0.689282806155146	0	4.39603001693325	0	0	0	0	0	0	0
DAC.331.1-x1-0	0	0	0	0	0	0	0	0	0	0	0	0	1.58037226688868	16.7790539320096	0	0	0	1.49742813965051	0	0	0	0	0	0	0	0	0	0	0	0.512501736593249	0	0	0	0	0	0	0	0	0	0	0	0
DAC.331.2-x1-0	0	0	0	0	0	0	0.919167929421157	0	0	1.47996160628072	0	0	0	0	0	0	0	0	0	0	0	0	0	0	0	0	0	0	0	0	0	0	0	0	0	0	0	0	0	0	0	0
DAC.331.3-x1-0	5.22946617945758	6.3706202338466	0	0.768672521205374	1.63619210183912	0.796735480644448	0	1.30424968199225	2.7456309899461	0	1.43738226641343	1.08799093299003	4.74111680066605	5.59301797733653	8.62435807118918	11.5974590961757	12.5373334443019	7.11278366333991	4.86003031625551	0	0	4.67359156225695	0	2.08591272255401	0	0	1.13890651434049	2.25737257498191	0	0	2.96184960851778	9.52106962161162	1.37856561231029	4.39911787055772	4.39603001693325	1.79626332309662	2.65539481734568	0	3.59211394880925	0	0	0.669020775284919
DAC.337.2-x1-0	0	2.12354007794887	0.754686423409063	4.61203512723224	2.45428815275867	1.19510322096667	3.67667171768463	4.56487388697286	5.4912619798922	2.95992321256144	2.39563711068904	1.08799093299003	0	0	0	1.28860656624174	0	0	0.810005052709251	0	0	0	0	0.695304240851338	0	0	0.379635504780163	0.75245752499397	0	0	0.49364160141963	0	0	0	0	0	0	0	0	0	0	0
DAC.343.1-x1-0	17.1825317325035	7.78631361914585	0	0	0	0	0.919167929421157	0	0	0	0	0	0	2.79650898866827	0	0	0	0	0	0	0	0	0	0	0	0	0	0.75245752499397	0	0	0	0	0	0	0	0	0	0	0	0	0	0
DAC.344.1-x1-0	0	0	0	0	0	0	0	0	0	0	0	0	0	0	0	0	0	0	0	0	0	0	0	0	0	0	0	0	0	0	0	0	0	0	0	0	0	0	0	0	0	0
DAC.344.2-x1-0	0	0	0	0	0	0	0	0	0	0	0	0	0.526790755629562	0	0	0	0	0	0	0	0	0	0	0	0	0	0.759271009560326	0.75245752499397	0	0	0	0	0	0.879823574111544	0	0	1.06215792693827	0	0.598685658134874	0.786517113859666	0	0.669020775284919
DAC.347.2-x1-0	0	0	0	0	0	0	0	0	0	0	0	0	0	0	0	0	0	0	0	0	0	0	0	0	0	0	0	0	0	0	0	0	0	0	0	0	0	0	0	0	0	0
DAC.347.3-x1-0	0	0	0	0	0	0	0	0	0	0	0	0	0	0	0	0	0	0	0	0	0	0	0	0	0	0	0	0	0	0	0	0	0	0	0	0.598754441032206	0	0	0	0	0	0
DAC.347.1-x1-0	0	0	0	0	0	0	0	0	0	0	0	0	0	0	0	0	0	0	0	0	0	0	0	0	0	0	0	0	0	0	0	0	0	0	0	0	0	0	0	0	0	0
DAC.351.1-x1-0	55.2829281828373	48.841421792824	27.9233976661353	52.2697314419654	38.4505143932192	49.795967540278	30.3325416708982	17.6073707068953	55.5990275464086	25.8993281099126	47.4336147916431	25.7491187474307	4.21432604503649	0	1.61706713834797	1.28860656624174	0	2.62049924438839	0.810005052709251	0	2.26424194960707	4.67359156225694	6.22346683736685	0	0	0	7.97234560038342	3.00983009997588	0	0	11.3537568326515	14.2816044324174	0	0	8.7920600338665	0	4.24863170775308	0	2.3947426325395	0	0	0
DAC.352.1-x1-0	14.9413319413074	11.325547082394	3.77343211704531	6.14938016964299	1.63619210183912	4.78041288386669	0.919167929421157	0	8.92330071732483	19.2395008816494	2.87476453282685	1.81331822165005	10.0090243569617	25.1685808980144	4.85120141504391	14.1746722286592	29.2537780367044	5.98971255860203	3.240020210837	0	6.79272584882122	2.33679578112847	0	3.47652120425669	7.17392018624693	16.0490248086932	9.11125211472391	9.02949029992764	16.8503842952526	11.2750382050515	11.8473984340711	23.8026740540291	13.0963733169478	5.27894144466927	13.1880900507997	11.9750888206441	21.2431585387654	21.5801966759583	14.9671414533719	22.8089963019303	21.2586699810006	23.4157271349722
DAC.355.7-x1-0	0	0	0	0.768672521205374	0	0	0	0	0	0	0	0	2.10716302251825	0	0	0	0	0	0	0	0	0	0	0	0	0	0	0	0	0.512501736593249	0	0	0	0	0	0	0	0	2.3947426325395	0	0	0
DAC.355.2-x1-0	0	0	0	0	0	0	0	0	0	0	0	0	0	0	0	0	0	0	0	0	0	0	0	0	0	0	0	0	0	0	0	33.3237436756407	0	0	0	0	0	0	0	0	0	0
DAC.355.3-x1-0	0	4.24708015589774	0	0	0	0	0	0	0	0	0	0	0	0	0	0	0	0	0	0	0	0	0	0	0	0	0	0	0	0	0	0	0	0	0	0	0	0	0	0	0	0
DAC.355.4-x1-0	0	0	0	0	0	0	0	0	0	0	0	0	0	0	0	0	0	0.374357034912627	0	0	0	0	0	0	0	0	0	0	0	0	0	0	0	0	0	0	0	0	0	0	0	0
DAC.355.5-x1-0	0	0	0	0	0	0	0	0	0	21.4594432910705	0	0	0	0	0	0	0	0	0	0	0	0	0	0	0	0	0	0	0	0	33.0739872951152	0	0	0	0	0	0	0	0	0	0	0
DAC.355.6-x1-0	11.9530655530459	0	0	0	0	0	0	0	4.80485423240568	5.17986562198252	0	0	0	0	0	0	0	0	0	0	0	0	0	0	0	0	0	0	0	0	0	0	37.2212715323779	0	0	0	0	0	0	0	0	0
