GO	[-8.58 -0.94]	[-0.94 -0.51]	[-0.51 -0.21]	[-0.21 0.00]	[0.00 0.00]	[0.00 0.04]	[0.04 0.32]	[0.32 0.58]	[0.58 0.79]	[0.79 1.83]	[1.83 11.56]
TOX4_TARGET_GENES TOX4_TARGET_GENES	-0.270	0.692	2.693	2.693	-7.893	-6.588	5.141	0.846	-2.089	-0.361	-2.097
SGCGSSAAA_E2F1DP2_01 SGCGSSAAA_E2F1DP2_01	-1.043	1.481	2.260	1.722	-7.017	-5.762	2.555	0.706	1.056	0.327	-4.819
RUVBL1_TARGET_GENES RUVBL1_TARGET_GENES	-0.372	5.293	3.404	0.849	-7.476	-0.804	2.458	-0.490	-3.156	-0.804	-2.665
CREB3L2_TARGET_GENES CREB3L2_TARGET_GENES	-0.609	3.208	0.533	3.208	-3.399	-5.394	2.840	0.695	-1.737	0.396	-4.254
SETBP1_TARGET_GENES SETBP1_TARGET_GENES	-0.699	2.575	3.877	0.932	-5.400	-2.797	2.877	0.620	-0.699	-0.421	-5.412
ZZZ3_TARGET_GENES ZZZ3_TARGET_GENES	-1.162	4.560	2.201	1.595	-5.020	-1.505	1.886	1.087	-3.083	-1.162	-2.448
ZBED4_TARGET_GENES ZBED4_TARGET_GENES	0.691	0.424	3.860	1.035	-7.059	-3.413	3.155	1.236	-1.061	-0.843	-2.389
MCM3_TARGET_GENES MCM3_TARGET_GENES	-1.403	3.741	3.741	1.459	-6.509	-2.041	1.932	0.581	-1.403	-0.583	-2.441
GTF3A_TARGET_GENES GTF3A_TARGET_GENES	-1.610	-0.796	-1.143	-0.540	10.258	4.351	-2.251	-0.796	-1.143	-1.610	-0.356
GGAANCGGAANY_UNKNOWN GGAANCGGAANY_UNKNOWN	-0.928	2.689	5.865	1.394	-2.702	-3.481	0.380	0.527	-0.684	-0.492	-4.570
HOXA7_TARGET_GENES HOXA7_TARGET_GENES	0.594	2.076	0.775	3.984	-4.812	-2.285	2.411	-0.417	-2.909	-0.291	-2.916
TMTCGCGANR_UNKNOWN TMTCGCGANR_UNKNOWN	-1.531	1.810	4.446	0.927	-5.644	-2.740	1.560	1.119	-0.990	0.602	-3.295
HOXD11_TARGET_GENES HOXD11_TARGET_GENES	-0.380	3.878	0.583	3.130	-6.101	-3.287	0.742	-0.275	0.445	-0.275	-2.701
ZNF667_TARGET_GENES ZNF667_TARGET_GENES	-0.391	2.742	2.419	2.115	-3.321	-4.043	1.104	1.104	-1.449	-0.902	-2.231
SREBP1_01 SREBP1_01	-0.907	0.382	2.675	1.585	-2.976	-1.400	2.990	1.585	-1.711	0.382	-5.003
ZBTB5_TARGET_GENES ZBTB5_TARGET_GENES	0.409	0.987	3.319	0.987	-5.289	-3.800	1.853	0.309	-1.569	0.987	-1.575
GCGNNANTTCC_UNKNOWN GCGNNANTTCC_UNKNOWN	-0.272	1.218	3.078	3.078	-3.223	-3.223	1.470	-0.272	-0.537	-0.961	-3.231
AAGWWRNYGGC_UNKNOWN AAGWWRNYGGC_UNKNOWN	-0.495	0.662	1.062	1.850	-5.061	-1.185	4.494	1.062	-1.954	-0.903	-1.536
MXD1_TARGET_GENES MXD1_TARGET_GENES	-2.971	2.129	2.426	1.352	-5.253	-1.046	2.426	-0.481	-0.481	0.463	-1.639
DNMT1_TARGET_GENES DNMT1_TARGET_GENES	0.902	4.262	0.737	2.001	-6.076	-1.780	0.902	0.353	-0.957	-1.780	-0.962
YBX3_TARGET_GENES YBX3_TARGET_GENES	0.664	2.076	3.602	0.435	-2.237	-1.430	1.275	-0.348	-2.237	-0.920	-2.241
MYBL1_TARGET_GENES MYBL1_TARGET_GENES	-1.608	2.419	2.703	0.876	-3.709	-2.699	1.234	1.439	-2.286	-0.333	-0.440
GGCNKCCATNK_UNKNOWN GGCNKCCATNK_UNKNOWN	-1.162	-1.162	4.113	2.900	-3.900	-0.884	0.376	1.595	0.263	-0.482	-1.931
ZMYM2_TARGET_GENES ZMYM2_TARGET_GENES	0.446	0.769	3.818	0.446	-4.092	-5.227	0.769	0.321	-0.282	0.321	-0.554
TSHZ1_TARGET_GENES TSHZ1_TARGET_GENES	0.568	0.568	2.437	-0.944	-5.549	-2.911	2.437	1.227	0.706	-0.755	-0.759
E2F_Q2 E2F_Q2	-0.632	1.663	0.326	0.849	-5.214	-3.156	2.757	1.433	-0.372	0.691	-1.532
ZNF547_TARGET_GENES ZNF547_TARGET_GENES	1.016	0.827	2.270	1.226	-6.309	-1.905	1.016	-0.435	0.284	0.284	-1.912
YGCANTGCR_UNKNOWN YGCANTGCR_UNKNOWN	-1.658	-0.760	1.679	-0.760	-2.633	-1.658	1.411	5.082	-1.297	1.166	-0.414
SNACANNNYSYAGA_UNKNOWN SNACANNNYSYAGA_UNKNOWN	-0.641	1.052	1.942	0.441	-2.916	-3.939	2.680	0.301	0.441	0.301	-1.653
KRCTCNNNNMANAGC_UNKNOWN KRCTCNNNNMANAGC_UNKNOWN	0.250	3.151	1.459	0.604	-2.735	-1.853	-0.359	-1.270	-1.853	-0.565	2.225
KCCGNSWTTT_UNKNOWN KCCGNSWTTT_UNKNOWN	-1.188	-1.188	0.406	2.788	-2.037	-2.037	2.072	2.417	-0.650	0.952	-2.043
ZNF532_TARGET_GENES ZNF532_TARGET_GENES	-1.782	3.831	2.807	-0.329	-1.782	-1.210	0.907	-0.810	-0.329	0.440	-1.786
YYCATTCAWW_UNKNOWN YYCATTCAWW_UNKNOWN	-1.484	0.980	-0.494	-0.285	-5.661	-2.138	1.366	1.584	0.317	1.366	0.974
KMCATNNWGGA_UNKNOWN KMCATNNWGGA_UNKNOWN	-0.917	1.579	-0.312	0.290	-3.980	-0.461	3.464	1.900	-1.678	-0.461	-0.661
GGCNRNWCTTYS_UNKNOWN GGCNRNWCTTYS_UNKNOWN	-0.980	1.082	2.415	2.034	-1.866	-3.524	1.367	-0.313	0.290	-0.980	-0.983
IRX2_TARGET_GENES IRX2_TARGET_GENES	-0.398	0.544	1.254	0.859	-4.478	-3.096	3.605	0.310	0.417	-0.292	-0.892
RBM15_TARGET_GENES RBM15_TARGET_GENES	-1.703	0.628	1.198	1.431	-2.602	-3.899	3.270	-0.349	0.258	0.483	-0.480
MCM2_TARGET_GENES MCM2_TARGET_GENES	0.478	2.949	0.971	0.702	-2.569	-0.761	0.478	0.971	-2.569	-0.488	-1.715
ZNF584_TARGET_GENES ZNF584_TARGET_GENES	-0.309	0.783	2.051	2.323	-4.551	-1.944	1.338	0.293	-1.612	0.389	-0.690
NR1D1_TARGET_GENES NR1D1_TARGET_GENES	0.272	1.923	2.242	1.628	-3.862	-0.865	1.357	-1.480	-0.644	-0.468	-1.485
MYC_Q2 MYC_Q2	0.480	1.741	1.741	1.293	-3.931	-2.380	0.370	0.607	0.278	-2.826	0.476
GGAMTNNNNNTCCY_UNKNOWN GGAMTNNNNNTCCY_UNKNOWN	-0.442	1.695	0.736	0.561	-4.895	-1.097	2.676	0.736	-0.442	-0.442	-1.435
GKCGCNNNNNNNTGAYG_UNKNOWN GKCGCNNNNNNNTGAYG_UNKNOWN	-0.470	0.728	2.094	2.094	-2.528	-0.470	1.325	0.316	-0.737	-1.121	-2.532
HOXC13_TARGET_GENES HOXC13_TARGET_GENES	-1.119	2.998	-0.321	1.387	-3.824	-1.455	0.717	-0.455	0.401	1.661	-1.460
DICER1_TARGET_GENES DICER1_TARGET_GENES	2.872	-0.646	2.012	-0.263	-2.901	-1.392	0.998	-0.263	-0.646	0.738	-2.001
AACYNNNNTTCCS_UNKNOWN AACYNNNNTTCCS_UNKNOWN	0.687	2.760	0.508	-0.250	-4.188	-2.396	0.359	-0.250	1.136	0.508	-1.384
MIF1_01 MIF1_01	0.799	3.616	-0.401	-0.401	-4.517	-2.741	0.799	0.799	-0.524	0.648	-0.404
CGTSACG_PAX3_B CGTSACG_PAX3_B	-0.902	-0.527	0.433	1.568	-4.942	-2.224	2.115	0.904	-0.391	1.104	0.317
ZNF669_TARGET_GENES ZNF669_TARGET_GENES	-1.082	1.553	2.129	0.861	-3.435	-2.762	0.519	0.519	0.384	0.861	-1.395
CCGNMNNTNACG_UNKNOWN CCGNMNNTNACG_UNKNOWN	-0.576	0.367	3.201	0.995	-3.275	-1.673	1.278	0.748	-0.244	-0.841	-1.200
GATGKMRGCG_UNKNOWN GATGKMRGCG_UNKNOWN	-0.359	-0.565	1.132	2.231	-2.735	-1.270	1.826	1.459	-1.270	-0.359	-1.273
ZNF133_TARGET_GENES ZNF133_TARGET_GENES	-0.757	1.226	0.827	1.016	-2.337	-5.097	1.226	0.388	1.016	0.388	-0.761
MAZ_Q6 MAZ_Q6	-1.202	0.426	0.426	2.371	-2.968	-3.492	2.101	0.543	-0.483	0.829	-0.280
KDM1B_TARGET_GENES KDM1B_TARGET_GENES	-1.005	0.707	1.438	1.165	-4.147	-0.732	2.812	-0.360	-0.521	0.249	-1.009
ZNF595_TARGET_GENES ZNF595_TARGET_GENES	-0.363	1.528	1.232	0.540	-1.475	-1.996	0.376	1.856	0.376	-0.363	-3.696
HDAC8_TARGET_GENES HDAC8_TARGET_GENES	0.282	1.091	2.840	1.864	-2.185	-1.737	0.282	-0.321	-2.730	0.695	-0.815
THRA_TARGET_GENES THRA_TARGET_GENES	0.543	0.543	1.426	-0.667	-4.521	-2.068	0.393	1.715	0.271	0.928	-0.670
ZBTB1_TARGET_GENES ZBTB1_TARGET_GENES	-0.754	-0.392	0.817	2.501	-2.840	-1.729	2.868	0.628	0.333	-0.551	-1.336
RRCCGTTA_UNKNOWN RRCCGTTA_UNKNOWN	-0.521	2.262	0.390	0.995	-2.656	-1.964	0.995	0.257	0.760	0.558	-2.661
TAXCREB_01 TAXCREB_01	-0.995	-0.579	0.292	1.545	-4.632	-2.004	1.074	1.074	-0.310	1.074	0.868
PR_02 PR_02	-0.901	-0.901	0.977	0.977	-3.577	-2.332	-0.686	0.977	1.983	1.194	0.462
TAAWWATAG_RSRFC4_Q2 TAAWWATAG_RSRFC4_Q2	0.676	0.413	-0.394	-1.339	-4.101	-1.079	0.413	0.676	-0.394	4.574	0.307
PPARGC1A_TARGET_GENES PPARGC1A_TARGET_GENES	0.249	2.071	1.438	0.707	-4.147	-1.353	1.165	-0.360	0.249	-0.360	-1.358
ARHGAP35_TARGET_GENES ARHGAP35_TARGET_GENES	-0.612	1.417	1.998	0.937	-3.786	-2.347	0.736	0.736	-0.612	0.413	-0.831
ACTWSNACTNY_UNKNOWN ACTWSNACTNY_UNKNOWN	-0.312	2.113	0.977	0.762	-3.368	-1.165	2.464	-0.868	0.291	-0.451	-1.543
ACAWNRNSRCGG_UNKNOWN ACAWNRNSRCGG_UNKNOWN	-0.810	-0.526	2.349	0.651	-2.652	-1.210	3.302	0.275	-0.526	0.275	-0.812
SMARCA1_TARGET_GENES SMARCA1_TARGET_GENES	0.464	2.290	-0.265	1.983	-1.869	-1.484	0.612	0.977	-1.869	0.464	-2.339
RPA1_TARGET_GENES RPA1_TARGET_GENES	1.551	0.877	1.551	0.397	-2.320	-2.320	0.233	0.233	-1.500	0.877	-0.624
STAT3_02 STAT3_02	-0.391	-0.391	0.320	-1.449	-2.724	-1.449	-0.391	2.742	-0.527	2.742	1.098
EGR3_01 EGR3_01	-0.426	0.484	-1.769	2.578	-3.399	-0.632	1.477	-0.277	-0.632	0.910	0.325
PBX1_02 PBX1_02	-2.762	-3.435	0.273	-0.331	-0.624	-0.624	0.384	1.553	0.861	1.553	1.293
CHAF1A_TARGET_GENES CHAF1A_TARGET_GENES	-1.276	0.412	0.771	0.576	-4.022	-0.939	2.204	1.542	-0.475	-0.475	0.278
AACWWCAANK_UNKNOWN AACWWCAANK_UNKNOWN	0.760	1.377	0.598	0.598	-4.864	-1.753	-0.266	1.626	-0.666	-0.266	-0.268
ZNF677_TARGET_GENES ZNF677_TARGET_GENES	-0.473	0.505	-0.473	1.044	-4.323	-0.341	3.109	1.044	-0.473	-0.341	-1.107
HSF4_TARGET_GENES HSF4_TARGET_GENES	2.542	1.821	-0.272	-0.272	-0.704	-0.704	1.207	-0.704	-0.704	-0.704	-0.705
PPARA_02 PPARA_02	-0.847	-0.639	1.272	0.264	-2.794	-0.639	0.373	3.490	-0.473	1.522	-1.418
ATF_B ATF_B	-0.976	0.326	0.829	1.609	-3.492	-2.113	0.998	1.847	-0.783	0.678	-0.373
PPARA_TARGET_GENES PPARA_TARGET_GENES	-0.374	1.097	0.389	1.417	-2.776	-0.884	1.417	1.097	-1.889	0.239	-0.886
WWTAAGGC_UNKNOWN WWTAAGGC_UNKNOWN	-0.502	0.457	-0.266	-0.266	-2.663	-3.254	1.150	2.186	1.626	-0.370	-0.372
MCAATNNNNNGCG_UNKNOWN MCAATNNNNNGCG_UNKNOWN	-0.671	0.301	0.636	3.806	-1.834	-2.508	0.636	-0.457	-0.457	1.113	-0.673
BCL6B_TARGET_GENES BCL6B_TARGET_GENES	-0.261	1.534	0.738	1.306	-2.769	-1.553	1.780	0.346	-2.300	0.457	-0.623
TERT_TARGET_GENES TERT_TARGET_GENES	-0.365	0.828	3.575	0.486	-1.982	-0.365	0.645	0.645	-2.505	-0.254	-1.561
CREBP1_01 CREBP1_01	-0.301	0.301	0.399	0.969	-5.326	-1.305	2.082	0.399	-0.301	0.969	-0.404
TFCP2_TARGET_GENES TFCP2_TARGET_GENES	-0.731	0.642	0.642	1.153	-3.067	-2.142	2.200	0.289	-0.314	0.446	-0.490
ZNF777_TARGET_GENES ZNF777_TARGET_GENES	-0.782	-0.471	1.137	-0.270	-1.258	-1.258	1.513	1.938	-0.471	1.137	-2.033
ZNF165_TARGET_GENES ZNF165_TARGET_GENES	-1.224	-0.255	2.281	0.725	-2.361	-1.705	2.281	0.353	-0.595	-0.595	0.518
PCGF6_TARGET_GENES PCGF6_TARGET_GENES	-1.331	0.373	0.790	1.728	-1.925	-1.925	2.119	0.790	-0.909	0.373	-0.608
AP2REP_01 AP2REP_01	-1.850	-0.372	-0.372	0.552	-2.224	-2.657	0.691	2.176	1.433	0.430	0.844
ZNF623_TARGET_GENES ZNF623_TARGET_GENES	0.441	1.052	1.942	0.817	-2.195	-1.225	0.613	-0.446	-0.446	0.817	-2.922
KTGGYRSGAA_UNKNOWN KTGGYRSGAA_UNKNOWN	-0.540	0.254	-0.540	2.046	-1.610	-3.191	1.681	0.578	0.798	0.254	-0.542
PAX8_TARGET_GENES PAX8_TARGET_GENES	-1.004	0.807	3.202	-0.325	-2.582	-1.899	1.052	0.278	-0.325	0.596	-0.491
PAX6_01 PAX6_01	-1.405	-0.385	1.108	-0.385	-3.179	-1.856	-0.260	1.108	0.873	1.373	0.869
GCGSCMNTTT_UNKNOWN GCGSCMNTTT_UNKNOWN	-2.033	0.966	0.328	0.500	-0.985	-0.667	2.366	1.592	-1.423	0.500	-1.426
ZNF704_TARGET_GENES ZNF704_TARGET_GENES	-0.344	2.289	0.627	-0.344	-2.693	-0.834	2.289	-0.344	0.422	-0.546	-1.243
NCX_01 NCX_01	-0.581	-1.442	-0.745	0.920	-4.273	-0.446	1.310	1.533	0.474	1.106	0.360
RACTNNRTTTNC_UNKNOWN RACTNNRTTTNC_UNKNOWN	0.420	1.647	0.301	1.647	-3.329	-2.127	1.141	0.420	0.301	-0.580	-0.781
CCCNNNNNNAAGWT_UNKNOWN CCCNNNNNNAAGWT_UNKNOWN	-0.410	2.243	-0.410	0.323	-3.254	-1.458	2.243	0.462	-0.808	0.462	-0.282
FREAC4_01 FREAC4_01	-0.446	-0.446	-0.446	-0.593	-1.563	-2.365	1.202	2.234	-1.253	1.202	1.671
CCAWYNNGAAR_UNKNOWN CCAWYNNGAAR_UNKNOWN	0.445	2.151	0.742	0.583	-4.007	-1.426	0.329	0.583	0.329	0.583	-1.432
CENPT_TARGET_GENES CENPT_TARGET_GENES	0.326	2.179	1.477	0.910	-2.434	-2.434	-0.426	0.326	-0.910	-0.277	0.325
EGR2_01 EGR2_01	-1.076	0.892	-0.427	0.892	-3.678	-1.313	2.181	0.597	-0.871	0.736	0.731
TTGCWCAAY_CEBPB_02 TTGCWCAAY_CEBPB_02	-1.746	0.459	0.938	1.244	-0.785	-2.610	-0.315	0.938	-1.180	0.938	0.673
PAX5_01 PAX5_01	-0.620	0.259	0.954	0.357	-2.422	-1.028	1.620	2.163	-1.610	1.156	-1.033
RYTGCNNRGNAAC_MIF1_01 RYTGCNNRGNAAC_MIF1_01	0.257	3.078	-0.350	0.558	-2.656	-2.656	-0.350	0.558	0.257	0.558	0.255
ZNF34_TARGET_GENES ZNF34_TARGET_GENES	-0.646	0.738	1.297	-0.421	-0.959	-0.646	0.998	2.012	-1.997	0.738	-2.001
FOXQ1_TARGET_GENES FOXQ1_TARGET_GENES	-0.250	0.940	0.614	0.359	-1.532	-0.860	3.503	-0.476	-0.476	-0.250	-1.535
E2F_01 E2F_01	-0.605	-0.389	2.546	0.560	-1.925	-1.925	1.063	1.376	-0.605	0.373	-0.912
TTTNNANAGCYR_UNKNOWN TTTNNANAGCYR_UNKNOWN	-0.485	2.369	0.644	1.763	-2.827	-1.816	0.362	-0.351	-1.123	0.362	0.488
YWATTWNNRGCT_UNKNOWN YWATTWNNRGCT_UNKNOWN	-0.667	0.713	0.713	-2.033	-0.667	-2.942	-0.275	0.966	0.966	1.260	0.327
HEN1_01 HEN1_01	-2.337	-1.650	-0.264	-0.264	-0.917	-0.737	0.442	2.090	-0.350	3.239	0.439
ETF_Q6 ETF_Q6	-0.612	0.736	0.937	0.937	-1.841	-2.978	1.417	1.417	-0.442	0.291	-1.101
WCTCNATGGY_UNKNOWN WCTCNATGGY_UNKNOWN	-0.651	2.130	0.467	1.440	-3.441	-0.289	0.657	-0.442	-0.651	0.467	-0.936
MCRS1_TARGET_GENES MCRS1_TARGET_GENES	0.320	0.320	1.226	-0.524	-1.615	-0.925	1.226	2.688	-0.925	-0.524	-0.927
HEN1_02 HEN1_02	-1.650	-0.737	1.610	0.559	-2.754	-0.917	0.693	2.090	-0.737	0.559	0.688
CCAWNWWNNNGGC_UNKNOWN CCAWNWWNNNGGC_UNKNOWN	-0.730	-0.338	1.023	0.783	-2.619	-1.418	2.711	0.783	-0.505	0.405	-0.733
GGCKCATGS_UNKNOWN GGCKCATGS_UNKNOWN	-0.605	0.790	-0.240	0.560	-2.818	-0.909	-0.389	3.008	0.560	-0.909	0.371
PHB2_TARGET_GENES PHB2_TARGET_GENES	0.396	1.321	0.944	-0.398	-2.592	-1.025	1.321	-0.658	-2.187	1.534	0.393
CRGAARNNNNCGA_UNKNOWN CRGAARNNNNCGA_UNKNOWN	-0.755	1.565	0.848	0.848	-1.988	-0.755	1.565	-0.451	0.571	-1.224	-0.757
EVI1_01 EVI1_01	-0.662	0.762	-0.662	-0.247	-0.662	-0.247	-0.662	-0.662	-0.247	0.762	3.552
METHYLCYTOSINE_DIOXYGENASE_TET_UNIPROT_A0A023HHK9_UNREVIEWED_TARGET_GENES METHYLCYTOSINE_DIOXYGENASE_TET_UNIPROT_A0A023HHK9_UNREVIEWED_TARGET_GENES	0.920	0.604	1.106	0.753	-1.757	-0.940	0.753	-1.757	0.604	1.106	-2.554
STTTCRNTTT_IRF_Q6 STTTCRNTTT_IRF_Q6	-0.769	0.846	0.692	-0.270	-2.940	-2.485	0.334	0.555	0.436	2.404	0.332
TRIP13_TARGET_GENES TRIP13_TARGET_GENES	-0.659	-0.659	0.594	-0.312	-2.228	-0.659	3.920	0.290	-0.917	1.286	-0.314
COBLL1_TARGET_GENES COBLL1_TARGET_GENES	-0.666	1.896	0.760	-1.111	-1.753	-1.404	3.176	-0.266	0.339	-0.502	-0.372
ATGGYGGA_UNKNOWN ATGGYGGA_UNKNOWN	-0.828	1.028	-0.424	0.312	-1.946	-1.485	2.199	1.028	0.312	1.028	-1.489
TBX1_TARGET_GENES TBX1_TARGET_GENES	0.607	1.508	2.257	0.607	-1.655	-2.826	0.278	0.278	-0.559	0.480	-1.117
YRTCANNRCGC_UNKNOWN YRTCANNRCGC_UNKNOWN	-1.210	1.929	1.206	0.907	-0.810	-1.210	1.929	-0.810	-0.810	-0.810	-0.331
SREBP1_02 SREBP1_02	-0.350	-0.521	0.558	3.078	-2.656	-1.447	-0.350	0.390	-0.350	1.264	-0.352
STN1_TARGET_GENES STN1_TARGET_GENES	0.187	4.918	0.187	0.187	-0.455	-0.455	-0.455	-0.455	-0.455	0.187	-0.456
ZNF622_TARGET_GENES ZNF622_TARGET_GENES	-0.605	-0.240	0.790	0.560	-1.925	-1.925	2.546	0.560	-0.389	0.790	-0.912
CDH4_TARGET_GENES CDH4_TARGET_GENES	0.301	0.636	0.636	0.857	-3.482	-1.834	1.113	0.636	-0.301	0.301	-0.459
YTAATTAA_LHX3_01 YTAATTAA_LHX3_01	0.416	0.813	-0.494	-0.798	-1.484	-2.997	-0.494	1.819	-0.379	0.980	1.576
ZSCAN5C_TARGET_GENES ZSCAN5C_TARGET_GENES	0.339	0.457	0.760	2.186	-2.663	-1.753	0.339	1.150	-0.266	0.339	-1.409
TERF2_TARGET_GENES TERF2_TARGET_GENES	-0.701	0.955	-0.274	0.764	-3.612	-0.920	1.169	0.955	-0.384	1.169	-0.924
GGCNNMSMYNTTG_UNKNOWN GGCNNMSMYNTTG_UNKNOWN	-0.505	-0.327	0.620	3.003	-3.108	-0.505	0.277	0.620	0.429	-0.327	-0.755
RBL1_TARGET_GENES RBL1_TARGET_GENES	-0.755	2.001	0.848	0.848	-1.988	-1.224	1.180	-0.256	-0.451	-0.256	-0.757
GTTNYYNNGGTNA_UNKNOWN GTTNYYNNGGTNA_UNKNOWN	-0.350	-0.521	-0.350	0.995	-1.964	-0.521	0.390	3.078	-1.052	1.264	-1.055
GGGNNTTTCC_NFKB_Q6_01 GGGNNTTTCC_NFKB_Q6_01	0.351	0.351	-1.460	-0.670	-1.144	-1.842	1.730	0.801	-0.362	2.661	-0.364
AHRARNT_02 AHRARNT_02	0.396	-0.621	2.069	-0.621	-0.621	1.385	-0.621	-0.621	-0.621	0.396	0.395
IRF2_01 IRF2_01	0.420	0.563	0.420	-0.301	-3.329	-1.684	0.924	1.141	0.563	0.924	-1.025
MSX1_01 MSX1_01	-0.569	-1.734	1.333	0.372	-1.421	-0.924	-0.924	2.638	0.277	0.277	1.327
DR3_Q4 DR3_Q4	-0.919	-0.292	1.300	1.081	-1.829	-2.252	0.310	1.300	-0.292	1.300	-0.715
