GO	[-5.59 -0.44]	[-0.44 -0.22]	[-0.22 -0.12]	[-0.12 -0.03]	[-0.03 0.00]	[0.00 0.04]	[0.04 0.13]	[0.13 0.26]	[0.26 0.46]	[0.46 0.94]	[0.94 9.50]
RBM10_HEK293_Plass RBM10_HEK293_Plass	-1.406	2.770	2.475	1.935	-1.703	-0.584	2.475	1.056	-1.150	-4.006	-5.515
CF_Im59_HEK293_Plass CF_Im59_HEK293_Plass	0.317	2.927	1.165	2.074	-1.793	-0.286	2.074	0.531	-1.793	-4.138	-4.130
CF_Im68_HEK293_Plass CF_Im68_HEK293_Plass	-0.821	1.884	1.638	0.832	-0.647	-0.382	1.410	1.638	-0.647	-5.262	-3.187
ZC3H7B_HEK293_Plass ZC3H7B_HEK293_Plass	-0.594	3.053	0.676	1.517	-0.784	-2.516	1.273	0.853	0.392	-3.797	-2.030
NOP58_HEK293_Plass NOP58_HEK293_Plass	-0.538	0.991	3.881	0.788	-1.254	-0.273	1.218	0.991	-2.043	-3.228	-2.039
IMP1_HEK293_Plass IMP1_HEK293_Plass	0.340	1.699	1.985	0.464	-1.872	-0.265	1.195	1.436	-1.167	-2.336	-3.577
FMR1_HEK293_Plass FMR1_HEK293_Plass	-1.093	2.225	2.540	-0.258	-1.093	-0.360	1.405	1.405	-0.851	-3.226	-2.140
HNRNPM_K562_POSTAR_eCLIP HNRNPM_K562_POSTAR_eCLIP	-3.134	-0.409	0.841	2.249	-0.543	-3.766	1.457	1.231	0.841	0.301	-1.420
MOV10_HEK293_Plass MOV10_HEK293_Plass	-1.125	3.443	0.255	1.246	-1.819	-0.866	3.443	0.255	-0.656	-1.125	-1.815
DICER1_HEK293_Plass DICER1_HEK293_Plass	0.243	1.638	1.025	1.998	-0.820	-0.820	1.025	0.558	-0.820	-2.290	-3.232
FBL_HEK293_Plass FBL_HEK293_Plass	1.376	1.376	3.507	-0.390	-0.606	-1.927	0.372	0.560	-1.927	-1.332	-1.330
GPKOW_K562_POSTAR_eCLIP GPKOW_K562_POSTAR_eCLIP	-0.408	-0.408	4.506	1.512	-2.217	-0.672	0.766	0.927	-0.408	-2.217	-1.544
C22orf28_HEK293_Plass C22orf28_HEK293_Plass	-0.476	1.543	1.543	1.255	-0.677	-0.940	2.205	0.279	-0.677	-2.264	-2.990
YTHDF2_HeLa_POSTAR_Piranha_0.01 YTHDF2_HeLa_POSTAR_Piranha_0.01	-2.706	2.423	0.463	0.584	-1.612	-2.706	2.423	0.721	-0.437	-0.712	0.587
CPSF-30_HEK293_Plass CPSF-30_HEK293_Plass	0.541	0.384	2.868	-0.506	-0.984	-1.329	2.868	0.728	-0.714	-1.329	-2.327
CPSF1_HEK293_POSTAR_Piranha_0.01 CPSF1_HEK293_POSTAR_Piranha_0.01	-1.281	3.598	0.336	1.753	-2.804	-1.281	1.283	-0.269	-0.269	-0.365	-1.277
AGO2_HEK293_Plass AGO2_HEK293_Plass	0.628	1.688	3.651	0.796	-1.362	-1.362	0.359	0.359	-0.637	-2.117	-1.702
FXR2_HEK293_POSTAR_Piranha_0.01 FXR2_HEK293_POSTAR_Piranha_0.01	-2.065	0.693	1.169	2.903	-0.572	-1.127	1.773	-0.572	0.349	-2.065	-0.810
TIA1_HeLa_POSTAR_CIMS TIA1_HeLa_POSTAR_CIMS	-0.886	0.924	1.127	1.352	-2.698	-2.200	1.352	0.583	1.127	-1.782	-0.513
IMP2_HEK293_Plass IMP2_HEK293_Plass	-0.554	0.865	1.276	1.770	-1.193	-0.554	1.513	1.276	-0.939	-1.858	-2.785
TIA1_HeLa_POSTAR_iCLIP TIA1_HeLa_POSTAR_iCLIP	-0.906	0.675	1.026	1.457	-2.144	-1.756	1.457	0.531	1.457	-2.144	-0.704
ATXN2_HEK293T_POSTAR_Piranha_0.01 ATXN2_HEK293T_POSTAR_Piranha_0.01	-0.762	0.478	-0.301	0.971	-2.571	-2.571	1.641	0.701	0.971	-0.489	0.302
AGO1_HEK293_Plass AGO1_HEK293_Plass	-0.264	1.245	1.245	0.808	-1.584	-0.524	1.781	1.014	-0.710	-2.541	-2.010
TNRC6A_K562_POSTAR_eCLIP TNRC6A_K562_POSTAR_eCLIP	0.785	1.075	0.346	0.346	-1.064	-1.606	0.785	1.075	1.075	-2.446	-1.604
DGCR8_HEK293T_POSTAR_Piranha_0.01 DGCR8_HEK293T_POSTAR_Piranha_0.01	-1.535	0.745	1.145	0.934	-1.209	-0.283	2.880	0.439	0.320	-1.535	-2.391
MOV10_HEK293_POSTAR_Piranha_0.01 MOV10_HEK293_POSTAR_Piranha_0.01	-2.534	-0.291	-0.291	0.805	-0.829	-2.534	2.201	1.028	1.028	-0.829	0.613
IGF2BP1_HEK293_POSTAR_Piranha_0.01 IGF2BP1_HEK293_POSTAR_Piranha_0.01	-2.698	0.924	-0.682	1.598	-1.429	-0.515	3.135	0.583	-0.381	0.329	-1.130
CstF-64tau_HEK293_Plass CstF-64tau_HEK293_Plass	-0.935	0.539	3.952	0.763	-0.626	-1.963	0.357	-0.251	0.763	-0.935	-1.360
DGCR8_HEK293_Plass DGCR8_HEK293_Plass	-0.786	1.244	1.244	0.459	0.288	-0.508	1.983	0.459	-1.181	-1.181	-2.609
IGF2BP2_HEK293_POSTAR_Piranha_0.01 IGF2BP2_HEK293_POSTAR_Piranha_0.01	-1.957	0.500	-0.354	2.163	-1.533	-0.677	3.235	-0.905	0.500	-0.677	0.255
SRRM4_HEK293T_POSTAR_CIMS SRRM4_HEK293T_POSTAR_CIMS	-0.609	2.034	1.248	0.380	-1.657	-1.318	1.029	0.380	0.660	0.274	-3.121
IMP3_HEK293_Plass IMP3_HEK293_Plass	-0.609	1.248	1.248	1.029	-1.318	-0.453	1.488	1.029	-0.609	-1.657	-2.541
U2AF1_K562_POSTAR_eCLIP U2AF1_K562_POSTAR_eCLIP	-0.359	-0.566	0.250	1.459	-1.271	-0.860	2.232	0.846	0.604	-0.359	-2.734
CPSF-160_HEK293_Plass CPSF-160_HEK293_Plass	-0.515	1.598	1.127	1.127	-1.782	-0.515	1.865	0.329	-0.886	-0.515	-2.693
NOP58_HEK293_POSTAR_PAR-CLIP NOP58_HEK293_POSTAR_PAR-CLIP	-3.867	-0.866	0.698	0.892	-1.142	-0.332	1.629	0.892	1.112	-0.469	-0.467
UPF1_HEK_293_FRT_POSTAR_CIMS UPF1_HEK_293_FRT_POSTAR_CIMS	0.472	0.652	-2.131	1.693	-2.131	-0.606	2.030	0.652	0.324	-0.418	-1.173
NKRF_HepG2_POSTAR_eCLIP NKRF_HepG2_POSTAR_eCLIP	-0.810	1.731	-0.301	-2.319	-2.319	-0.597	1.448	1.448	0.577	-0.430	0.428
DGCR8_HEK293T_POSTAR_HITS-CLIP DGCR8_HEK293T_POSTAR_HITS-CLIP	-0.921	1.082	0.884	0.708	-1.173	-0.402	2.384	0.554	0.421	-1.474	-2.754
NOP58_HEK293_POSTAR_PARalyzer NOP58_HEK293_POSTAR_PARalyzer	-3.791	-0.829	0.736	0.736	-1.098	-0.311	1.696	0.736	1.164	-0.443	-0.441
ALKBH5_HEK293_POSTAR_PAR-CLIP ALKBH5_HEK293_POSTAR_PAR-CLIP	-2.652	-0.539	-0.539	1.278	-0.685	-0.317	3.086	1.278	0.377	-1.297	-0.415
YTHDF1_Huh7_POSTAR_PAR-CLIP YTHDF1_Huh7_POSTAR_PAR-CLIP	-1.770	1.390	0.325	1.611	-1.770	-0.484	1.611	0.543	-0.370	-2.118	0.428
LIN28A_HEK293_POSTAR_Piranha_0.01 LIN28A_HEK293_POSTAR_Piranha_0.01	-1.595	0.721	0.270	2.032	-0.668	-1.214	-0.479	2.374	-0.479	0.721	-1.591
IGF2BP1_HepG2_POSTAR_eCLIP IGF2BP1_HepG2_POSTAR_eCLIP	-0.992	-0.537	-0.738	2.200	-2.809	-0.262	1.304	1.304	0.481	-0.738	-0.261
UCHL5_HepG2_POSTAR_eCLIP UCHL5_HepG2_POSTAR_eCLIP	-0.281	1.008	-0.774	0.322	-1.034	-0.774	2.458	1.008	0.322	0.322	-2.873
IGF2BP1_K562_POSTAR_eCLIP IGF2BP1_K562_POSTAR_eCLIP	-1.424	-0.327	0.486	2.345	-2.102	0.618	0.372	2.066	-0.926	-0.570	-0.567
YTHDF1_Huh7_POSTAR_PARalyzer YTHDF1_Huh7_POSTAR_PARalyzer	-1.529	1.665	-0.277	1.665	-1.529	-0.373	1.434	0.430	-0.634	-1.854	0.432
