GO	[-31.63 -1.11]	[-1.11 -0.60]	[-0.60 -0.27]	[-0.27 -0.04]	[-0.04 0.00]	[0.00 0.00]	[0.00 0.00]	[0.00 0.16]	[0.16 0.47]	[0.47 1.11]	[1.11 23.45]
SGCGSSAAA_E2F1DP2_01 SGCGSSAAA_E2F1DP2_01	-1.598	0.327	5.957	7.867	-1.948	-7.019	-4.810	-0.828	3.195	0.434	-4.024
TMTCGCGANR_UNKNOWN TMTCGCGANR_UNKNOWN	-1.874	-0.463	1.808	5.703	-1.532	-6.894	-6.894	2.362	4.054	0.601	-3.278
ZBED4_TARGET_GENES ZBED4_TARGET_GENES	-1.973	0.547	5.032	3.857	-0.661	-5.802	-7.060	1.949	0.547	0.423	-1.966
MCM3_TARGET_GENES MCM3_TARGET_GENES	-1.148	-0.452	1.247	3.072	-0.929	-3.401	-6.511	3.397	4.848	0.262	-3.988
E2F_Q2 E2F_Q2	-0.633	0.848	0.551	4.111	-3.158	-3.737	-5.216	0.551	7.061	-0.277	-1.844
MIR6768_5P MIR6768_5P	-0.872	-0.427	-0.427	1.684	-2.263	-6.867	-5.010	2.178	5.157	1.064	0.740
MIR142_3P MIR142_3P	-2.098	-0.436	2.061	2.340	-2.519	-5.031	-3.575	0.372	4.753	2.635	-1.148
MIR302A_5P MIR302A_5P	-1.485	0.663	2.068	4.641	-2.139	-4.833	-4.130	0.415	2.620	1.582	-2.531
MIR337_3P MIR337_3P	0.530	0.272	3.334	3.334	-1.898	-4.979	-4.979	0.891	2.240	-1.141	-1.476
DNMT1_TARGET_GENES DNMT1_TARGET_GENES	-1.464	0.261	5.047	1.744	-0.958	-5.105	-4.309	1.084	2.869	0.736	-3.058
GGAANCGGAANY_UNKNOWN GGAANCGGAANY_UNKNOWN	-1.236	0.701	3.073	3.073	-1.620	-2.703	-4.563	3.073	1.135	-0.929	-2.697
MIR504_3P MIR504_3P	-1.729	0.612	1.928	1.403	-1.382	-3.936	-6.019	0.964	4.390	0.964	-1.377
ZNF667_TARGET_GENES ZNF667_TARGET_GENES	-1.450	0.724	7.477	0.433	-1.450	-4.044	-4.943	1.567	0.568	0.903	-1.147
GCATTTG_MIR105 GCATTTG_MIR105	-1.116	-1.689	3.028	1.859	-2.948	-3.511	-2.048	0.509	7.078	-0.703	0.295
GAGCTGG_MIR337 GAGCTGG_MIR337	-0.419	-0.721	1.670	2.210	-3.794	-5.489	-4.553	1.004	1.930	1.206	0.826
MIR548AV_3P MIR548AV_3P	-1.191	0.590	2.272	2.869	-2.149	-6.077	-5.105	0.590	1.286	1.286	0.356
TAATGTG_MIR323 TAATGTG_MIR323	-0.419	0.395	1.670	3.876	-0.555	-3.160	-6.727	-0.555	3.157	0.395	-1.438
GCGNNANTTCC_UNKNOWN GCGNNANTTCC_UNKNOWN	-1.253	0.610	1.469	2.365	-0.726	-4.055	-5.187	0.331	3.872	0.787	-1.603
CGTSACG_PAX3_B CGTSACG_PAX3_B	-0.284	-0.527	2.740	2.417	-1.152	-6.144	-4.044	1.567	1.830	-1.152	0.321
MIR3925_3P MIR3925_3P	0.587	0.907	2.043	4.791	-3.319	-3.319	-3.319	0.457	0.345	1.096	-2.762
IRX2_TARGET_GENES IRX2_TARGET_GENES	0.417	-0.293	-0.692	3.602	-1.729	-5.411	-3.097	3.977	1.253	0.690	-1.118
MIR4768_3P MIR4768_3P	-0.309	-0.309	1.980	1.297	-3.085	-3.617	-3.617	1.980	4.126	-0.309	-1.038
MIR1910_3P MIR1910_3P	0.285	-0.318	3.525	0.285	-2.355	-2.799	-5.402	0.931	3.874	0.491	-0.544
HDAC8_TARGET_GENES HDAC8_TARGET_GENES	-0.812	-0.610	2.838	6.331	-2.186	-4.247	-1.367	0.395	1.090	-0.448	-0.809
MIR4649_3P MIR4649_3P	-0.467	0.826	-0.467	0.991	-2.782	-6.000	-2.782	0.333	3.518	1.583	1.376
ACTWSNACTNY_UNKNOWN ACTWSNACTNY_UNKNOWN	0.419	1.219	0.976	1.490	-1.539	-2.600	-2.600	3.661	1.219	-1.166	-3.362
ZMYM2_TARGET_GENES ZMYM2_TARGET_GENES	-0.982	0.445	1.711	1.711	-0.982	-4.093	-5.229	0.768	1.191	1.711	-0.549
MIR5009_3P MIR5009_3P	2.480	-1.080	1.919	-0.521	-2.888	-4.102	-2.888	0.835	2.480	1.014	-0.291
MIR4481 MIR4481	-0.640	1.794	0.840	-0.473	-1.790	-4.324	-4.324	0.504	2.747	1.794	0.375
MIR6715A_3P MIR6715A_3P	-0.441	-0.751	1.161	2.142	-2.221	-3.223	-3.223	0.787	5.389	0.276	-0.577
MIR6719_3P MIR6719_3P	-0.496	0.661	1.061	1.849	-0.904	-3.940	-3.119	0.500	2.493	1.562	-3.112
MIR6128 MIR6128	-0.375	0.434	2.258	2.553	-3.382	-3.382	-3.382	1.054	1.258	0.870	-1.039
TTGGGAG_MIR150 TTGGGAG_MIR150	-1.101	0.940	0.362	2.546	-2.030	-2.731	-3.732	-0.377	2.957	1.199	-0.375
MIR31_5P MIR31_5P	4.111	-0.553	0.540	1.767	-2.281	-4.116	-3.389	-0.413	1.058	0.410	0.543
MIR5699_5P MIR5699_5P	-0.522	-0.369	3.791	1.609	-1.675	-2.161	-4.646	0.356	2.239	0.356	-0.716
MIR6752_3P MIR6752_3P	-0.637	-1.704	0.795	-0.350	-0.833	-3.189	-3.189	0.795	5.324	2.258	0.259
AACYNNNNTTCCS_UNKNOWN AACYNNNNTTCCS_UNKNOWN	1.135	1.135	1.404	2.027	-1.826	-3.142	-4.189	0.687	1.135	-0.751	-1.024
ZNF133_TARGET_GENES ZNF133_TARGET_GENES	-0.319	0.513	1.015	2.578	-2.338	-3.456	-3.456	0.388	2.268	1.455	-1.228
MIR4679 MIR4679	0.328	-0.506	0.439	3.335	-2.062	-4.407	-2.509	1.534	1.534	-1.085	1.307
MIR1_5P MIR1_5P	0.615	-0.473	2.033	0.289	-1.363	-2.545	-3.525	0.615	2.824	1.366	-1.862
THRA_TARGET_GENES THRA_TARGET_GENES	-0.909	-0.909	1.162	1.714	-0.667	-4.522	-3.444	0.392	1.162	2.029	0.724
MIR148A_5P MIR148A_5P	-1.054	1.217	1.478	0.439	-2.286	-3.711	-2.286	0.439	3.150	1.478	-0.788
ZNF746_TARGET_GENES ZNF746_TARGET_GENES	0.397	1.055	-1.143	1.680	-2.252	-3.192	-2.252	-0.541	3.335	1.055	0.255
MIR6891_3P MIR6891_3P	0.405	-0.566	1.825	0.405	-1.854	-2.736	-2.736	-0.359	4.207	0.846	-0.564
MIR4511 MIR4511	0.505	0.385	1.899	1.899	-1.466	-2.194	-5.528	0.284	2.783	-0.430	-0.565
PPARGC1A_TARGET_GENES PPARGC1A_TARGET_GENES	-0.360	1.437	3.220	2.427	-3.105	-2.363	-2.363	0.524	0.371	-0.360	-1.002
ZNF165_TARGET_GENES ZNF165_TARGET_GENES	-0.864	0.353	0.724	1.555	-1.706	-3.317	-3.317	-0.397	2.280	0.965	0.969
MIR4518 MIR4518	0.651	-0.606	1.384	1.108	-1.591	-2.843	-3.857	2.787	1.108	-0.606	-0.277
MIR6846_5P MIR6846_5P	-0.277	-0.633	0.484	-0.277	-3.400	-0.910	-3.400	-0.277	3.006	0.909	2.184
MIR589_5P MIR589_5P	-1.419	0.576	0.267	1.297	-0.505	-3.608	-3.608	0.782	1.297	1.942	0.268
MIR5193 MIR5193	0.284	-0.557	0.497	-0.318	-4.205	-1.712	-1.712	0.497	6.084	0.631	0.635
MIR4284 MIR4284	-1.284	-0.253	-0.522	3.791	-0.970	-4.646	-1.284	0.664	1.911	0.859	-0.251
GATGKMRGCG_UNKNOWN GATGKMRGCG_UNKNOWN	-0.859	-0.359	-0.359	1.458	-0.566	-2.736	-2.736	1.458	3.662	0.604	-0.857
MIR657 MIR657	-3.026	-2.106	3.137	0.906	-1.038	-0.710	-0.301	1.506	1.862	-0.471	-1.034
TGASTMAGC_NFE2_01 TGASTMAGC_NFE2_01	-0.528	0.386	0.926	0.496	-1.043	-4.229	-3.617	-0.309	0.926	2.516	1.744
MIR299_5P MIR299_5P	-0.920	0.883	0.883	0.554	-0.920	-1.830	-4.982	0.421	3.038	1.299	-0.537
GGGNNTTTCC_NFKB_Q6_01 GGGNNTTTCC_NFKB_Q6_01	0.627	-1.145	-0.362	-0.671	-1.843	-2.303	-2.303	0.351	2.017	2.328	2.668
MIR550B_3P MIR550B_3P	-1.535	0.587	2.338	0.379	-2.362	-2.362	-1.005	0.845	1.502	0.845	-0.643
MIR7854_3P MIR7854_3P	-0.301	0.301	2.154	2.509	-0.848	-1.977	-4.397	0.433	1.001	-0.437	-0.435
MIR6852_3P MIR6852_3P	-0.329	0.500	1.429	2.232	-2.879	-2.366	-2.366	-0.774	2.232	0.500	0.380
MIR18B_3P MIR18B_3P	-0.316	0.286	-0.534	-0.316	-0.864	-1.362	-2.155	-1.362	5.047	1.364	0.723
MIR4286 MIR4286	-0.268	0.337	0.488	0.889	-2.805	-2.096	-2.805	-0.404	2.842	1.138	0.675
ZSCAN5B_TARGET_GENES ZSCAN5B_TARGET_GENES	-0.887	1.515	3.069	0.339	-1.252	-2.398	-2.398	-0.412	1.855	-0.412	0.341
MIR606 MIR606	0.337	0.488	0.889	2.842	-1.562	-1.562	-2.805	0.672	1.419	-2.096	0.338
ZNF532_TARGET_GENES ZNF532_TARGET_GENES	-1.211	0.906	0.906	1.928	-0.810	-2.653	-1.782	2.348	0.651	-0.810	-0.525
BCL6B_TARGET_GENES BCL6B_TARGET_GENES	-0.474	0.345	1.532	2.043	-2.301	-1.899	-2.301	1.305	2.043	-0.261	-1.254
MIR548AY_3P MIR548AY_3P	1.502	0.379	1.150	0.587	-1.005	-2.362	-2.362	-0.399	1.502	0.845	-1.532
MIR4691_3P MIR4691_3P	-0.461	-0.461	2.626	1.024	-0.918	-2.955	-0.918	-1.678	1.577	1.899	-0.656
ZNF677_TARGET_GENES ZNF677_TARGET_GENES	-0.640	-0.341	1.521	3.107	-1.414	-1.414	-2.795	1.521	1.043	-0.473	-0.844
MIR7847_3P MIR7847_3P	2.308	-0.288	1.548	-0.288	-1.454	-1.454	-2.070	-1.454	0.481	1.910	-0.287
MIR4527 MIR4527	-0.626	-0.626	0.763	1.335	-1.962	-1.362	-1.362	1.029	2.064	1.335	-1.358
MIR4638_3P MIR4638_3P	1.004	0.498	1.324	0.498	-1.676	-1.676	-2.528	0.728	1.324	-0.738	-0.286
GGCKCATGS_UNKNOWN GGCKCATGS_UNKNOWN	0.790	0.372	0.790	0.560	-0.390	-1.331	-2.819	1.062	1.727	-0.390	-1.922
ZNF585B_TARGET_GENES ZNF585B_TARGET_GENES	0.432	-0.292	0.945	0.578	-1.659	-1.659	-3.295	0.945	2.284	0.311	0.313
MIR7158_3P MIR7158_3P	0.331	0.331	0.519	1.738	-0.273	-2.487	-2.487	0.519	-0.452	1.367	-0.450
PPARA_TARGET_GENES PPARA_TARGET_GENES	-0.586	0.581	0.817	1.416	-0.374	-1.890	-1.890	0.581	1.775	0.388	-1.886
MIR6819_5P MIR6819_5P	0.419	-0.489	-0.325	-0.489	-0.710	-1.899	-1.391	-0.325	1.643	4.151	-0.324
MIR4717_3P MIR4717_3P	-0.523	0.412	0.823	-0.341	0.412	-3.151	-0.341	-0.775	3.406	0.265	-0.521
CENPT_TARGET_GENES CENPT_TARGET_GENES	0.484	-1.279	1.175	-0.277	-1.279	-1.279	-1.279	-0.633	2.178	1.175	0.681
