GO	[-33.74 -1.14]	[-1.14 -0.67]	[-0.67 -0.44]	[-0.44 -0.19]	[-0.19 0.00]	[0.00 0.00]	[0.00 0.17]	[0.17 0.47]	[0.47 0.91]	[0.91 1.97]	[1.97 11.29]
TMTCGCGANR_UNKNOWN TMTCGCGANR_UNKNOWN	-0.346	0.930	0.930	1.820	1.568	-6.915	3.010	0.757	-1.880	-1.880	-3.322
GKCGCNNNNNNNTGAYG_UNKNOWN GKCGCNNNNNNNTGAYG_UNKNOWN	1.006	1.328	1.328	1.328	2.099	-2.530	-0.738	-0.738	-0.738	-1.677	-2.542
SREBP1_01 SREBP1_01	-0.318	-0.318	0.285	4.066	0.961	-2.988	-0.318	1.594	0.499	-1.717	-3.011
SGCGSSAAA_E2F1DP2_01 SGCGSSAAA_E2F1DP2_01	-0.648	2.571	0.435	1.265	0.875	-4.047	-0.375	1.489	0.435	-2.363	-1.620
GGAANCGGAANY_UNKNOWN GGAANCGGAANY_UNKNOWN	-0.493	1.399	0.907	1.686	1.686	-2.708	-0.685	0.703	-0.493	-0.685	-3.508
SNACANNNYSYAGA_UNKNOWN SNACANNNYSYAGA_UNKNOWN	1.055	-0.897	-1.227	1.055	2.691	-2.199	0.818	0.614	-0.301	-0.301	-2.938
NRSF_01 NRSF_01	-0.475	-1.278	0.773	-2.266	-0.940	1.865	0.577	-2.266	-0.475	1.865	1.533
GCGNNANTTCC_UNKNOWN GCGNNANTTCC_UNKNOWN	0.612	0.332	-0.388	1.222	-0.537	-4.064	1.222	1.222	1.222	-2.045	-0.974
GATA_Q6 GATA_Q6	0.342	-1.657	-1.131	-1.657	-0.739	3.265	0.561	-0.586	-0.586	0.342	2.921
HMEF2_Q6 HMEF2_Q6	-0.594	-1.297	-0.594	-0.320	-1.016	2.077	-1.016	0.678	-1.634	1.789	1.770
GGGNRMNNYCAT_UNKNOWN GGGNRMNNYCAT_UNKNOWN	-0.442	-1.308	0.658	0.885	1.443	-0.652	-0.934	2.531	-0.934	0.468	-1.816
CCANNAGRKGGC_UNKNOWN CCANNAGRKGGC_UNKNOWN	0.894	-0.645	1.115	-1.902	0.700	-1.143	-0.866	-1.483	1.115	-0.332	1.912
