GO	[-2.13 -0.34]	[-0.34 -0.24]	[-0.24 -0.17]	[-0.17 -0.13]	[-0.13 -0.07]	[-0.07 -0.01]	[-0.01 0.04]	[0.04 0.10]	[0.10 0.18]	[0.18 0.32]	[0.32 1.92]
MORF_ANP32B MORF_ANP32B	3.779	3.779	0.294	0.617	0.294	1.081	-1.732	-2.304	-1.732	-1.732	-2.154
MORF_G22P1 MORF_G22P1	3.380	3.380	1.314	-0.248	-0.248	0.539	-2.418	-1.246	-1.743	-1.246	-2.281
MORF_PPP1CA MORF_PPP1CA	5.266	1.130	-0.251	1.130	0.358	-1.065	-0.686	-2.471	-0.686	-2.471	-0.380
MORF_CTBP1 MORF_CTBP1	2.596	2.596	0.295	1.795	0.295	-0.472	-0.307	-2.615	-0.696	-2.615	-1.787
MORF_EIF3S6 MORF_EIF3S6	3.829	2.348	0.460	0.669	0.460	0.295	-2.184	-1.076	-1.542	-1.542	-1.435
GNF2_DAP3 GNF2_DAP3	2.375	1.937	0.629	1.191	0.629	-0.351	-0.561	-1.879	-1.879	-1.879	-1.191
GCM_NPM1 GCM_NPM1	2.634	2.634	-0.482	0.733	-0.292	0.496	-0.760	-0.482	-2.602	-0.760	-1.627
MORF_ERH MORF_ERH	2.800	1.339	0.406	0.966	0.654	-0.399	-1.150	-1.150	-1.150	-1.906	-0.637
GCM_PPP1CC GCM_PPP1CC	2.723	1.139	-0.391	0.450	-0.746	0.755	-1.390	-0.391	-1.390	0.227	-0.699
