GO	[-5.10 -0.83]	[-0.83 -0.54]	[-0.54 -0.31]	[-0.31 -0.14]	[-0.14 0.00]	[0.00 0.11]	[0.11 0.29]	[0.29 0.52]	[0.52 0.71]	[0.71 1.33]	[1.33 7.87]
MORF_DAP3 MORF_DAP3	2.031	5.458	2.301	2.588	0.387	-2.674	-0.680	0.292	-4.316	-2.258	-8.245
MORF_NME2 MORF_NME2	4.356	2.847	1.399	2.518	-0.815	-1.042	0.258	-0.473	-3.613	-3.613	-4.364
MORF_ERH MORF_ERH	3.264	3.264	1.529	1.259	-0.570	-1.043	-0.281	-0.406	-2.280	-2.907	-4.820
GNF2_HPX GNF2_HPX	2.017	-0.692	-2.365	-1.180	-1.504	0.987	-2.365	-1.895	1.455	-0.375	6.628
MORF_PSMC1 MORF_PSMC1	2.184	3.084	1.227	1.033	0.438	-1.471	1.227	-2.131	-1.471	-1.471	-4.856
GNF2_RAN GNF2_RAN	2.010	2.010	0.811	1.343	0.277	-0.491	-0.326	-1.011	-1.402	-1.011	-3.593
MORF_WNT1 MORF_WNT1	2.143	-2.028	-1.554	-1.554	-0.638	0.767	-0.875	-1.176	1.812	0.420	2.501
MORF_LCAT MORF_LCAT	2.090	-0.875	-1.840	-1.455	-0.489	0.492	-0.875	-1.137	1.514	0.492	2.090
MORF_EPHA7 MORF_EPHA7	2.178	-0.988	-1.602	-1.602	-0.420	0.715	-0.570	-1.267	2.178	0.901	0.415
