GO	[-31.63 -1.09]	[-1.09 -0.62]	[-0.62 -0.34]	[-0.34 -0.17]	[-0.17 -0.00]	[-0.00 0.00]	[0.00 0.09]	[0.09 0.26]	[0.26 0.52]	[0.52 1.08]	[1.08 7.74]
SGCGSSAAA_E2F1DP2_01 SGCGSSAAA_E2F1DP2_01	-1.302	-0.276	1.489	6.010	1.732	-4.047	-2.363	-0.497	1.994	-0.648	-4.073
TMTCGCGANR_UNKNOWN TMTCGCGANR_UNKNOWN	-1.880	-0.463	0.356	2.378	1.820	-5.664	-0.607	3.010	1.336	-0.463	-3.322
HMEF2_Q6 HMEF2_Q6	0.524	-2.519	-0.594	-2.037	-3.803	1.278	-0.320	0.524	-0.784	0.678	7.012
ETF_Q6 ETF_Q6	-0.613	1.168	1.168	-0.613	0.291	-2.353	0.939	0.291	3.064	-0.829	-3.815
GGAANCGGAANY_UNKNOWN GGAANCGGAANY_UNKNOWN	-1.238	0.703	0.907	1.399	1.139	-2.708	0.528	1.399	0.261	-1.238	-2.725
CCGNMNNTNACG_UNKNOWN CCGNMNNTNACG_UNKNOWN	-0.382	0.750	-0.243	0.540	0.540	-3.279	-1.198	3.693	0.540	-0.842	-0.850
CRGAARNNNNCGA_UNKNOWN CRGAARNNNNCGA_UNKNOWN	-1.225	-0.256	2.005	0.572	0.849	-1.990	-0.256	1.568	0.352	-0.755	-1.999
GATGKMRGCG_UNKNOWN GATGKMRGCG_UNKNOWN	-0.859	-0.359	-0.359	-1.271	1.830	-2.738	0.848	0.848	1.830	-0.359	-0.571
GATA_Q6 GATA_Q6	1.401	-1.131	-0.920	-2.347	-1.376	1.854	1.200	-1.131	-0.350	1.015	0.999
NRSF_01 NRSF_01	2.212	-0.475	-2.266	-1.710	-0.475	2.587	-0.324	-0.940	-0.324	0.413	0.764
CGGAARNGGCNG_UNKNOWN CGGAARNGGCNG_UNKNOWN	-2.322	1.193	-0.622	0.398	-0.381	-1.501	1.193	1.961	0.233	0.398	-0.984
AACWWCAANK_UNKNOWN AACWWCAANK_UNKNOWN	1.154	1.383	0.599	-0.869	0.762	-3.983	-0.502	1.383	-0.502	-0.502	-0.676
SRF_01 SRF_01	-0.285	-0.285	-1.293	-0.809	-2.073	-0.285	-0.492	1.097	0.522	0.522	2.837
TTTNNANAGCYR_UNKNOWN TTTNNANAGCYR_UNKNOWN	1.025	0.256	-1.126	0.362	-3.516	0.256	-1.126	0.492	0.823	2.065	-0.252
GGCNNMSMYNTTG_UNKNOWN GGCNNMSMYNTTG_UNKNOWN	-1.091	-0.753	0.852	1.430	0.621	-2.181	-0.753	1.774	0.852	-0.505	-0.760
GGGNNTTTCC_NFKB_Q6_01 GGGNNTTTCC_NFKB_Q6_01	0.629	-1.464	-0.885	-0.671	-1.847	-0.671	-0.256	-0.256	0.629	1.738	2.651
