GO	[-6.80 -4.16]	[-4.16 -3.22]	[-3.22 -2.56]	[-2.56 -2.04]	[-2.04 -1.48]	[-1.48 -0.60]	[-0.60 1.14]	[1.14 1.97]	[1.97 2.81]	[2.81 4.11]	[4.11 6.75]
MIR3925_3P MIR3925_3P	3.322	-0.302	-0.853	0.300	-1.521	-1.521	-0.620	-2.581	0.433	1.005	2.188
MIR671_5P MIR671_5P	-0.628	1.687	-0.938	-1.969	-1.367	-0.628	1.032	0.539	-1.367	-0.252	3.994
MIR4288 MIR4288	1.268	0.256	-1.974	0.256	-1.454	3.552	-0.753	-1.454	-0.352	0.390	0.769
GCATTTG_MIR105 GCATTTG_MIR105	-0.412	-0.281	0.630	1.602	-0.813	-0.412	0.829	-2.512	-2.512	0.461	1.933
MIR3162_5P MIR3162_5P	-0.336	2.996	0.749	0.476	-1.744	0.749	-0.600	0.268	-0.600	-0.336	-1.736
MIR4473 MIR4473	3.065	-0.579	0.435	-1.435	1.657	-1.435	0.258	-0.923	-0.923	-0.349	0.670
MIR421 MIR421	2.727	-0.386	-2.444	0.346	-0.774	-1.867	0.346	0.668	0.668	1.112	-0.766
MIR6719_3P MIR6719_3P	1.027	0.774	0.381	-1.175	-0.822	-0.369	-1.649	1.318	-2.298	0.381	1.657
MIR4717_3P MIR4717_3P	0.253	-1.059	0.253	-0.355	0.716	-0.625	0.716	-1.786	3.498	0.253	-1.053
MIR208B_3P MIR208B_3P	-0.521	2.797	-0.241	-0.241	1.089	0.371	-0.521	-1.078	0.684	-1.078	-1.074
MIR7158_3P MIR7158_3P	-1.536	-0.862	-0.250	1.334	0.614	0.941	-1.536	-0.862	0.614	-0.477	1.343
MIR3914 MIR3914	-0.219	-0.798	-0.431	-0.431	2.484	0.680	-1.453	1.451	-0.219	-0.219	-1.446
CTCAAGA_MIR526B CTCAAGA_MIR526B	-0.960	-0.550	0.527	-0.550	-0.960	0.301	0.820	2.074	1.597	-1.661	-0.546
MIR4680_5P MIR4680_5P	0.546	-2.036	0.815	-0.472	-0.784	0.815	-0.271	-0.784	-1.262	1.943	0.821
MIR8074 MIR8074	-0.456	1.148	-0.456	-0.456	-0.456	0.187	-0.456	0.187	0.187	-0.456	2.758
