GO	[-5.99 -0.51]	[-0.51 -0.23]	[-0.23 -0.11]	[-0.11 -0.03]	[-0.03 0.00]	[0.00 0.04]	[0.04 0.11]	[0.11 0.19]	[0.19 0.33]	[0.33 0.66]	[0.66 4.24]
MORF_NPM1 MORF_NPM1	-6.759	-1.785	3.921	9.652	1.685	0.293	1.948	-0.309	-1.785	-6.759	-6.799
MORF_G22P1 MORF_G22P1	-5.913	-2.450	0.823	4.982	0.403	1.200	4.574	3.104	-1.366	-7.181	-5.952
MORF_CTBP1 MORF_CTBP1	-5.754	-2.340	1.083	0.447	-0.486	2.618	6.569	4.794	-0.635	-7.012	-5.792
MORF_ACTG1 MORF_ACTG1	-5.751	-0.960	4.002	9.016	1.893	0.428	0.311	-0.291	-1.563	-5.751	-5.784
MORF_DAP3 MORF_DAP3	-4.258	-1.868	2.266	1.310	0.294	0.388	5.342	6.186	-1.868	-4.972	-6.875
GNF2_EIF3S6 GNF2_EIF3S6	-5.038	-0.482	5.071	8.916	1.898	-0.482	0.263	-1.166	-1.933	-3.915	-3.942
GCM_TPT1 GCM_TPT1	-2.001	-1.394	4.434	9.877	1.642	-0.421	-0.263	-2.907	-2.907	-2.907	-2.923
MORF_ANP32B MORF_ANP32B	-5.926	-2.302	1.055	4.043	0.726	1.055	5.179	1.676	-0.891	-5.079	-5.969
MORF_TPT1 MORF_TPT1	-4.242	-0.385	4.010	9.104	1.674	-0.259	-1.052	-0.552	-1.409	-4.242	-4.267
GCM_NPM1 GCM_NPM1	-2.920	-0.417	3.176	7.618	1.224	-0.417	1.487	-0.582	-2.920	-4.828	-4.856
GCM_ACTG1 GCM_ACTG1	-5.163	-0.945	2.426	3.153	2.097	0.343	3.153	-0.263	-0.945	-5.163	-5.193
GNF2_FBL GNF2_FBL	-6.129	-1.135	4.747	5.188	0.330	0.928	2.168	-0.380	-1.787	-4.027	-3.332
MORF_NME2 MORF_NME2	-5.241	-2.434	1.163	6.523	2.182	0.259	2.182	0.778	-0.808	-3.574	-5.276
MORF_RAD21 MORF_RAD21	-4.405	-2.645	0.567	0.710	0.710	0.872	6.759	2.825	-0.269	-3.726	-5.248
GCM_APEX1 GCM_APEX1	-4.745	0.333	3.284	3.702	1.037	0.333	1.281	0.468	-1.735	-4.745	-4.772
GNF2_CCNB2 GNF2_CCNB2	-2.365	-2.365	-1.537	-1.537	-1.006	-1.537	0.847	4.512	8.021	0.589	-2.379
MORF_EIF4A2 MORF_EIF4A2	-5.751	-0.735	2.193	3.600	1.893	-0.291	0.731	1.615	-0.553	-3.701	-5.784
MORF_RAB1A MORF_RAB1A	-2.989	-2.529	1.194	1.194	-0.786	1.400	7.354	2.122	-0.786	-2.529	-5.702
MORF_PPP2CA MORF_PPP2CA	-4.186	-1.691	0.301	0.421	0.421	2.262	3.336	5.061	-0.779	-2.676	-5.362
MORF_RAD23B MORF_RAD23B	-5.097	-3.628	1.545	1.114	0.363	0.476	6.039	1.789	0.476	-2.561	-4.335
GNF2_CDC20 GNF2_CDC20	-2.323	-2.323	-1.502	-1.502	-0.977	-1.502	1.194	3.438	7.402	0.879	-2.337
MORF_HAT1 MORF_HAT1	-2.994	-2.994	0.383	1.156	0.635	0.963	6.167	2.399	-0.425	-2.506	-6.032
MORF_FBL MORF_FBL	-2.493	-2.493	0.696	5.656	0.292	1.826	3.497	0.538	-1.612	-3.773	-3.802
MORF_PSMC1 MORF_PSMC1	-4.794	-2.502	0.558	1.024	-0.270	1.215	5.625	3.032	-0.361	-2.103	-4.832
MORF_RPA2 MORF_RPA2	-3.018	-0.495	2.651	0.818	0.818	-1.800	3.960	3.275	-0.495	-3.547	-5.740
MORF_PRKDC MORF_PRKDC	-6.630	-1.190	1.215	2.153	0.438	1.650	1.215	2.723	0.438	-3.485	-4.832
MORF_PRKAR1A MORF_PRKAR1A	-2.584	-3.881	0.646	0.818	-0.339	0.646	5.925	4.134	-0.818	-2.096	-3.911
MORF_AP3D1 MORF_AP3D1	-2.741	-0.814	1.593	0.885	-0.610	-0.320	4.040	4.474	-0.610	-3.414	-5.446
GNF2_APEX1 GNF2_APEX1	-3.824	-0.834	0.489	1.426	1.740	1.426	5.832	-0.404	-2.812	-2.812	-2.832
GNF2_CCNA2 GNF2_CCNA2	-2.823	-2.823	-1.333	-0.910	-0.910	-0.606	0.792	2.557	6.498	1.735	-2.840
GNF2_ST13 GNF2_ST13	-2.657	-0.527	4.416	7.005	0.275	0.275	0.275	-1.212	-1.212	-2.657	-2.672
GNF2_CDC2 GNF2_CDC2	-2.573	-1.714	-0.762	-2.573	-0.300	-0.762	0.479	1.646	8.796	0.973	-2.588
GNF2_CENPF GNF2_CENPF	-2.573	-2.573	-0.762	-1.714	-0.489	-0.300	0.479	1.288	9.600	0.703	-2.588
GNF2_DAP3 GNF2_DAP3	-3.877	-1.144	2.602	5.142	0.700	1.117	1.637	-0.469	-1.904	-2.420	-3.903
MORF_EIF3S6 MORF_EIF3S6	-3.954	-0.677	1.067	3.256	0.664	1.067	2.513	0.502	-0.496	-5.080	-3.981
MORF_CDC10 MORF_CDC10	-6.087	-0.502	1.387	0.949	0.459	0.459	2.518	3.205	-0.502	-2.179	-4.920
MORF_UBE2N MORF_UBE2N	-2.925	-2.925	-0.301	1.952	0.614	1.623	4.507	0.614	0.302	-3.950	-2.945
GCM_CSNK2B GCM_CSNK2B	-4.117	0.259	2.491	2.884	0.730	0.542	1.199	0.259	-0.506	-4.117	-4.141
MORF_EI24 MORF_EI24	-2.584	-2.096	0.497	1.730	0.266	0.497	1.469	5.451	0.497	-3.170	-4.802
MORF_PPP1CA MORF_PPP1CA	-3.369	-2.815	0.447	1.519	0.337	1.083	5.650	1.519	-0.365	-1.933	-4.054
MORF_CCNI MORF_CCNI	-3.657	-0.751	1.269	4.030	0.559	0.257	1.573	1.573	-1.969	-1.969	-3.679
MORF_ERH MORF_ERH	-2.885	-1.763	0.323	1.012	0.613	1.252	3.229	3.229	-0.567	-3.685	-3.710
MODULE_92 MODULE_92	2.401	-1.478	-1.478	-3.371	1.088	1.308	-3.371	-1.838	-0.541	0.711	5.463
MORF_TERF2IP MORF_TERF2IP	-3.723	-0.582	0.778	0.440	-0.290	0.988	4.016	2.790	-1.057	-1.385	-4.856
GNF2_HPX GNF2_HPX	3.366	-0.264	-1.169	-4.458	0.341	1.709	-2.905	-0.904	-1.877	0.466	4.132
MORF_PPP1CC MORF_PPP1CC	-3.952	-1.244	2.096	2.386	0.356	1.573	1.126	0.932	0.260	-1.883	-5.713
MORF_PTPN11 MORF_PTPN11	-2.642	-2.044	0.407	0.744	0.561	1.466	3.629	0.407	1.466	-2.642	-4.519
GNF2_HMMR GNF2_HMMR	-1.949	-1.949	-0.729	-1.192	-0.729	-1.192	1.228	2.072	5.720	0.885	-1.960
GNF2_KPNB1 GNF2_KPNB1	-3.032	-1.488	-0.471	1.513	0.302	3.154	3.648	0.464	-0.471	-3.032	-2.125
MORF_RAF1 MORF_RAF1	-2.106	-1.239	0.909	0.381	0.261	0.909	6.460	1.141	-0.931	-1.625	-4.604
MORF_RFC4 MORF_RFC4	-3.439	-1.889	1.044	2.326	-0.424	0.850	1.258	2.980	0.400	-1.524	-5.117
GCM_MYST2 GCM_MYST2	-4.910	-1.345	1.022	2.213	-0.676	-0.292	3.146	2.506	-0.395	-0.521	-4.159
MORF_PSMC2 MORF_PSMC2	-2.850	-2.230	0.820	0.468	0.333	0.630	4.604	2.889	-0.552	-1.735	-3.671
MORF_TPR MORF_TPR	-2.707	-0.380	1.608	1.608	-0.682	-0.887	1.360	2.809	0.746	-1.135	-6.164
MORF_LCAT MORF_LCAT	6.166	-0.868	-0.656	-2.283	1.775	-1.127	-3.521	-0.868	-0.868	0.646	2.044
GCM_CBFB GCM_CBFB	-2.907	-0.263	2.435	0.520	0.343	0.520	2.435	1.302	-1.394	-2.907	-2.923
GNF2_HDAC1 GNF2_HDAC1	-2.711	-1.239	0.704	1.401	0.528	1.689	2.342	2.003	-1.239	-2.711	-3.517
GCM_HBP1 GCM_HBP1	-2.907	-1.394	0.343	2.885	-0.961	1.000	3.886	0.739	-0.647	-0.961	-2.923
GNF2_CENPE GNF2_CENPE	-1.700	-1.700	-0.991	-1.700	-0.318	-0.318	0.502	2.002	5.854	0.502	-1.710
GNF2_NPM1 GNF2_NPM1	-2.990	-0.689	2.755	4.258	0.315	0.482	0.482	0.315	-0.689	-2.073	-3.007
MORF_MAP2K7 MORF_MAP2K7	3.399	0.318	-1.885	-2.264	1.651	2.448	-3.207	-3.207	-0.285	-0.285	1.186
GNF2_TPT1 GNF2_TPT1	-1.575	-0.266	2.788	4.781	1.281	-0.500	-0.500	-1.575	-0.893	-1.575	-1.584
MORF_IL9 MORF_IL9	6.317	-0.606	-0.278	-2.850	2.039	-0.606	-2.134	-1.178	-0.855	-0.855	1.681
GNF2_XRCC5 GNF2_XRCC5	-1.550	-2.183	0.277	1.777	-0.327	1.432	0.853	4.008	-0.505	-3.115	-2.198
GCM_PSME1 GCM_PSME1	-2.551	0.290	2.044	0.834	1.372	-0.313	1.372	1.086	-0.691	-3.532	-3.553
GNF2_HPN GNF2_HPN	2.683	-0.499	-1.466	-2.872	0.352	2.033	-2.872	-1.148	-1.466	1.004	3.381
MORF_PRDX3 MORF_PRDX3	-1.365	-1.871	-0.313	0.436	0.834	1.086	1.692	2.044	1.086	-3.532	-3.553
GNF2_RAN GNF2_RAN	-2.588	-2.588	0.420	0.809	0.809	0.420	1.337	3.686	0.420	-1.393	-3.595
MORF_PAPSS1 MORF_PAPSS1	-1.892	-0.791	0.650	0.650	-0.568	0.853	3.496	3.072	-1.075	-1.436	-4.309
CAR_HPX CAR_HPX	1.513	-0.710	-2.110	-2.110	0.909	1.192	-1.488	-1.039	-2.110	0.464	5.277
GNF2_DEK GNF2_DEK	-2.407	-2.407	-0.247	1.115	1.115	2.284	2.284	0.565	-0.668	-2.407	-1.584
GNF2_STAT6 GNF2_STAT6	-3.282	-2.329	-0.382	0.750	-0.243	-2.329	2.346	4.212	0.367	0.367	-0.853
MORF_SP3 MORF_SP3	-2.293	-1.645	0.775	0.775	-0.368	0.382	4.841	2.005	-0.559	-2.293	-2.309
MORF_MAP2K2 MORF_MAP2K2	-1.797	-1.797	1.532	1.808	-0.473	0.844	2.428	1.279	0.264	-2.253	-4.370
MORF_JUND MORF_JUND	-2.657	-0.810	1.552	3.849	1.552	0.441	-0.810	0.652	-0.527	-1.785	-2.672
GNF2_TST GNF2_TST	2.624	-0.280	-1.462	-4.326	-0.810	1.916	-1.462	-0.411	-1.098	0.631	2.988
GCM_RAB10 GCM_RAB10	-2.450	-1.674	2.180	2.180	0.403	0.524	0.524	2.470	-0.533	-0.879	-4.984
GCM_UBE2N GCM_UBE2N	-6.381	0.275	0.275	2.253	-0.328	-0.594	1.440	2.893	-0.328	-0.594	-1.963
GNF2_GLTSCR2 GNF2_GLTSCR2	-1.285	-0.671	1.243	5.089	1.243	-1.285	0.509	-1.285	-0.341	-1.285	-1.292
CAR_IGFBP1 CAR_IGFBP1	1.154	-0.398	-1.537	-1.537	1.154	0.589	-1.537	-1.537	-2.365	0.847	4.482
MODULE_29 MODULE_29	-1.160	-1.160	1.966	3.980	1.434	-1.160	-0.279	-1.160	0.324	-1.160	-1.167
MODULE_62 MODULE_62	-2.700	-0.538	-0.538	1.237	1.535	0.739	0.971	1.865	0.541	-2.700	-3.721
GNF2_LCAT GNF2_LCAT	2.426	-0.376	-1.233	-3.201	0.343	1.791	-2.019	-0.945	-1.587	0.473	3.928
GNF2_PCNA GNF2_PCNA	-2.823	-0.910	-0.239	-0.910	-0.389	-0.239	0.561	1.066	5.842	0.373	-2.840
MORF_DNMT1 MORF_DNMT1	-2.990	-1.847	1.425	2.695	0.738	0.738	0.738	1.170	-0.311	-1.435	-3.826
MORF_CDC16 MORF_CDC16	-3.073	-0.488	1.157	2.210	0.446	3.085	-0.488	0.446	-0.488	-1.519	-3.091
GNF2_MKI67 GNF2_MKI67	-1.160	-1.160	-0.579	-1.160	-1.160	-0.579	0.608	0.980	5.644	0.980	-1.167
MORF_BECN1 MORF_BECN1	-2.539	0.613	1.567	0.448	-0.424	0.312	2.212	2.212	-0.830	-1.489	-4.393
MORF_SART1 MORF_SART1	-2.615	-0.507	-0.314	2.421	0.288	0.940	1.990	1.598	-1.182	-1.749	-2.630
MORF_CUL1 MORF_CUL1	-2.948	-0.437	0.501	0.501	-0.275	-0.275	3.804	2.377	-0.437	-1.425	-2.965
GNF2_TTK GNF2_TTK	-1.617	-1.617	-0.524	-0.925	-0.925	-0.283	0.556	1.660	5.388	0.556	-1.626
GNF2_SMC4L1 GNF2_SMC4L1	-3.490	-0.958	0.302	-0.457	-0.301	0.638	-0.301	2.481	4.335	-0.671	-2.532
MORF_RAB5A MORF_RAB5A	-2.925	-2.925	1.056	0.614	-0.301	0.302	3.110	1.056	1.056	-0.642	-2.945
GCM_PPP1CC GCM_PPP1CC	-2.323	0.233	1.556	1.194	0.613	0.398	2.414	0.398	-1.502	-2.323	-2.337
GCM_MAP4K4 GCM_MAP4K4	-1.345	0.679	-0.395	3.854	-2.008	-1.651	2.818	1.937	-0.521	-1.651	-1.365
MORF_MTA1 MORF_MTA1	-1.357	-1.007	0.525	0.710	-1.007	0.249	5.145	1.750	0.372	-1.801	-3.135
MORF_SMC1L1 MORF_SMC1L1	-2.573	-0.762	0.973	0.973	0.703	2.962	1.288	-0.300	-0.762	-2.573	-1.726
MORF_TERF1 MORF_TERF1	-2.740	0.406	0.849	0.406	0.406	0.605	1.832	2.240	-1.272	-1.857	-2.756
MORF_SNRP70 MORF_SNRP70	-2.573	-0.762	0.973	0.479	0.302	-0.300	1.646	3.476	-0.300	-1.714	-2.588
MORF_RRM1 MORF_RRM1	-2.437	-1.861	0.669	1.674	0.347	0.876	1.674	1.674	0.347	-1.861	-3.211
MODULE_152 MODULE_152	-3.201	-1.233	0.343	0.630	1.019	0.811	1.509	1.791	0.811	-1.233	-4.059
MORF_MBD4 MORF_MBD4	-2.551	-0.982	1.372	0.290	0.290	0.834	3.757	1.372	-0.982	-1.365	-2.569
MODULE_298 MODULE_298	-0.240	-1.077	-1.077	-1.077	2.798	2.798	-1.077	-1.077	-0.520	-0.520	1.571
MODULE_289 MODULE_289	1.251	0.630	-1.587	-3.201	1.509	1.251	-2.547	-1.587	-0.523	0.473	2.399
GNF2_GSTM1 GNF2_GSTM1	2.043	0.393	-1.215	-3.455	0.271	1.169	-1.597	-0.668	-1.597	0.544	3.535
MORF_GMPS MORF_GMPS	-1.397	-0.893	-0.556	0.983	-0.332	0.983	4.952	-0.893	0.983	-1.397	-2.211
MORF_IL4 MORF_IL4	2.651	-0.801	-0.997	-0.634	1.377	2.363	-3.547	-2.556	-0.801	0.987	0.652
GCM_PFN1 GCM_PFN1	-2.115	-0.513	2.278	0.752	0.499	0.302	2.278	0.499	-0.837	-2.115	-2.128
GNF2_RRM1 GNF2_RRM1	-2.663	-0.751	-0.350	-0.350	-0.521	0.391	0.999	1.573	3.549	0.257	-3.679
GNF2_RRM2 GNF2_RRM2	-0.958	-1.658	-0.958	-0.549	-0.958	-0.549	1.598	1.598	3.825	0.528	-1.668
MODULE_180 MODULE_180	0.738	0.563	0.291	-0.830	-1.100	-1.100	-4.912	-0.613	0.414	2.011	3.040
MORF_PPP6C MORF_PPP6C	-2.505	-2.505	0.324	1.058	0.830	0.324	1.916	0.830	1.602	-0.810	-3.287
MODULE_183 MODULE_183	-1.821	-0.344	0.262	1.507	0.628	0.878	1.507	1.507	-0.835	-2.698	-2.714
GCM_RAN GCM_RAN	-3.105	0.626	0.294	1.524	-1.555	-0.845	4.182	2.002	-0.673	-0.673	-1.578
GNF2_ESPL1 GNF2_ESPL1	-0.796	-1.451	-0.796	-0.218	-0.796	-1.451	0.681	1.032	4.466	1.032	-1.459
MODULE_274 MODULE_274	4.497	-0.427	-2.440	-1.281	0.327	0.681	-1.773	-1.773	-0.427	1.180	1.166
MODULE_316 MODULE_316	0.739	1.302	-2.907	-1.394	0.520	-0.263	-1.394	-1.394	-0.961	2.885	1.625
MORF_WNT1 MORF_WNT1	2.858	-0.870	-0.634	-2.608	2.858	-0.870	-2.013	-1.168	-0.311	0.765	1.479
MODULE_239 MODULE_239	-3.095	-0.343	0.682	1.604	-0.661	-0.343	2.216	1.092	0.874	-0.886	-3.942
MODULE_323 MODULE_323	-1.643	-2.490	0.520	0.520	-0.273	-0.452	1.745	3.112	0.520	-0.452	-2.504
GNF2_H2AFX GNF2_H2AFX	-1.285	-1.285	-0.341	-1.285	-0.341	-0.341	0.509	1.243	5.089	0.264	-1.292
GCM_MLL GCM_MLL	-3.531	0.393	1.625	2.740	-0.415	-0.309	0.512	1.178	0.393	-1.121	-3.563
MORF_DEAF1 MORF_DEAF1	-2.365	-0.645	0.380	3.914	-0.398	0.847	0.589	1.154	-0.645	-1.006	-2.379
MORF_CDH4 MORF_CDH4	2.269	-1.190	-1.190	-0.923	1.962	0.960	-2.372	-2.938	0.331	0.453	1.655
GNF2_RBBP6 GNF2_RBBP6	-2.948	0.328	1.598	1.598	0.714	-0.437	1.598	0.714	-1.425	-1.425	-2.052
MORF_RPA1 MORF_RPA1	-2.490	-0.714	0.331	-0.452	1.042	0.331	2.161	2.617	-0.273	-1.093	-2.504
MORF_FLT1 MORF_FLT1	2.687	-0.984	-2.077	-0.984	1.723	2.021	-2.077	-0.984	0.597	-1.279	0.957
MORF_PCNA MORF_PCNA	-1.806	-0.935	1.148	1.445	0.468	1.148	2.962	-0.289	-0.935	-1.806	-2.494
MODULE_146 MODULE_146	1.997	0.493	-1.409	-1.409	0.876	1.113	-1.409	-1.861	-1.409	-0.552	3.524
GNF2_PA2G4 GNF2_PA2G4	-1.677	-0.382	0.367	-0.243	0.540	0.998	2.346	2.346	-1.199	-1.199	-3.301
GNF2_TDG GNF2_TDG	-1.451	-1.451	-0.430	2.484	-0.218	2.484	1.452	-0.218	-0.796	-1.451	-0.803
GCM_ING1 GCM_ING1	-2.782	-0.374	0.239	2.620	-0.374	-0.885	1.783	1.100	0.389	-0.374	-2.798
MORF_EIF4E MORF_EIF4E	-3.532	-0.473	-0.473	0.834	0.290	1.086	1.692	1.372	0.834	-1.365	-2.569
MORF_BAG5 MORF_BAG5	-1.467	-1.467	0.912	0.416	-0.364	0.912	2.482	2.022	-0.600	-2.282	-1.478
GNF2_DNM1 GNF2_DNM1	2.631	1.157	-1.519	-3.073	-0.488	0.289	-0.313	-2.146	-0.313	0.446	1.805
GCM_DDX5 GCM_DDX5	-1.821	-0.546	0.628	0.878	0.628	0.878	1.507	1.172	-0.344	-2.698	-2.714
MODULE_68 MODULE_68	-0.240	-1.077	-1.077	-1.077	2.798	2.798	-1.077	-0.520	-0.520	-0.520	1.082
MORF_RAD54L MORF_RAD54L	-3.265	-0.411	1.602	1.602	-0.280	0.830	0.830	0.631	0.463	-1.462	-3.287
GCM_GSPT1 GCM_GSPT1	-4.021	-0.486	-0.365	3.275	-0.365	-0.635	1.519	1.292	0.447	-0.268	-2.366
GCM_RAF1 GCM_RAF1	-1.783	-0.624	0.254	1.426	1.042	1.042	2.360	-0.624	-0.354	-1.783	-1.793
MODULE_201 MODULE_201	0.783	-0.492	-0.285	-0.492	2.857	-1.294	-2.074	-0.492	-2.074	0.783	1.867
GNF2_SMC2L1 GNF2_SMC2L1	-1.368	-1.368	-0.733	-0.733	-0.385	0.231	0.231	1.581	4.011	0.755	-1.375
MORF_FRK MORF_FRK	3.946	0.528	-0.685	-2.106	2.003	-0.493	-2.711	-0.685	-0.931	0.528	0.519
GNF2_BUB1 GNF2_BUB1	-1.077	-1.077	-1.077	0.372	-0.520	-1.077	1.090	0.372	2.798	1.581	-1.083
GNF2_CDKN1C GNF2_CDKN1C	0.347	-1.119	-1.119	-1.119	-0.260	2.681	-0.260	-0.550	-1.119	-0.260	3.357
GCM_DFFA GCM_DFFA	-2.135	-0.779	0.565	1.948	-0.779	-0.301	2.262	1.948	-0.301	-0.581	-3.369
GNF2_TIMP2 GNF2_TIMP2	0.390	-0.702	-1.908	-1.908	0.390	3.204	-0.702	-1.158	-0.228	0.390	2.124
MORF_PHB MORF_PHB	-2.019	0.473	1.019	1.019	-0.711	-0.711	2.097	2.426	-0.523	-0.945	-3.226
MORF_MAP3K14 MORF_MAP3K14	1.935	-0.645	-1.485	-1.144	3.362	-0.469	-2.420	-0.645	-0.469	-0.332	2.231
GNF2_TYK2 GNF2_TYK2	-1.368	-0.733	0.755	1.132	0.755	-1.368	1.581	1.581	-0.385	-1.368	-1.375
GCM_CALM1 GCM_CALM1	-2.711	-0.493	0.528	1.689	-0.931	-0.685	3.946	1.401	-0.493	-1.239	-0.943
MORF_BUB1 MORF_BUB1	-1.363	-2.157	-0.534	-0.316	0.287	0.287	1.020	2.211	2.211	-0.316	-2.170
GNF2_MYL2 GNF2_MYL2	0.795	-0.702	-0.702	-1.326	2.182	-0.702	-1.326	-0.702	-0.702	0.480	3.415
MORF_ESPL1 MORF_ESPL1	-2.532	-1.678	0.499	0.316	1.329	1.695	0.316	0.499	1.007	-0.470	-2.546
GNF2_ANP32B GNF2_ANP32B	-1.534	-1.534	0.615	0.359	1.335	0.615	2.884	0.359	-0.860	-1.534	-0.867
MORF_EPHA7 MORF_EPHA7	2.811	0.553	-1.255	-1.985	1.585	-0.301	-2.463	-0.566	-1.255	0.416	1.835
GCM_BMPR2 GCM_BMPR2	-3.532	-0.313	1.086	0.834	-0.473	-0.313	2.841	1.372	-1.365	-0.691	-0.993
MODULE_321 MODULE_321	-2.168	-0.720	-0.972	-0.720	-0.972	-0.368	-0.252	-0.252	6.286	1.340	-0.258
GNF2_MMP11 GNF2_MMP11	0.269	-1.024	-1.741	-1.741	0.477	3.603	-0.599	-1.024	0.269	0.477	1.469
MORF_PPP2R5E MORF_PPP2R5E	-1.773	-1.281	1.483	1.180	-0.427	-0.633	2.190	0.913	0.913	-1.281	-2.457
GCM_ZNF198 GCM_ZNF198	-2.325	-0.811	0.301	2.050	-0.811	0.301	2.050	2.384	-0.301	-0.811	-2.346
GNF2_G22P1 GNF2_G22P1	-1.492	-0.828	0.986	-0.234	0.647	0.647	2.985	0.647	-0.828	-1.492	-1.501
GNF2_CKS2 GNF2_CKS2	-2.074	-0.810	-0.285	-0.810	-0.285	-0.285	0.318	1.465	3.411	0.783	-2.086
GNF2_ICAM3 GNF2_ICAM3	-1.617	-1.617	-0.925	-0.283	-0.925	-0.925	1.229	2.150	2.150	0.556	-0.286
MODULE_159 MODULE_159	-2.403	-0.888	0.703	2.240	-1.254	0.503	1.865	1.522	-0.614	-0.614	-1.756
MODULE_400 MODULE_400	2.273	-0.324	-0.787	-0.787	-0.324	0.279	-0.787	-0.787	-0.787	-0.324	3.847
GNF2_RFC4 GNF2_RFC4	-2.490	-0.714	-0.452	0.520	-0.714	0.520	1.372	1.042	2.161	-0.273	-2.504
MORF_RAB11A MORF_RAB11A	-1.064	-1.607	1.078	0.786	-0.260	0.347	2.686	0.542	0.542	-1.607	-2.463
MORF_UBE2A MORF_UBE2A	-1.260	-1.260	0.816	-0.270	-1.260	-0.471	4.112	1.944	-0.270	-0.471	-1.269
MODULE_329 MODULE_329	0.752	-0.300	-0.837	-0.513	1.416	-0.513	-2.115	-0.513	-2.115	1.416	2.260
GNF2_KISS1 GNF2_KISS1	0.334	-0.471	-2.032	-2.032	0.547	2.939	-0.782	-0.782	-0.270	0.334	1.928
GNF2_RAB3A GNF2_RAB3A	3.513	-0.860	-0.476	-1.534	-0.860	0.942	-0.476	-1.534	-0.476	0.615	1.324
GNF2_MSN GNF2_MSN	-0.994	-0.994	-0.462	-0.462	-0.462	-0.462	0.773	6.546	-0.204	-0.462	-0.466
MODULE_91 MODULE_91	-1.534	-0.860	0.359	0.359	-0.250	-0.250	3.513	0.942	0.615	-1.534	-1.543
GNF2_FEN1 GNF2_FEN1	-2.323	-0.381	0.879	-0.622	-0.381	-0.381	0.233	1.556	2.906	0.233	-2.337
MORF_RAB3A MORF_RAB3A	3.035	-0.771	-0.538	-1.078	2.616	-0.771	-2.002	-1.078	-0.538	0.246	1.517
GNF2_NS GNF2_NS	-1.658	-0.958	1.179	1.179	1.179	-0.549	1.179	0.528	0.302	-1.658	-1.668
MODULE_387 MODULE_387	0.816	-0.471	-0.782	-0.471	1.140	-0.471	-2.032	-0.471	-2.032	1.517	2.400
GNF2_DENR GNF2_DENR	-2.115	-0.837	-0.513	-0.300	0.499	1.058	4.529	0.499	-0.300	-0.837	-1.338
MORF_ATOX1 MORF_ATOX1	-2.366	-0.865	0.969	0.969	0.353	-0.595	2.706	1.248	-0.254	-0.865	-2.383
MODULE_76 MODULE_76	-0.412	0.503	-1.254	-1.254	-0.412	-0.412	-0.888	-0.888	0.503	-0.266	6.910
GNF2_IGFBP1 GNF2_IGFBP1	-0.218	-0.430	-1.451	-1.451	-0.218	3.751	-0.430	-1.451	0.404	-0.218	1.441
MORF_DAP MORF_DAP	-1.645	-0.559	-0.368	0.559	0.243	2.005	1.645	1.318	0.382	-2.293	-2.309
MODULE_122 MODULE_122	2.724	-0.320	-2.040	-1.299	-1.017	0.393	-1.299	-0.785	0.283	0.679	3.410
MODULE_324 MODULE_324	1.502	-1.127	0.362	-2.283	-0.486	0.362	-1.127	-2.283	0.824	0.824	3.053
MODULE_154 MODULE_154	1.124	-0.327	-1.550	-1.092	0.621	0.853	-3.115	-0.505	-0.753	1.124	2.136
MODULE_79 MODULE_79	-0.347	-0.506	-3.075	-0.347	0.385	-1.771	-0.985	0.542	0.542	1.199	3.713
GCM_ANP32B GCM_ANP32B	-1.492	-0.453	1.392	0.381	1.863	0.986	0.986	-0.453	-0.828	-1.492	-1.501
MORF_MSH2 MORF_MSH2	-1.643	-0.452	0.520	-0.452	0.520	0.520	1.372	2.617	0.331	-1.643	-2.504
MORF_SS18 MORF_SS18	-1.152	-1.152	0.703	0.973	-0.762	-0.300	1.646	1.646	0.973	-1.152	-2.588
MORF_BUB1B MORF_BUB1B	-2.740	-1.272	0.250	0.406	0.406	0.605	-0.566	2.240	1.832	0.250	-1.870
MORF_BCL2L11 MORF_BCL2L11	2.280	-0.560	-1.371	-0.900	0.756	0.481	-1.117	-3.361	0.481	0.371	2.532
GNF2_ELAC2 GNF2_ELAC2	-1.158	-1.908	-0.411	0.922	0.390	0.922	2.649	1.275	-0.702	-1.158	-1.167
MORF_XPC MORF_XPC	-1.093	-0.452	0.758	-0.452	-0.273	-0.273	3.112	2.161	-0.452	-1.093	-2.504
GNF2_HAT1 GNF2_HAT1	-2.074	-2.074	0.523	0.523	1.098	1.098	1.098	1.098	-0.492	-0.810	-1.304
MODULE_128 MODULE_128	-0.324	-0.678	-3.000	-0.324	0.413	-1.712	-0.941	0.577	0.577	1.261	3.393
MORF_RAB6A MORF_RAB6A	-0.885	-0.586	0.820	0.820	-1.303	-0.374	2.183	3.093	-0.885	-1.303	-1.314
GCM_TPR GCM_TPR	-1.326	-0.702	0.480	-0.363	-0.702	1.186	2.778	0.795	0.480	-1.326	-1.334
GNF2_BUB1B GNF2_BUB1B	-1.260	-0.782	-0.782	-0.471	-0.782	-0.471	1.517	1.140	1.944	1.517	-2.044
GNF2_CEBPA GNF2_CEBPA	0.652	0.275	-1.212	-1.785	-1.212	0.909	-0.810	0.275	-1.212	0.909	3.821
MORF_USP5 MORF_USP5	-2.157	-0.316	1.368	1.368	0.287	-0.865	1.368	1.020	-0.534	-0.534	-2.170
MODULE_170 MODULE_170	0.249	-0.521	-3.113	-0.360	0.372	-1.801	-1.007	0.525	0.710	1.170	3.213
MORF_CTSB MORF_CTSB	2.010	-0.715	-0.900	-1.117	1.303	2.567	-2.844	-1.371	-0.326	0.481	0.470
GNF2_INPP5D GNF2_INPP5D	-1.783	-1.057	0.454	-0.624	0.254	-1.783	0.717	2.905	1.426	-0.354	-0.358
MORF_PTPRR MORF_PTPRR	2.725	-0.385	-0.552	-0.771	1.674	1.379	-3.189	-1.052	-0.385	-0.771	0.484
MORF_DCC MORF_DCC	2.255	0.666	-0.720	-0.522	2.611	-0.972	-2.781	-0.720	-1.287	0.666	0.488
GCM_HDAC1 GCM_HDAC1	-1.575	-0.266	1.725	0.585	0.900	-0.266	1.281	0.585	-0.893	-1.575	-1.584
MODULE_263 MODULE_263	0.655	-0.392	-0.676	-1.866	0.410	0.655	-1.124	-1.124	0.226	-0.392	4.542
MODULE_297 MODULE_297	1.562	-0.397	-1.709	-1.226	0.521	1.248	-2.366	-0.595	-0.865	0.969	1.891
GNF2_SELL GNF2_SELL	-1.949	-1.949	-1.192	0.885	0.370	-0.729	2.072	0.370	0.598	1.228	-0.436
MODULE_357 MODULE_357	1.562	-0.397	-1.709	-1.226	0.521	1.562	-2.366	-0.595	-0.865	0.969	1.545
MODULE_397 MODULE_397	-0.469	-1.144	-0.469	0.896	-0.645	-0.867	-0.867	1.117	5.639	-0.469	-1.159
MODULE_28 MODULE_28	-1.326	-1.326	0.480	0.480	0.247	0.247	2.182	1.186	0.480	-1.326	-1.334
MORF_CD8A MORF_CD8A	1.984	-0.291	-1.302	-1.004	2.302	-0.566	-1.302	-2.106	-0.411	0.434	1.959
MORF_RFC1 MORF_RFC1	-2.677	-0.910	0.724	1.433	-0.334	0.544	0.724	1.169	1.169	-0.910	-2.698
MORF_CDK2 MORF_CDK2	-1.456	-0.454	1.227	0.939	0.939	-0.689	1.227	1.227	-0.454	-1.013	-3.007
MODULE_149 MODULE_149	-1.534	0.359	0.942	2.884	-0.860	-0.860	0.942	0.359	0.359	-0.860	-1.543
GCM_IL6ST GCM_IL6ST	-1.432	0.665	-1.432	0.665	-0.921	-0.348	1.658	3.616	-0.578	-0.578	-0.929
GNF2_RPA1 GNF2_RPA1	-0.579	-1.160	-0.579	1.966	-1.160	0.324	2.570	0.608	0.324	-1.160	-0.584
GNF2_MCM4 GNF2_MCM4	-1.397	-0.893	-0.556	0.272	-0.332	-0.893	1.323	0.983	2.625	0.693	-2.211
GNF2_MYL3 GNF2_MYL3	0.837	-0.671	-0.671	-1.285	1.723	-0.341	-1.285	-0.671	-0.671	0.509	2.868
GCM_RAD21 GCM_RAD21	-1.534	-0.250	0.615	0.615	0.615	-0.250	1.793	1.335	-0.860	-1.534	-1.543
MODULE_124 MODULE_124	-1.682	-0.461	0.796	0.290	-0.659	-0.461	-0.312	3.486	1.910	-0.659	-2.253
MORF_FEN1 MORF_FEN1	-1.821	-1.821	0.423	0.878	-0.546	1.172	1.883	0.878	0.628	-0.835	-1.834
MODULE_388 MODULE_388	-0.704	-0.704	0.707	-0.704	0.332	-0.272	2.545	1.824	-0.704	-0.704	-0.708
GCM_SUFU GCM_SUFU	-1.613	-0.541	0.800	2.055	-1.145	-1.145	1.687	1.687	0.254	-0.541	-1.627
MODULE_157 MODULE_157	0.956	-0.465	-0.465	-1.570	0.281	-0.465	-2.642	-0.465	0.281	0.561	4.505
MODULE_244 MODULE_244	-2.873	-0.441	0.596	1.980	-0.572	0.902	0.902	0.470	1.281	-1.135	-2.450
GNF2_UBE2I GNF2_UBE2I	-1.824	0.431	0.431	1.803	0.240	0.685	1.374	0.431	-1.091	-1.824	-1.099
MODULE_111 MODULE_111	1.001	-0.328	-0.447	-1.258	-0.328	-0.447	-1.941	-0.995	-0.776	1.440	4.353
GNF2_HLA_C GNF2_HLA_C	-1.949	-1.192	-0.431	-0.241	0.370	-1.949	1.625	1.228	1.228	0.598	-0.436
GNF2_EGFR GNF2_EGFR	0.480	-0.702	-1.326	-1.326	0.247	2.778	-0.363	-0.702	-0.702	0.247	2.168
MODULE_115 MODULE_115	-1.119	0.347	1.033	3.375	-0.550	-0.550	0.645	0.347	-0.550	-1.119	-1.125
MODULE_273 MODULE_273	-1.363	0.477	1.020	0.477	-0.534	0.287	0.722	1.020	1.020	-2.157	-2.170
GNF2_CKS1B GNF2_CKS1B	-1.534	-1.534	-0.860	0.359	0.359	-0.476	1.335	-0.250	2.884	0.615	-0.867
GNF2_SPRR1B GNF2_SPRR1B	-0.994	-0.204	-0.994	-0.994	3.054	1.747	-0.994	-0.204	-0.204	-0.204	-0.206
GCM_PTK2 GCM_PTK2	-2.151	0.615	-0.360	1.944	-1.095	-0.653	2.558	1.414	-0.853	-1.387	-0.368
MORF_LMO1 MORF_LMO1	5.070	-0.534	-0.534	0.287	-2.157	0.477	-0.316	-0.534	0.477	-0.865	-0.320
MODULE_414 MODULE_414	-0.704	-0.704	-0.704	0.332	-0.704	0.332	2.545	1.824	-0.704	-0.704	0.329
MODULE_113 MODULE_113	1.255	0.301	0.301	-1.516	0.786	0.595	-2.574	-1.983	-0.617	0.595	2.145
GNF2_PTPN6 GNF2_PTPN6	-1.949	-1.949	-0.729	-0.241	-0.431	-0.431	2.072	1.625	0.885	0.370	-0.245
MODULE_22 MODULE_22	-1.866	0.226	-0.392	0.960	0.960	0.960	0.655	1.323	-0.676	-1.124	-1.877
GNF2_CDH3 GNF2_CDH3	0.347	-1.119	-1.119	-1.119	0.347	0.645	-0.550	-0.550	-0.550	2.056	2.044
MODULE_108 MODULE_108	0.613	0.233	-0.977	-2.323	0.398	0.398	-0.622	-0.977	0.398	-0.381	3.982
MODULE_277 MODULE_277	-2.282	-0.600	0.416	2.984	-0.600	0.246	1.606	0.639	-0.600	-0.600	-0.958
MODULE_375 MODULE_375	0.944	1.498	-1.103	-2.035	0.363	0.717	-2.035	-0.792	-0.377	-0.247	2.155
GNF2_DDX5 GNF2_DDX5	-1.182	-0.314	0.460	1.598	1.248	-0.507	0.460	1.598	-0.786	-0.786	-2.630
GCM_RBM8A GCM_RBM8A	-2.366	-0.254	2.292	0.726	-0.865	-0.595	0.521	1.562	0.521	-0.595	-1.724
MODULE_223 MODULE_223	-0.453	-1.661	-1.661	-1.321	-0.329	1.035	-0.609	-0.453	2.047	0.511	2.650
GCM_NCAM1 GCM_NCAM1	-2.106	-0.566	0.434	1.690	-2.106	-1.004	1.690	1.172	0.950	-0.411	-0.576
MODULE_51 MODULE_51	2.985	-0.453	-0.453	-1.492	-0.453	-0.828	-0.828	0.381	-0.234	-0.453	2.379
MORF_CSNK1D MORF_CSNK1D	-0.961	-0.421	1.302	0.520	-0.961	-0.647	1.000	2.020	-0.263	0.343	-2.923
MORF_MYC MORF_MYC	1.562	-0.397	-2.366	-0.397	0.969	1.911	-1.709	-0.254	0.726	-1.226	-0.259
MORF_UNG MORF_UNG	-1.118	-1.118	-0.523	1.731	1.091	0.413	1.091	1.393	-0.340	-1.118	-2.235
GNF2_CD53 GNF2_CD53	-2.407	-1.572	-0.416	0.565	-0.247	-1.035	0.565	1.851	0.565	1.461	-0.422
MORF_PDCD1 MORF_PDCD1	1.823	-0.488	-2.146	-0.732	1.472	0.644	-0.732	-2.146	0.446	0.881	0.284
MODULE_557 MODULE_557	1.877	-0.455	-0.455	-0.455	-0.455	1.877	-0.455	-0.455	-0.455	-0.455	1.143
MODULE_80 MODULE_80	2.182	-0.363	-0.363	-1.326	-0.363	-0.702	-1.326	0.247	0.247	-0.363	2.761
MODULE_171 MODULE_171	-0.282	0.321	-1.931	-1.931	-0.395	0.321	-0.941	-0.395	0.321	1.927	3.231
GCM_CRKL GCM_CRKL	-0.810	-0.329	0.441	1.936	-0.329	-1.212	0.441	2.819	-1.785	0.275	-1.223
MODULE_433 MODULE_433	0.730	-0.287	-1.123	-1.678	1.007	0.730	-1.678	-1.678	0.730	0.730	1.315
MODULE_59 MODULE_59	3.375	0.645	-0.550	-1.119	0.347	0.347	0.347	-1.119	-1.119	-0.550	0.343
GCM_BAG5 GCM_BAG5	-1.575	-1.575	0.339	0.585	0.585	-0.893	1.281	0.585	1.725	-0.500	-0.900
MORF_PPP2R4 MORF_PPP2R4	-1.328	-0.837	0.499	0.302	0.752	-0.513	2.777	1.058	-0.300	-0.513	-2.128
MODULE_292 MODULE_292	0.331	0.331	-1.190	-1.904	-0.525	0.331	-1.190	-0.525	-0.273	1.415	4.074
MORF_GSPT1 MORF_GSPT1	-1.260	-1.260	-0.471	0.547	0.816	0.334	1.944	1.517	-0.270	-0.471	-2.044
GNF2_MSH6 GNF2_MSH6	-1.285	-0.671	-0.341	0.837	0.509	0.509	1.723	1.243	-0.341	-1.285	-1.292
GCM_CSNK1A1 GCM_CSNK1A1	-0.828	-1.492	0.647	3.629	-0.234	-0.234	0.381	0.381	-0.234	-0.453	-1.501
MODULE_382 MODULE_382	3.243	-0.579	-1.160	-0.579	0.980	0.608	-1.160	-0.579	-0.579	-0.279	0.602
GNF2_SPINK1 GNF2_SPINK1	1.581	-0.520	-1.077	-1.077	2.152	0.372	-1.077	-0.520	-0.520	0.372	0.679
GNF2_MAPT GNF2_MAPT	4.380	0.502	-1.700	-0.318	-0.574	0.502	-0.574	-0.991	-0.574	0.285	0.281
GCM_TINF2 GCM_TINF2	-1.700	0.785	-0.574	1.131	0.285	-0.318	0.502	2.002	0.285	-0.991	-1.710
GNF2_ITGB2 GNF2_ITGB2	-2.365	-0.645	-0.645	-0.234	-1.006	-0.398	-0.234	2.348	1.154	1.508	-0.404
GNF2_BUB3 GNF2_BUB3	-0.579	-1.160	0.324	0.608	-0.579	0.608	1.966	1.434	-0.279	-1.160	-1.167
MODULE_200 MODULE_200	2.056	-0.550	-0.550	-1.119	-0.260	-0.550	-1.119	0.347	0.347	-0.550	2.666
GNF2_RFC3 GNF2_RFC3	-0.991	-1.700	-0.574	0.785	-0.318	0.285	0.785	0.785	2.002	0.285	-1.710
MORF_KDR MORF_KDR	1.056	-1.228	-1.653	-0.446	1.623	-0.301	-0.446	-2.201	0.302	0.614	1.931
GCM_BCL2L1 GCM_BCL2L1	-1.409	0.216	0.428	0.717	-0.407	0.216	1.515	0.216	1.515	-1.409	-1.417
MODULE_436 MODULE_436	0.311	0.731	-0.960	-2.432	-0.406	-0.291	-1.233	-0.406	-0.291	1.127	3.562
GNF2_CYP2B6 GNF2_CYP2B6	1.944	-0.270	-0.782	-1.260	-0.782	0.547	-1.260	-0.471	-0.782	0.816	2.400
GNF2_PPP6C GNF2_PPP6C	-1.617	-0.283	-0.283	-0.283	1.229	0.320	2.150	0.859	-0.283	-0.925	-1.626
GCM_MAP1B GCM_MAP1B	-0.546	-0.835	0.262	0.262	-2.698	-0.344	2.751	1.507	-0.344	-0.546	0.417
GCM_CHUK GCM_CHUK	-2.037	0.328	0.714	1.598	-0.275	-0.987	1.969	0.714	-0.987	-0.275	-1.438
MORF_TNFRSF6 MORF_TNFRSF6	1.795	-1.264	-0.621	-1.561	1.104	-0.260	-0.621	-1.908	-0.260	0.742	2.035
MODULE_488 MODULE_488	-0.299	-0.610	-1.202	-0.610	0.303	0.929	-0.610	-1.202	-0.299	1.367	2.450
MODULE_306 MODULE_306	-1.077	-0.520	-1.077	-0.240	0.685	-0.520	0.372	2.798	0.685	0.372	-1.083
MODULE_345 MODULE_345	-0.281	0.597	-1.639	-1.639	-0.552	-0.281	-1.279	0.447	-0.281	1.198	3.406
GCM_HMGA2 GCM_HMGA2	0.832	-0.694	-0.925	-1.562	2.469	0.487	-1.562	-0.510	-0.254	-0.510	2.110
MORF_STK17A MORF_STK17A	2.470	-0.690	-1.674	-0.405	1.417	0.823	-1.674	-0.301	-0.690	-0.879	1.179
MODULE_368 MODULE_368	3.188	-0.745	-0.745	-0.298	0.304	1.130	-0.745	0.304	-0.745	-0.298	-0.300
