GO	[-8.00 -0.91]	[-0.91 -0.53]	[-0.53 -0.32]	[-0.32 -0.18]	[-0.18 -0.05]	[-0.05 0.00]	[0.00 0.08]	[0.08 0.21]	[0.21 0.42]	[0.42 0.83]	[0.83 6.20]
GNF2_HCK GNF2_HCK	-1.185	-0.609	-2.148	-2.148	-1.604	-1.604	-2.148	0.324	0.655	1.710	14.306
GNF2_HPN GNF2_HPN	0.631	1.235	-0.893	-1.867	-1.867	2.372	1.009	-4.457	-2.334	-1.158	6.708
MORF_LCAT MORF_LCAT	3.512	-1.137	-1.455	-1.455	-0.875	2.413	2.090	-3.553	-1.840	-0.489	2.090
MORF_CDH4 MORF_CDH4	1.692	-0.930	-1.528	-1.922	-1.922	5.066	-0.386	-0.274	-2.395	-0.274	2.982
GNF2_MYL3 GNF2_MYL3	-0.672	-1.287	-1.287	-1.287	-0.672	2.277	-0.342	-1.287	-0.672	1.245	5.109
GNF2_CD97 GNF2_CD97	0.339	-0.895	-0.895	-0.501	-1.579	-0.895	-0.895	-0.895	-0.501	5.570	3.414
GNF2_DNM1 GNF2_DNM1	1.161	-0.490	-1.070	-3.087	-1.070	1.161	1.161	-1.070	-1.527	0.288	4.121
GNF2_IL2RB GNF2_IL2RB	1.326	0.655	-0.393	-0.678	-1.128	-0.678	0.409	-1.872	-1.128	0.409	3.313
GNF2_CDH3 GNF2_CDH3	1.034	-0.551	-1.121	-1.121	0.346	-0.260	-0.260	-1.121	-0.260	-0.260	4.148
