seqnames	start	end	width	strand	symbol	coverage1	numCs1	numTs1	coverage2	numCs2	numTs2
chr11	106077657	106077663	7	*	AASDHPPT	42	0	42	21	0	21
chr9	104927367	104927395	29	*	ABCA1	52	0	52	33	2	31
chr4	88158656	88158662	7	*	ABCG2	94	4	90	36	0	36
chr4	127965414	127965429	16	*	ABHD18	58	0	58	45	0	45
chr18	21703836	21704734	899	*	ABHD3	136	0	136	74	0	74
chr4	8159105	8159133	29	*	ABLIM2	126	0	126	64	0	64
chr10	124802140	124802259	120	*	ABRAXAS2	70	0	70	32	0	32
chr3	128879252	128879980	729	*	ACAD9	119	4	115	47	4	43
chr6	159761583	159761583	1	*	ACAT2	18	1	17	11	0	11
chr22	41469213	41469239	27	*	ACO2	64	0	64	37	0	37
chr19	11578735	11578735	1	*	ACP5	20	6	14	10	2	8
chr1	202861588	202862073	486	*	ACTG1P25	41	1	40	20	0	20
chr10	126387803	126387809	7	*	ADAM12	32	3	29	21	0	21
chr1	155051525	155051525	1	*	ADAM15	36	1	35	10	0	10
chr15	100342199	100342199	1	*	ADAMTS17	12	0	12	10	0	10
chr4	72570114	72570114	1	*	ADAMTS3	20	20	0	10	7	3
chr15	82294137	82294137	1	*	ADAMTS7P1	11	11	0	10	6	4
chr18	906066	906066	1	*	ADCYAP1	21	20	1	11	7	4
chr6	68634712	68634712	1	*	ADGRB3-DT	14	10	4	11	11	0
chr1	203127999	203127999	1	*	ADORA1	16	4	12	10	5	5
chr1	36089715	36089731	17	*	ADPRS	66	0	66	32	1	31
chr10	111076572	111076582	11	*	ADRA2A	32	0	32	20	0	20
chr5	148826083	148826110	28	*	ADRB2	208	1	207	60	0	60
chr2	27051681	27051681	1	*	AGBL5	32	0	32	11	0	11
chr2	227472554	227472581	28	*	AGFG1	56	1	55	32	0	32
chr3	148697940	148697952	13	*	AGTR1	27	25	2	25	16	9
chr1	11736857	11736862	6	*	AGTRAP	57	0	57	20	0	20
chr7	129224826	129224840	15	*	AHCYL2	87	0	87	44	0	44
chr14	104977747	104977957	211	*	AHNAK2	75	37	38	48	20	28
chr2	61177621	61177644	24	*	AHSA2P	191	1	190	52	0	52
chr13	42271558	42272020	463	*	AKAP11	55	4	51	34	5	29
chr7	134458790	134458805	16	*	AKR1B1	47	7	40	22	2	20
chr11	68007940	68007940	1	*	ALDH3B1	22	22	0	10	7	3
chr16	30066279	30066279	1	*	ALDOA	33	0	33	11	0	11
chr17	28576248	28576248	1	*	ALDOC	15	15	0	10	7	3
chr13	36998876	36998889	14	*	ALG5	62	0	62	25	0	25
chr11	43880773	43880773	1	*	ALKBH3	18	0	18	10	0	10
chr11	107565793	107565807	15	*	ALKBH8	35	0	35	21	0	21
chr2	232407072	232407097	26	*	ALPG	47	6	41	21	5	16
chr13	25173251	25173251	1	*	AMER2	12	3	9	13	3	10
chr11	10449868	10449868	1	*	AMPD3	21	21	0	12	10	2
chr12	121351961	121351967	7	*	ANAPC5	21	0	21	20	0	20
chr4	112706971	112706971	1	*	ANK2	14	0	14	11	0	11
chr18	9138016	9138016	1	*	ANKRD12	30	0	30	10	0	10
chr19	4184278	4184286	9	*	ANKRD24	53	2	51	24	3	21
chr18	14748110	14748131	22	*	ANKRD30B	129	124	5	64	60	4
chr2	96858175	96858199	25	*	ANKRD39	80	0	80	53	0	53
chr2	197311130	197311143	14	*	ANKRD44	35	0	35	21	0	21
chr12	56257597	56257618	22	*	ANKRD52	68	9	59	21	3	18
chr1	150235380	150235380	1	*	ANP32E	23	0	23	10	0	10
chr2	69012740	69012740	1	*	ANTXR1	16	0	16	11	0	11
chr4	80072321	80072334	14	*	ANTXR2	54	0	54	32	0	32
chr11	926517	926517	1	*	AP2A2	30	1	29	10	0	10
chr1	113904868	113905170	303	*	AP4B1	74	0	74	30	0	30
chr7	100101804	100101813	10	*	AP4M1	45	0	45	25	0	25
chr7	4775610	4775610	1	*	AP5Z1	15	0	15	10	0	10
chr11	116791424	116791445	22	*	APOA5	34	0	34	21	0	21
chr19	44906300	44906300	1	*	APOE	24	1	23	11	0	11
chr7	77696121	77696121	1	*	APTR	26	1	25	10	0	10
chr18	26863272	26863300	29	*	AQP4	33	22	11	31	12	19
chr18	26864375	26864700	326	*	AQP4-AS1	38	18	20	20	3	17
chr4	74445269	74445269	1	*	AREG	16	0	16	12	0	12
chr18	6729232	6729232	1	*	ARHGAP28	27	0	27	10	0	10
chr19	46860148	46861961	1814	*	ARHGAP35	190	0	190	94	0	94
chr19	1075894	1075894	1	*	ARHGAP45	20	19	1	11	8	3
chr22	44753206	44753206	1	*	ARHGAP8	21	1	20	11	0	11
chr19	41884547	41884574	28	*	ARHGEF1	70	2	68	41	0	41
chr1	157045578	157045588	11	*	ARHGEF11	31	2	29	20	3	17
chr11	73309098	73309109	12	*	ARHGEF17-AS1	57	0	57	43	0	43
chr5	149581367	149581376	10	*	ARHGEF37	40	21	19	21	9	12
chr12	45730204	45730204	1	*	ARID2	16	0	16	10	0	10
chr3	97764398	97764410	13	*	ARL6	38	0	38	34	0	34
chr2	152718547	152718704	158	*	ARL6IP6	142	0	142	54	1	53
chr3	138188099	138188101	3	*	ARMC8	24	0	24	21	0	21
chr2	218216867	218217898	1032	*	ARPC2	48	0	48	22	0	22
chr11	2269833	2269836	4	*	ASCL2	38	0	38	20	0	20
chr19	14136389	14136412	24	*	ASF1B	30	0	30	21	0	21
chr3	131026599	131026617	19	*	ASTE1	88	0	88	32	0	32
chr2	25877646	25877665	20	*	ASXL2	46	0	46	40	0	40
chr1	1511500	1511511	12	*	ATAD3A	32	0	32	20	0	20
chr1	212609347	212609372	26	*	ATF3	41	0	41	42	0	42
chr11	46617628	46617628	1	*	ATG13	25	0	25	10	0	10
chr10	68231397	68231397	1	*	ATOH7	30	14	16	12	2	10
chr3	194487513	194487842	330	*	ATP13A3-DT	125	0	125	61	1	60
chr1	116372697	116372697	1	*	ATP1A1	21	0	21	10	0	10
chr12	57941695	57941737	43	*	ATP23	44	0	44	21	0	21
chr12	110281783	110281800	18	*	ATP2A2	50	1	49	35	0	35
chr3	10620906	10620906	1	*	ATP2B2	17	16	1	12	8	4
chr18	46098022	46098547	526	*	ATP5F1A	67	0	67	22	0	22
chr14	103921533	103921545	13	*	ATP5MJ	44	0	44	20	0	20
chr5	172983961	172983961	1	*	ATP6V0E1	32	0	32	10	0	10
chr2	70948567	70948567	1	*	ATP6V1B1-AS1	29	1	28	11	0	11
chr22	17628905	17628905	1	*	ATP6V1E1	22	1	21	10	0	10
chr7	128863506	128863506	1	*	ATP6V1F	16	0	16	12	0	12
chr18	57803580	57803580	1	*	ATP8B1	28	24	4	13	8	5
chr1	154326364	154326364	1	*	ATP8B2	17	3	14	10	0	10
chr3	142578734	142578742	9	*	ATR	80	0	80	30	0	30
chr14	92106756	92106758	3	*	ATXN3	29	0	29	22	0	22
chr7	105679232	105877366	198135	*	ATXN7L1	35	3	32	21	2	19
chr10	97686560	97686560	1	*	AVPI1	22	21	1	10	7	3
chr9	33166523	33167830	1308	*	B4GALT1-AS1	109	2	107	42	0	42
chr1	161177611	161177611	1	*	B4GALT3	16	0	16	10	0	10
chr11	64989550	64997127	7578	*	BATF2	44	20	24	32	11	21
chr2	111121447	111121449	3	*	BCL2L11	41	0	41	26	0	26
chr19	44747846	44747859	14	*	BCL3	42	0	42	21	0	21
chr7	73556957	73556957	1	*	BCL7B	21	0	21	11	0	11
chr6	136289141	136289141	1	*	BCLAF1	43	0	43	11	0	11
chr22	23181007	23181024	18	*	BCR	91	0	91	45	0	45
chr11	61955543	61955543	1	*	BEST1	14	10	4	10	5	5
chr12	69699060	69699060	1	*	BEST3	16	16	0	12	9	3
chr3	4979529	4979540	12	*	BHLHE40	57	0	57	25	1	24
chr12	51324848	51324848	1	*	BIN2	16	15	1	11	6	5
chr19	45179067	45179067	1	*	BLOC1S3	26	0	26	10	0	10
chr20	6768595	6768609	15	*	BMP2	32	27	5	20	15	5
chr4	78775584	78775584	1	*	BMP2K	36	0	36	10	0	10
chr10	42781916	42781931	16	*	BMS1	48	37	11	20	11	9
chr14	19098959	19098969	11	*	BMS1P22	69	63	6	21	21	0
chr2	94209235	94209253	19	*	BMS1P23	83	11	72	23	4	19
chr5	173145098	173145114	17	*	BNIP1	53	8	45	20	1	19
chr5	173616792	173616807	16	*	BOD1	93	0	93	46	0	46
chr7	2555254	2555254	1	*	BRAT1	24	0	24	11	0	11
chr17	43124742	43124742	1	*	BRCA1	22	0	22	11	0	11
chr9	134025939	134025956	18	*	BRD3OS	83	0	83	30	0	30
chr16	2211713	2211713	1	*	BRICD5	17	16	1	12	11	1
chr1	222712985	222712996	12	*	BROX	47	0	47	22	0	22
chr1	44809442	44809442	1	*	BTBD19	29	0	29	10	0	10
chr19	2015428	2015428	1	*	BTBD2	13	0	13	10	0	10
chr1	52056391	52056391	1	*	BTF3L4	18	0	18	10	0	10
chr2	200811859	200811859	1	*	BZW1	23	1	22	10	0	10
chr10	49299598	49299598	1	*	C10orf71	13	10	3	10	8	2
chr10	49298841	49298852	12	*	C10orf71-AS1	47	45	2	21	20	1
chr10	122954288	122954304	17	*	C10orf88	100	0	100	30	0	30
chr11	66975356	66975378	23	*	C11orf86	38	38	0	21	21	0
chr12	103957194	103957194	1	*	C12orf73	25	0	25	10	0	10
chr12	105331182	105331184	3	*	C12orf75	36	4	32	20	1	19
chr16	67667239	67667429	191	*	C16orf86	92	1	91	41	1	40
chr18	13238745	13238745	1	*	C18orf15	19	18	1	10	7	3
chr18	54358004	54358032	29	*	C18orf54	52	0	52	34	0	34
chr18	74315278	74315278	1	*	C18orf63	27	26	1	10	8	2
chr19	1479546	1479550	5	*	C19orf25	49	0	49	20	0	20
chr1	37692020	37692020	1	*	C1orf109	24	0	24	11	0	11
chr1	1116332	1116332	1	*	C1orf159	10	0	10	11	0	11
chr1	22643847	22643847	1	*	C1QC	11	0	11	11	0	11
chr17	79023610	79023610	1	*	C1QTNF1	22	17	5	10	8	2
chr21	41953290	41953293	4	*	C2CD2	35	3	32	22	3	19
chr12	22544206	22544735	530	*	C2CD5	76	0	76	41	0	41
chr4	129093718	129093731	14	*	C4orf33	35	0	35	20	1	19
chr5	41903987	41903987	1	*	C5orf51	16	0	16	10	0	10
chr6	169702631	169702631	1	*	C6orf120	19	1	18	10	0	10
chr6	30647509	30647509	1	*	C6orf136	23	0	23	10	0	10
chr6	31660651	31660679	29	*	C6orf47	135	0	135	72	0	72
chr7	42911628	42911645	18	*	C7orf25	74	1	73	30	0	30
chr9	93346403	93346412	10	*	C9orf129	37	32	5	20	12	8
chr13	49444021	49444035	15	*	CAB39L	68	0	68	38	0	38
chr18	23136582	23136588	7	*	CABLES1	54	40	14	22	9	13
chr20	62407949	62407949	1	*	CABLES2	11	10	1	10	7	3
chr12	120649553	120649553	1	*	CABP1	13	0	13	10	0	10
chr12	2691499	2691511	13	*	CACNA1C-AS1	77	6	71	46	13	33
chr7	82444377	82444377	1	*	CACNA2D1	10	4	6	10	2	8
chr4	113761795	113761820	26	*	CAMK2D	71	0	71	61	2	59
chr10	73873733	73873737	5	*	CAMK2G	57	0	57	20	0	20
chr1	200739600	200739600	1	*	CAMSAP2	28	0	28	10	0	10
chr1	7680810	7680810	1	*	CAMTA1	29	0	29	10	0	10
chr8	127733442	127733526	85	*	CASC11	236	136	100	77	32	45
chr10	113679868	113679868	1	*	CASP7	15	0	15	10	0	10
chr19	5720629	5720650	22	*	CATSPERD	70	0	70	33	0	33
chr7	116525736	116525736	1	*	CAV1	14	3	11	10	0	10
chr20	33489798	33489798	1	*	CBFA2T2	15	0	15	11	0	11
chr18	2655402	2655426	25	*	CBX3P2	159	0	159	65	0	65
chr22	38871614	38871638	25	*	CBX6	121	0	121	82	0	82
chr22	39152953	39152953	1	*	CBX7	25	0	25	10	0	10
chr8	127219770	127219771	2	*	CCAT1	101	97	4	42	34	8
chr18	59696609	59696939	331	*	CCBE1	43	22	21	23	8	15
chr2	130342222	130342244	23	*	CCDC115	59	1	58	20	0	20
chr3	46976355	46976580	226	*	CCDC12	90	0	90	37	0	37
chr19	17933381	17933381	1	*	CCDC124	18	0	18	10	0	10
chr5	218162	218184	23	*	CCDC127	48	0	48	40	0	40
chr2	74482266	74482291	26	*	CCDC142	141	5	136	60	2	58
chr1	223393925	223393925	1	*	CCDC185	14	13	1	10	7	3
chr1	42463128	42463133	6	*	CCDC30	35	0	35	23	0	23
chr17	80037285	80037309	25	*	CCDC40	35	26	9	30	10	20
chr7	106660211	106660211	1	*	CCDC71L	18	0	18	10	0	10
chr11	60842115	60842143	29	*	CCDC86	47	0	47	40	0	40
chr11	83285629	83286009	381	*	CCDC90B	108	0	108	66	0	66
chr6	112054422	112054437	16	*	CCN6	44	35	9	22	15	7
chr11	69640676	69641231	556	*	CCND1	88	2	86	52	0	52
chr12	4274253	4274278	26	*	CCND2	81	1	80	35	0	35
chr16	2430154	2430164	11	*	CCNF	49	0	49	21	0	21
chr1	156338455	156338461	7	*	CCT3	36	0	36	24	0	24
chr5	10250134	10250528	395	*	CCT5	128	1	127	56	0	56
chr7	65037545	65037545	1	*	CCT6P3	34	33	1	10	8	2
chr4	15778979	15778984	6	*	CD38	52	0	52	30	0	30
chr19	6590688	6590709	22	*	CD70	49	3	46	33	5	28
chr5	150412631	150412631	1	*	CD74	23	0	23	10	0	10
chr1	22052662	22052668	7	*	CDC42	32	0	32	21	0	21
chr14	103058066	103058073	8	*	CDC42BPB	28	7	21	20	5	15
chr11	65315806	65315810	5	*	CDC42EP2	33	1	32	20	0	20
chr17	73311884	73311896	13	*	CDC42EP4	31	0	31	20	0	20
chr1	193121663	193121663	1	*	CDC73	21	2	19	10	0	10
chr7	21946118	21946118	1	*	CDCA7L	24	0	24	10	0	10
chr1	54153772	54153772	1	*	CDCP2	36	33	3	10	8	2
chr10	71811637	71811647	11	*	CDH23	66	11	55	22	5	17
chr9	87974352	87974636	285	*	CDK20	165	0	165	79	0	79
chr11	67507625	67507968	344	*	CDK2AP2	224	7	217	99	7	92
chr17	76000496	76000506	11	*	CDK3	48	1	47	23	0	23
chr17	47971457	47971457	1	*	CDK5RAP3	17	0	17	11	0	11
chr13	26254025	26254622	598	*	CDK8	109	0	109	43	1	42
chr6	36679033	36679495	463	*	CDKN1A	247	2	245	89	2	87
chr19	33374229	33374252	24	*	CEBPG	50	0	50	46	0	46
chr2	37196978	37197003	26	*	CEBPZOS	88	1	87	42	1	41
chr18	37485527	37485554	28	*	CELF4	74	41	33	43	19	24
chr9	71768135	71768135	1	*	CEMIP2	18	0	18	10	0	10
chr2	26786823	26786823	1	*	CENPA	13	2	11	10	0	10
chr1	10430951	10430979	29	*	CENPS-CORT	58	0	58	36	0	36
chr1	179955446	179955446	1	*	CEP350	29	0	29	12	0	12
chr18	12702391	12702391	1	*	CEP76	25	2	23	10	0	10
chr19	32972068	32972068	1	*	CEP89	29	0	29	14	0	14
chr1	111139625	111139640	16	*	CEPT1	61	0	61	24	0	24
chr1	150975100	150975122	23	*	CERS2	112	4	108	43	0	43
chr12	50167219	50167219	1	*	CERS5	29	0	29	10	0	10
chr16	58129673	58129697	25	*	CFAP20	67	0	67	33	0	33
chr2	55520595	55520595	1	*	CFAP36	27	6	21	10	2	8
chr10	104232793	104232793	1	*	CFAP43	24	1	23	11	1	10
chr4	185203073	185203086	14	*	CFAP97	36	33	3	21	13	8
chr16	75434206	75434206	1	*	CFDP1	19	3	16	11	2	9
chr6	73451957	73451957	1	*	CGAS	26	0	26	10	0	10
chr3	88149368	88149368	1	*	CGGBP1	18	0	18	10	0	10
chr2	53767857	53767857	1	*	CHAC2	18	0	18	10	0	10
chr21	36385413	36385423	11	*	CHAF1B	42	1	41	20	0	20
chr16	53130435	53130446	12	*	CHD9	75	0	75	35	0	35
chr15	20282754	20282762	9	*	CHEK2P2	47	16	31	21	17	4
chr2	86562853	86562864	12	*	CHMP3	46	0	46	24	0	24
chr1	154568521	154568521	1	*	CHRNB2	27	18	9	11	10	1
chr18	27184805	27184810	6	*	CHST9	69	23	46	22	3	19
chr16	788605	788633	29	*	CHTF18	77	0	77	41	0	41
chr15	90265758	90265758	1	*	CIB1	13	0	13	10	0	10
chr10	58269226	58269236	11	*	CISD1	38	1	37	20	0	20
chr1	40862299	40862308	10	*	CITED4	28	1	27	20	0	20
chr19	45323181	45323181	1	*	CKM	24	7	17	10	4	6
chr1	108963423	108963423	1	*	CLCC1	18	0	18	10	0	10
chr11	67373638	67373638	1	*	CLCF1	20	0	20	10	0	10
chr4	169620329	169620353	25	*	CLCN3	65	0	65	21	0	21
chr16	1474817	1475644	828	*	CLCN7	32	7	25	20	7	13
chr1	16047917	16047938	22	*	CLCNKB	29	18	11	20	15	5
chr16	3012128	3012128	1	*	CLDN9	22	3	19	11	1	10
chr19	50724290	50724290	1	*	CLEC11A	12	0	12	10	0	10
chr14	38256331	38256331	1	*	CLEC14A	17	13	4	10	6	4
chr15	68230030	68230030	1	*	CLN6	15	0	15	11	0	11
chr6	35796858	35796882	25	*	CLPS	74	68	6	22	19	3
chr1	9824402	9824415	14	*	CLSTN1	71	5	66	33	1	32
chr9	36191416	36191438	23	*	CLTA	33	0	33	21	0	21
chr16	31700981	31700991	11	*	CLUHP3	28	0	28	22	0	22
chr18	597442	597442	1	*	CLUL1	28	28	0	10	8	2
chr18	74497187	74497187	1	*	CNDP2	19	18	1	11	4	7
chr19	11538471	11538471	1	*	CNN1	21	0	21	10	0	10
chr16	58629412	58629418	7	*	CNOT1	28	0	28	21	0	21
chr7	135510007	135510466	460	*	CNOT4	44	0	44	31	0	31
chr2	218569030	218569035	6	*	CNOT9	63	0	63	27	0	27
chr7	155510351	155510351	1	*	CNPY1	13	3	10	10	2	8
chr7	43729516	43729524	9	*	COA1	48	1	47	20	0	20
chr1	234373932	234374292	361	*	COA6	53	1	52	34	1	33
chr1	52698032	52698032	1	*	COA7	21	0	21	10	0	10
chr6	75205670	75206170	501	*	COL12A1	84	14	70	43	8	35
chr1	40317042	40317042	1	*	COL9A2	21	14	7	15	11	4
chr18	501165	501169	5	*	COLEC12	45	45	0	20	17	3
chr2	61889439	61889439	1	*	COMMD1	13	12	1	10	8	2
chr3	149752459	149752469	11	*	COMMD2	36	0	36	21	0	21
chr22	19941370	19941386	17	*	COMT	66	1	65	22	0	22
chr11	14499782	14499782	1	*	COPB1	22	0	22	10	0	10
chr3	129249616	129249616	1	*	COPG1	20	0	20	10	0	10
chr4	83034899	83034923	25	*	COPS4	109	1	108	57	1	56
chr2	237085745	237085745	1	*	COPS8	16	0	16	10	0	10
chr17	48038523	48038536	14	*	COPZ2	36	34	2	21	20	1
chr2	197453190	197453196	7	*	COQ10B	45	0	45	20	1	19
chr16	4416740	4416766	27	*	CORO7-PAM16	123	0	123	64	0	64
chr2	97645490	97645496	7	*	COX5B	28	0	28	24	0	24
chr2	42360980	42360980	1	*	COX7A2L	22	0	22	11	0	11
chr12	68932542	68933559	1018	*	CPM	118	3	115	50	0	50
chr1	156705961	156705988	28	*	CRABP2	106	8	98	41	2	39
chr16	1612987	1613012	26	*	CRAMP1	86	1	85	45	0	45
chr5	173056114	173056114	1	*	CREBRF	14	0	14	10	0	10
chr7	30681986	30682002	17	*	CRHR2	39	37	2	31	23	8
chr2	46617192	46617192	1	*	CRIPT	15	0	15	10	0	10
chr16	84819248	84819248	1	*	CRISPLD2	25	8	17	11	3	8
chr4	5890327	5890327	1	*	CRMP1	20	16	4	10	10	0
chr1	16630364	16630386	23	*	CROCCP2	101	97	4	25	17	8
chr12	107093635	107093635	1	*	CRY1	24	0	24	10	0	10
chr3	97821853	97821853	1	*	CRYBG3	26	0	26	10	0	10
chr10	43137878	43137878	1	*	CSGALNACT2	23	0	23	10	0	10
chr17	82273498	82273504	7	*	CSNK1D	43	0	43	20	0	20
chr19	1940473	1940473	1	*	CSNK1G2	28	0	28	10	0	10
chr15	75713785	75713785	1	*	CSPG4	21	21	0	11	10	1
chr2	222318273	222318273	1	*	CT75	15	0	15	10	0	10
chr10	125160108	125160108	1	*	CTBP2	10	0	10	11	0	11
chr16	67561982	67561996	15	*	CTCF-DT	82	1	81	30	0	30
chr20	37694292	37694292	1	*	CTNNBL1	10	0	10	10	0	10
chr11	65879083	65879083	1	*	CTSW	38	17	21	15	8	7
chr11	107457717	107457717	1	*	CWF19L2	20	0	20	10	0	10
chr18	50287466	50287487	22	*	CXXC1	133	1	132	37	0	37
chr1	109494558	109494564	7	*	CYB561D1	30	2	28	20	0	20
chr17	82450356	82450356	1	*	CYBC1	10	0	10	12	0	12
chr7	25125316	25125321	6	*	CYCS	64	1	63	20	0	20
chr15	22979921	22979945	25	*	CYFIP1	26	1	25	22	0	22
chr17	76538368	76538551	184	*	CYGB	134	48	86	45	11	34
chr16	50741785	50741787	3	*	CYLD	38	0	38	21	0	21
chr10	93072554	93074592	2039	*	CYP26A1	199	47	152	86	12	74
chr19	40891098	40891098	1	*	CYP2G1P	10	10	0	11	10	1
chr19	48469656	48469676	21	*	CYTH2	57	1	56	20	0	20
chr7	6448335	6448360	26	*	DAGLB	123	0	123	46	0	46
chr2	158795611	158795611	1	*	DAPL1	17	1	16	13	0	13
chr6	33323040	33323065	26	*	DAXX	75	0	75	45	0	45
chr12	51238587	51238587	1	*	DAZAP2	15	0	15	10	0	10
chr2	119367098	119367126	29	*	DBI	123	1	122	50	0	50
chr2	171434309	171434323	15	*	DCAF17	59	0	59	31	0	31
chr1	113905180	113905180	1	*	DCLRE1B	23	0	23	10	0	10
chr4	182917992	182918002	11	*	DCTD	30	0	30	20	0	20
chr9	34620576	34620576	1	*	DCTN3	28	0	28	12	0	12
chr16	30429204	30429204	1	*	DCTPP1	23	1	22	10	0	10
chr13	113490335	113490357	23	*	DCUN1D2	29	1	28	21	0	21
chr1	85464376	85464400	25	*	DDAH1	76	16	60	51	13	38
chr1	15618331	15618331	1	*	DDI2	16	0	16	10	0	10
chr12	57520932	57520941	10	*	DDIT3	56	0	56	21	0	21
chr4	100190813	100190813	1	*	DDIT4L	15	8	7	10	6	4
chr12	48997937	48997949	13	*	DDN-AS1	35	3	32	22	1	21
chr1	20662042	20662042	1	*	DDOST	25	0	25	13	0	13
chr2	113601833	113601833	1	*	DDX11L2	19	18	1	10	8	2
chr22	38506256	38506277	22	*	DDX17	45	0	45	30	0	30
chr16	70346864	70346864	1	*	DDX19A	14	0	14	10	0	10
chr16	68023185	68023191	7	*	DDX28	51	0	51	20	0	20
chr10	68900966	68900969	4	*	DDX50	46	0	46	23	0	23
chr7	44573614	44573640	27	*	DDX56	98	0	98	32	0	32
chr19	42219939	42219966	28	*	DEDD2	39	0	39	21	0	21
chr5	141923639	141923653	15	*	DELE1	54	0	54	31	0	31
chr11	8871483	8871493	11	*	DENND2B	37	36	1	20	14	6
chr11	33016169	33016322	154	*	DEPDC7	93	0	93	41	5	36
chr8	144326859	144326863	5	*	DGAT1	32	0	32	20	0	20
chr22	20319804	20319816	13	*	DGCR6L	52	0	52	20	0	20
chr12	55932089	55932106	18	*	DGKA	45	1	44	31	0	31
chr13	42047957	42047988	32	*	DGKH	72	11	61	43	7	36
chr1	12618404	12618423	20	*	DHRS3	81	0	81	57	0	57
chr3	47802651	47802672	22	*	DHX30	78	0	78	32	0	32
chr12	124988717	124988717	1	*	DHX37	25	0	25	11	0	11
chr1	182839009	182839029	21	*	DHX9	50	2	48	22	3	19
chr6	36677723	36677723	1	*	DINOL	23	2	21	10	1	9
chr18	74456644	74458015	1372	*	DIPK1C	164	64	100	63	29	34
chr3	143972499	143972525	27	*	DIPK2A	99	1	98	41	0	41
chr13	50125976	50125992	17	*	DLEU2	66	0	66	30	0	30
chr3	197298594	197298594	1	*	DLG1	15	0	15	10	0	10
chr18	3603663	3603663	1	*	DLGAP1-AS2	40	0	40	15	0	15
chr18	3878918	3878927	10	*	DLGAP1-AS3	66	64	2	22	21	1
chr18	4265074	4265074	1	*	DLGAP1-AS5	14	3	11	10	4	6
chr2	172084956	172086459	1504	*	DLX1	106	8	98	46	2	44
chr17	49994694	49994694	1	*	DLX3	37	6	31	10	1	9
chr17	49968549	49968549	1	*	DLX4	14	0	14	11	0	11
chr5	119069971	119069971	1	*	DMXL1-DT	36	23	13	18	6	12
chr2	68157594	68157594	1	*	DNAAF10	18	0	18	10	0	10
chr7	21543217	21543217	1	*	DNAH11	14	2	12	10	1	9
chr3	186570648	186570651	4	*	DNAJB11	31	0	31	22	0	22
chr2	219279256	219279284	29	*	DNAJB2	58	0	58	33	0	33
chr12	49347382	49347749	368	*	DNAJC22	85	1	84	53	0	53
chr11	64230631	64230631	1	*	DNAJC4	22	0	22	10	0	10
chr1	28233018	28233018	1	*	DNAJC8	13	0	13	10	0	10
chr10	73247365	73247382	18	*	DNAJC9-AS1	66	0	66	45	0	45
chr11	119101698	119101698	1	*	DPAGT1	25	0	25	10	0	10
chr16	67998647	67998647	1	*	DPEP2	32	22	10	10	3	7
chr5	31532069	31532081	13	*	DROSHA	113	0	113	47	0	47
chr6	116370513	116370522	10	*	DSE	63	20	43	22	0	22
chr18	67516122	67516149	28	*	DSEL-AS1	135	5	130	54	3	51
chr6	56851779	56851779	1	*	DST	21	0	21	11	2	9
chr18	34494108	34494124	17	*	DTNA	141	0	141	68	0	68
chr2	25673035	25673058	24	*	DTNB	55	0	55	41	2	39
chr2	73780294	73780294	1	*	DUSP11	16	0	16	10	0	10
chr10	75099449	75099449	1	*	DUSP13	14	0	14	10	0	10
chr6	291883	291904	22	*	DUSP22	54	11	43	24	2	22
chr10	110497440	110497449	10	*	DUSP5	28	7	21	24	9	15
chr3	32571167	32571167	1	*	DYNC1LI1	31	0	31	10	0	10
chr12	120496566	120496586	21	*	DYNLL1	122	0	122	68	0	68
chr1	66751534	66751534	1	*	DYNLT5	30	9	21	10	4	6
chr2	71466364	71466391	28	*	DYSF	54	17	37	30	12	18
chr9	111483112	111483123	12	*	ECPAS	40	0	40	30	0	30
chr10	124792478	124792478	1	*	EEF1AKMT2	31	0	31	11	0	11
chr12	57772748	57772759	12	*	EEF1AKMT3	38	0	38	20	0	20
chr6	8102499	8102517	19	*	EEF1E1	86	1	85	33	0	33
chr6	8102648	8102652	5	*	EEF1E1-BLOC1S5	109	0	109	30	0	30
chr11	62574241	62574241	1	*	EEF1G	10	0	10	10	0	10
chr19	3984813	3984818	6	*	EEF2	40	0	40	21	1	20
chr13	106536556	106536567	12	*	EFNB2	60	1	59	24	0	24
chr19	39540138	39540145	8	*	EID2	50	0	50	25	0	25
chr17	41689612	41689626	15	*	EIF1	22	0	22	21	0	21
chr10	119079842	119079842	1	*	EIF3A	20	0	20	10	0	10
chr17	80147722	80147743	22	*	EIF4A3	65	1	64	46	2	44
chr4	98929207	98929513	307	*	EIF4E	47	0	47	23	0	23
chr2	232551369	232551374	6	*	EIF4E2	40	1	39	23	0	23
chr7	74174458	74174485	28	*	EIF4H	153	0	153	55	0	55
chr2	3377929	3377953	25	*	EIPR1	57	1	56	20	0	20
chr7	55254723	55254741	19	*	ELDR	78	32	46	33	11	22
chr4	139083920	139083926	7	*	ELF2	39	0	39	20	0	20
chr1	202010604	202010604	1	*	ELF3	19	18	1	10	4	6
chr7	74028763	74028763	1	*	ELN	36	2	34	10	0	10
chr1	23744223	23744236	14	*	ELOA	36	2	34	21	0	21
chr18	47034834	47035296	463	*	ELOA2	122	109	13	53	46	7
chr18	36129964	36130709	746	*	ELP2	82	0	82	30	0	30
chr8	28093082	28093108	27	*	ELP3	27	0	27	20	0	20
chr18	2846392	2847947	1556	*	EMILIN2	232	7	225	68	3	65
chr19	45640030	45640042	13	*	EML2	22	20	2	21	17	4
chr19	45641683	45642362	680	*	EML2-AS1	158	0	158	65	0	65
chr2	72917057	72917082	26	*	EMX1	29	4	25	31	4	27
chr9	127854220	127854220	1	*	ENG	24	0	24	10	0	10
chr18	712282	712288	7	*	ENOSF1	68	0	68	20	0	20
chr16	33769289	33769289	1	*	ENPP7P13	28	15	13	12	9	3
chr3	27722946	27722946	1	*	EOMES	16	9	7	11	1	10
chr12	131949622	131950688	1067	*	EP400	312	2	310	144	1	143
chr18	5540570	5628984	88415	*	EPB41L3	182	54	128	80	19	61
chr7	37920716	37920718	3	*	EPDR1	30	1	29	20	0	20
chr1	37764776	37764776	1	*	EPHA10	23	4	19	11	1	10
chr3	134794398	134795951	1554	*	EPHB1	36	2	34	20	1	19
chr1	220047459	220047459	1	*	EPRS1	15	14	1	10	5	5
chr2	127293637	127293658	22	*	ERCC3	38	24	14	31	9	22
chr13	102845920	102845920	1	*	ERCC5	16	0	16	10	1	9
chr9	100098495	100098510	16	*	ERP44	68	1	67	36	0	36
chr7	65006712	65006712	1	*	ERV3-1	11	3	8	10	0	10
chr19	58305335	58305362	28	*	ERVK3-1	81	1	80	42	0	42
chr18	21600315	21600338	24	*	ESCO1	67	0	67	20	0	20
chr13	46796690	46796690	1	*	ESD	17	0	17	10	0	10
chr6	151807402	151807402	1	*	ESR1	19	7	12	10	1	9
chr7	158830359	158830359	1	*	ESYT2	24	14	10	15	6	9
chr1	157099129	157099129	1	*	ETV3L	29	29	0	11	8	3
chr3	186109266	186109280	15	*	ETV5	65	0	65	22	0	22
chr22	29269250	29269254	5	*	EWSR1	43	0	43	22	0	22
chr5	442554	442554	1	*	EXOC3-AS1	22	7	15	10	2	8
chr1	231338064	231338064	1	*	EXOC8	36	0	36	10	0	10
chr11	108539099	108539099	1	*	EXPH5	15	2	13	10	0	10
chr11	70203192	70203456	265	*	FADD	134	0	134	50	0	50
chr17	74892815	74892815	1	*	FADS6	19	0	19	10	0	10
chr1	150516294	150516313	20	*	FALEC	41	1	40	23	0	23
chr17	73231679	73231679	1	*	FAM104A	10	0	10	10	0	10
chr3	184336943	184336943	1	*	FAM131A	12	12	0	11	7	4
chr10	59362312	59362312	1	*	FAM13C	21	14	7	10	8	2
chr4	2536698	2536698	1	*	FAM193A	11	0	11	10	0	10
chr9	38621838	38621838	1	*	FAM201A	23	0	23	10	0	10
chr18	13726159	13726169	11	*	FAM210A	27	0	27	20	0	20
chr12	110469138	110469158	21	*	FAM216A	40	0	40	25	0	25
chr6	4078571	4078571	1	*	FAM217A	21	20	1	14	12	2
chr16	235609	235611	3	*	FAM234A	48	0	48	20	0	20
chr4	1683898	1683918	21	*	FAM53A	42	3	39	34	1	33
chr1	166167494	166167508	15	*	FAM78B	38	6	32	23	2	21
chr11	22625372	22625372	1	*	FANCF	13	2	11	10	2	8
chr14	45136122	45136122	1	*	FANCM	22	0	22	10	0	10
chr10	125896729	125896740	12	*	FANK1	157	54	103	59	4	55
chr4	186724806	186724806	1	*	FAT1	19	7	12	10	5	5
chr16	30659058	30659058	1	*	FBRS	21	0	21	12	0	12
chr16	30925253	30925262	10	*	FBXL19	55	52	3	21	9	12
chr18	74147373	74147725	353	*	FBXO15	144	6	138	64	4	60
chr12	117190659	117190659	1	*	FBXO21	16	3	13	13	3	10
chr11	33774800	33774800	1	*	FBXO3-DT	10	0	10	10	0	10
chr6	53066077	53066077	1	*	FBXO9	27	0	27	10	0	10
chr18	57586336	57586336	1	*	FECH	27	0	27	10	0	10
chr19	4791482	4791688	207	*	FEM1A	123	0	123	53	1	52
chr11	64206355	64207098	744	*	FERMT3	47	1	46	21	0	21
chr12	95217551	95217576	26	*	FGD6	34	0	34	22	1	21
chr5	44388848	44388848	1	*	FGF10-AS1	19	7	12	10	2	8
chr4	80268497	80268509	13	*	FGF5	20	12	8	22	17	5
chr10	101775368	101775368	1	*	FGF8	14	7	7	11	2	9
chr13	21670434	21670817	384	*	FGF9	93	0	93	51	2	49
chr10	91908652	91908683	32	*	FGFBP3	201	9	192	89	6	83
chr7	77199428	77199428	1	*	FGL2	20	0	20	10	0	10
chr3	61251024	61251044	21	*	FHIT	57	0	57	43	0	43
chr18	36297190	36297366	177	*	FHOD3	79	13	66	44	1	43
chr13	99351843	99351843	1	*	FKSG29	23	23	0	10	6	4
chr14	85530020	85531583	1564	*	FLRT2	43	5	38	21	7	14
chr13	28100556	28100571	16	*	FLT3	52	0	52	20	0	20
chr4	158769220	158769220	1	*	FNIP2	17	0	17	11	0	11
chr7	291537	291537	1	*	FOXL3-OT1	17	12	5	11	6	5
chr2	48315289	48315447	159	*	FOXN2	102	1	101	52	0	52
chr6	41545657	41548118	2462	*	FOXP4-AS1	96	35	61	63	23	40
chr20	29080383	29080395	13	*	FRG1DP	98	87	11	24	19	5
chr11	61967214	61967226	13	*	FTH1	44	2	42	31	0	31
chr1	23868819	23868819	1	*	FUCA1	46	2	44	10	0	10
chr4	75673668	75673691	24	*	G3BP2	94	0	94	43	0	43
chr16	75566922	75566922	1	*	GABARAPL2	34	4	30	13	0	13
chr4	47031437	47031437	1	*	GABRB1	18	13	5	12	4	8
chr2	170816212	170816232	21	*	GAD1	69	10	59	34	0	34
chr1	67685987	67686006	20	*	GADD45A	31	0	31	20	0	20
chr1	23800360	23800378	19	*	GALE	67	0	67	33	0	33
chr12	51392185	51392185	1	*	GALNT6	24	18	6	11	7	4
chr11	62646321	62646348	28	*	GANAB	56	3	53	31	0	31
chr18	32469929	32471306	1378	*	GAREM1	140	21	119	49	8	41
chr2	26172657	26172657	1	*	GAREM2	27	4	23	10	3	7
chr21	33542692	33542692	1	*	GART	24	0	24	11	0	11
chr9	86946850	86946850	1	*	GAS1	22	2	20	12	1	11
chr18	22170506	22170531	26	*	GATA6	139	16	123	51	5	46
chr1	155244891	155244905	15	*	GBA	45	0	45	23	0	23
chr1	155227327	155227334	8	*	GBAP1	64	0	64	36	0	36
chr19	12891669	12891680	12	*	GCDH	76	5	71	25	0	25
chr9	76459532	76459540	9	*	GCNT1	57	0	57	21	1	20
chr16	81095631	81095631	1	*	GCSH	20	2	18	10	0	10
chr21	39380855	39380881	27	*	GET1	79	1	78	34	0	34
chr19	12736271	12736589	319	*	GET3	238	139	99	85	18	67
chr1	92484000	92484000	1	*	GFI1	24	0	24	10	0	10
chr10	84139937	84139937	1	*	GHITM	24	0	24	11	0	11
chr3	172449106	172449106	1	*	GHSR	26	16	10	11	6	5
chr13	20161796	20161807	12	*	GJA3	22	7	15	20	8	12
chr2	120734961	120734961	1	*	GLI2	12	3	9	10	2	8
chr7	42237263	42237291	29	*	GLI3	63	2	61	53	0	53
chr2	190880319	190880347	29	*	GLS	97	0	97	42	0	42
chr12	104050221	104050229	9	*	GLT8D2	36	0	36	21	1	20
chr2	69829544	69829544	1	*	GMCL1	30	0	30	11	0	11
chr14	24232714	24233384	671	*	GMPR2	35	1	34	20	1	19
chr18	11689382	11689382	1	*	GNAL	34	1	33	10	1	9
chr1	84506644	84506644	1	*	GNG5	26	0	26	10	0	10
chr1	231241533	231241533	1	*	GNPAT	26	0	26	11	0	11
chr16	1352397	1352397	1	*	GNPTG	16	0	16	10	0	10
chr12	132828581	132828581	1	*	GOLGA3	27	0	27	10	0	10
chr5	32173916	32173916	1	*	GOLPH3	28	0	28	10	0	10
chr1	155857456	155857480	25	*	GON4L	70	1	69	46	2	44
chr16	58734056	58734056	1	*	GOT2	28	0	28	10	0	10
chr22	19723368	19723380	13	*	GP1BB	35	11	24	21	16	5
chr3	129060598	129060626	29	*	GP9	42	4	38	22	4	18
chr10	112183836	112183863	28	*	GPAM	98	0	98	46	0	46
chr6	31665616	31665616	1	*	GPANK1	12	0	12	10	0	10
chr1	156601725	156601727	3	*	GPATCH4	47	6	41	21	1	20
chr1	45687234	45687249	16	*	GPBP1L1	52	0	52	32	0	32
chr3	32106939	32106950	12	*	GPD1L	30	0	30	22	0	22
chr1	26890585	26890607	23	*	GPN2	40	1	39	23	0	23
chr9	130053830	130053857	28	*	GPR107	46	1	45	44	0	44
chr14	105065872	105065872	1	*	GPR132	30	0	30	14	0	14
chr2	230924807	230924807	1	*	GPR55	16	0	16	10	0	10
chr2	53859355	53859355	1	*	GPR75	15	15	0	11	11	0
chr17	74431807	74432714	908	*	GPRC5C	66	4	62	41	1	40
chr10	46556406	46556406	1	*	GPRIN2	27	3	24	10	0	10
chr17	82052229	82052852	624	*	GPS1	142	7	135	53	4	49
chr19	34999811	34999820	10	*	GRAMD1A	60	1	59	20	0	20
chr18	21241424	21241424	1	*	GREB1L	49	12	37	10	0	10
chr21	29939787	29939787	1	*	GRIK1	29	18	11	10	5	5
chr11	120564247	120564247	1	*	GRIK4	16	10	6	10	6	4
chr17	74860169	74860169	1	*	GRIN2C	29	2	27	11	0	11
chr22	25564286	25564300	15	*	GRK3	32	0	32	22	0	22
chr18	59220696	59220719	24	*	GRP	52	23	29	24	8	16
chr5	149345699	149345699	1	*	GRPEL2	22	0	22	11	0	11
chr8	143553377	143553404	28	*	GSDMD	52	0	52	46	0	46
chr19	42243165	42243165	1	*	GSK3A	21	0	21	10	0	10
chr10	104274897	104274897	1	*	GSTO2	22	1	21	10	0	10
chr3	120743081	120743083	3	*	GTF2E1	30	0	30	20	0	20
chr11	18322662	18322662	1	*	GTF2H1	12	0	12	11	0	11
chr18	70651912	70651912	1	*	GTSCR1	30	11	19	12	5	7
chr6	27133894	27133922	29	*	H2AC11	132	0	132	75	0	75
chr6	26033917	26034162	246	*	H2AC4	32	4	28	20	0	20
chr4	99950124	99950150	27	*	H2AZ1	85	0	85	55	0	55
chr6	26285697	26285711	15	*	H4C8	99	0	99	30	0	30
chr10	113553827	113553846	20	*	HABP2	30	6	24	20	5	15
chr2	171923336	171923367	32	*	HAT1	62	5	57	31	4	27
chr19	17075253	17075253	1	*	HAUS8	15	0	15	10	0	10
chr16	165319	165319	1	*	HBM	22	2	20	11	1	10
chr6	135054363	135054363	1	*	HBS1L	22	0	22	10	0	10
chr5	141636526	141636547	22	*	HDAC3	132	0	132	61	0	61
chr2	239401295	239401310	16	*	HDAC4-AS1	67	0	67	20	0	20
chr18	47150459	47150459	1	*	HDHD2	25	0	25	10	0	10
chr12	13000166	13000193	28	*	HEBP1	81	1	80	52	0	52
chr10	94546135	94546135	1	*	HELLS	11	0	11	10	0	10
chr3	194136131	194137022	892	*	HES1	44	1	43	21	0	21
chr1	39640032	39640034	3	*	HEYL	31	29	2	22	16	6
chr10	92689213	92689218	6	*	HHEX	70	3	67	20	1	19
chr7	27662466	27662853	388	*	HIBADH	43	0	43	31	0	31
chr12	122836334	122836334	1	*	HIP1R	25	0	25	10	0	10
chr6	29942687	29942693	7	*	HLA-A	22	18	4	21	21	0
chr20	31514540	31514540	1	*	HM13	21	0	21	10	0	10
chr11	119085054	119085054	1	*	HMBS	23	0	23	10	0	10
chr6	79234653	79234667	15	*	HMGN3	53	2	51	31	1	30
chr4	82429349	82429366	18	*	HNRNPDL	22	0	22	20	0	20
chr10	43407969	43407969	1	*	HNRNPF	31	2	29	10	0	10
chr10	68331445	68332749	1305	*	HNRNPH3	79	0	79	32	0	32
chr9	83979612	83979638	27	*	HNRNPK	125	1	124	73	0	73
chr2	38602266	38602266	1	*	HNRNPLL	24	0	24	10	0	10
chr19	41263871	41263871	1	*	HNRNPUL1	24	0	24	10	0	10
chr7	27147884	27147905	22	*	HOXA6	60	37	23	41	14	27
chr12	54053566	54053566	1	*	HOXC4	17	0	17	10	0	10
chr6	114063236	114063242	7	*	HS3ST5	35	28	7	22	9	13
chr16	83808612	83808612	1	*	HSBP1	26	0	26	10	0	10
chr18	79964485	79964490	6	*	HSBP1L1	36	4	32	20	3	17
chr14	102088016	102088032	17	*	HSP90AA1	24	4	20	23	0	23
chr21	14382904	14383700	797	*	HSPA13	228	1	227	101	0	101
chr6	86937778	86937783	6	*	HTR1E	32	24	8	20	11	9
chr4	8269352	8269352	1	*	HTRA3	19	19	0	10	5	5
chr21	31873145	31873145	1	*	HUNK	14	7	7	10	1	9
chr12	110688583	110689754	1172	*	HVCN1	83	27	56	32	10	22
chr19	10287293	10287321	29	*	ICAM4	36	0	36	33	2	31
chr10	92573287	92573300	14	*	IDE	67	3	64	34	3	31
chr6	30743796	30743809	14	*	IER3	47	28	19	32	16	16
chr18	47176140	47176167	28	*	IER3IP1	353	0	353	65	0	65
chr19	18174130	18174155	26	*	IFI30	108	0	108	43	0	43
chr2	162317856	162318050	195	*	IFIH1	103	6	97	43	1	42
chr6	137219234	137219237	4	*	IFNGR1	51	0	51	20	0	20
chr3	108222431	108222440	10	*	IFT57	68	1	67	20	1	19
chr11	2141057	2141057	1	*	IGF2	15	15	0	10	6	4
chr3	119034456	119034456	1	*	IGSF11	19	4	15	12	6	6
chr1	116667046	116667046	1	*	IGSF3	24	5	19	10	3	7
chr2	213151929	213151929	1	*	IKZF2	15	0	15	10	0	10
chr11	72000298	72000298	1	*	IL18BP	26	26	0	10	5	5
chr2	112785292	112785292	1	*	IL1A	20	20	0	13	13	0
chr16	27428263	27428263	1	*	IL21R	21	21	0	11	9	2
chr1	24143153	24143153	1	*	IL22RA1	25	9	16	11	4	7
chr7	111561535	111561535	1	*	IMMP2L	10	0	10	13	2	11
chr18	11981014	11982304	1291	*	IMPA2	149	0	149	58	0	58
chr11	62123978	62123978	1	*	INCENP	13	0	13	10	0	10
chr9	136439232	136439232	1	*	INPP5E	24	0	24	10	0	10
chr17	61927736	61927741	6	*	INTS2	47	0	47	22	0	22
chr10	58268089	58268100	12	*	IPMK	64	0	64	41	0	41
chr12	66189053	66189053	1	*	IRAK3	21	0	21	10	0	10
chr12	43759210	43759210	1	*	IRAK4	11	0	11	10	0	10
chr4	184474889	184474907	19	*	IRF2	84	0	84	33	0	33
chr7	128938679	128938679	1	*	IRF5	21	1	20	10	0	10
chr16	54930446	54930454	9	*	IRX5	51	0	51	20	0	20
chr19	55461220	55461220	1	*	ISOC2	26	0	26	10	0	10
chr3	129160314	129160314	1	*	ISY1	29	14	15	10	2	8
chr16	47144470	47144494	25	*	ITFG1-AS1	120	1	119	54	1	53
chr13	48233717	48233734	18	*	ITM2B	51	1	50	22	1	21
chr10	104328193	104328204	12	*	ITPRIP	30	0	30	20	0	20
chr2	24361292	24361292	1	*	ITSN2	17	17	0	10	9	1
chr1	185316694	185316694	1	*	IVNS1ABP	17	1	16	10	0	10
chr19	2097456	2097482	27	*	IZUMO4	46	8	38	21	4	17
chr1	64966020	64966020	1	*	JAK1	16	0	16	10	0	10
chr19	17848016	17848016	1	*	JAK3	17	7	10	10	2	8
chr8	74320423	74320445	23	*	JPH1	42	15	27	34	11	23
chr11	96390283	96390287	5	*	JRKL	49	0	49	31	0	31
chr1	58783563	58783582	20	*	JUN	62	0	62	40	1	39
chr19	12790958	12790958	1	*	JUNB	23	0	23	10	0	10
chr17	42121706	42121706	1	*	KAT2A	10	0	10	10	0	10
chr10	74824650	74824650	1	*	KAT6B	14	14	0	10	7	3
chr1	111988834	111988834	1	*	KCND3	15	2	13	10	0	10
chr2	10912004	10912011	8	*	KCNF1	44	11	33	20	8	12
chr14	88270145	88270145	1	*	KCNK10	20	19	1	10	9	1
chr6	39315211	39315211	1	*	KCNK17	11	10	1	10	3	7
chr1	215083278	215083278	1	*	KCNK2	21	4	17	11	2	9
chr19	17951947	17951947	1	*	KCNN1	30	0	30	10	0	10
chr11	2461549	2461577	29	*	KCNQ1	48	43	5	20	17	3
chr11	2862555	2862561	7	*	KCNQ1-AS1	40	18	22	20	10	10
chr6	72621072	72621072	1	*	KCNQ5	25	0	25	10	0	10
chr18	26549405	26549424	20	*	KCTD1	44	3	41	21	0	21
chr7	66628651	66628670	20	*	KCTD7	151	4	147	72	1	71
chr19	4968838	4968838	1	*	KDM4B	28	0	28	10	0	10
chr9	6757353	6757353	1	*	KDM4C	17	0	17	10	0	10
chr18	63367537	63367987	451	*	KDSR	77	3	74	30	0	30
chr6	24645969	24645985	17	*	KIAA0319	20	1	19	20	0	20
chr1	180912073	180912073	1	*	KIAA1614	13	4	9	11	4	7
chr22	25111825	25111852	28	*	KIAA1671-AS1	50	3	47	20	0	20
chr1	200620509	200620509	1	*	KIF14	30	0	30	10	0	10
chr16	29791083	29791083	1	*	KIF22	39	0	39	10	0	10
chr6	33391663	33391663	1	*	KIFC1	14	0	14	10	0	10
chr19	917759	917784	26	*	KISS1R	149	7	142	59	0	59
chr4	54658883	54658883	1	*	KIT	21	0	21	10	0	10
chr9	107489149	107489149	1	*	KLF4	14	0	14	10	1	9
chr14	49767933	49767954	22	*	KLHDC2	72	0	72	46	0	46
chr1	202927421	202927433	13	*	KLHL12	62	0	62	25	0	25
chr10	87862598	87862598	1	*	KLLN	17	0	17	11	0	11
chr11	118435632	118435642	11	*	KMT2A	39	0	39	32	0	32
chr12	123383722	123383722	1	*	KMT5A	23	1	22	10	0	10
chr11	68212639	68212659	21	*	KMT5B	226	1	225	70	0	70
chr17	47651229	47651229	1	*	KPNB1	17	0	17	10	0	10
chr12	52520289	52520289	1	*	KRT5	26	4	22	10	1	9
chr21	30881310	30881310	1	*	KRTAP11-1	17	14	3	10	7	3
chr21	44654700	44654700	1	*	KRTAP12-4	14	12	2	10	7	3
chr11	1628948	1628969	22	*	KRTAP5-5	44	2	42	30	1	29
chr18	6413962	6413962	1	*	L3MBTL4	20	20	0	10	9	1
chr19	54503142	54503142	1	*	LAIR2	15	10	5	15	7	8
chr1	156055528	156055528	1	*	LAMTOR2	22	1	21	11	0	11
chr4	128062097	128062097	1	*	LARP1B	20	0	20	11	0	11
chr12	50401566	50401566	1	*	LARP4	26	0	26	10	0	10
chr5	146182613	146183687	1075	*	LARS1	208	59	149	83	15	68
chr17	38869499	38869505	7	*	LASP1	28	0	28	20	0	20
chr11	62672085	62672094	10	*	LBHD1	22	0	22	20	0	20
chr10	101229830	101229841	12	*	LBX1-AS1	32	19	13	21	8	13
chr2	74502375	74502375	1	*	LBX2-AS1	10	4	6	10	8	2
chr5	170297624	170297624	1	*	LCP2	33	0	33	12	0	12
chr16	21158757	21158778	22	*	LDAF1	105	0	105	20	0	20
chr2	20822285	20822285	1	*	LDAH	20	1	19	10	0	10
chr11	18395089	18395089	1	*	LDHA	33	0	33	10	0	10
chr19	11089509	11089516	8	*	LDLR	29	13	16	27	6	21
chr18	13277405	13612403	334999	*	LDLRAD4	184	50	134	79	27	52
chr19	54463182	54463834	653	*	LENG9	138	1	137	66	0	66
chr12	51048114	51048139	26	*	LETMD1	51	0	51	29	0	29
chr19	39776434	39778467	2034	*	LEUTX	43	39	4	21	19	2
chr7	2519056	2519063	8	*	LFNG	45	5	40	22	2	20
chr19	35135912	35135912	1	*	LGI4	10	0	10	10	0	10
chr11	27471354	27471354	1	*	LGR4-AS1	16	14	2	10	10	0
chr19	48170296	48170296	1	*	LIG1	16	0	16	10	0	10
chr1	26411677	26411677	1	*	LIN28A	17	11	6	11	7	4
chr19	35749385	35749395	11	*	LIN37	40	35	5	23	19	4
chr16	85281997	85281997	1	*	LINC00311	25	23	2	10	3	7
chr13	75935812	75935821	10	*	LINC00561	28	28	0	24	21	3
chr13	110812434	110812456	23	*	LINC00567	55	52	3	46	34	12
chr18	5238315	5238340	26	*	LINC00667	83	1	82	37	0	37
chr6	57961501	57961526	26	*	LINC00680-GUSBP4	84	0	84	43	0	43
chr18	76620493	76620493	1	*	LINC00683	26	0	26	10	0	10
chr18	76527759	76529556	1798	*	LINC00908	133	44	89	69	18	51
chr6	27694026	27694035	10	*	LINC01012	53	2	51	22	3	19
chr11	1991226	1991226	1	*	LINC01219	32	11	21	11	7	4
chr2	241971234	241971234	1	*	LINC01238	17	15	2	11	8	3
chr22	19171049	19171049	1	*	LINC01311	14	0	14	10	0	10
chr1	1136847	1136851	5	*	LINC01342	34	4	30	20	1	19
chr1	65003216	65003351	136	*	LINC01359	49	15	34	31	8	23
chr18	55779697	55779723	27	*	LINC01415	52	4	48	22	2	20
chr18	14969723	14969723	1	*	LINC01444	17	9	8	11	3	8
chr19	51594550	51594550	1	*	LINC01530	25	0	25	10	0	10
chr21	17438715	17438715	1	*	LINC01549	19	14	5	12	3	9
chr6	167797783	167797783	1	*	LINC01558	23	22	1	10	6	4
chr3	128576922	128576922	1	*	LINC01565	19	17	2	10	9	1
chr6	2634565	2634575	11	*	LINC01600	60	0	60	22	0	22
chr6	71420945	71420945	1	*	LINC01626	18	8	10	10	5	5
chr18	51392757	51392757	1	*	LINC01630	15	13	2	10	6	4
chr22	43401228	43401232	5	*	LINC01639	37	32	5	21	15	6
chr21	43361354	43361370	17	*	LINC01679	55	4	51	38	0	38
chr1	182615129	182615154	26	*	LINC01686	235	2	233	69	0	69
chr1	30824280	30824280	1	*	LINC01778	27	0	27	15	0	15
chr2	46393937	46393937	1	*	LINC01820	20	19	1	10	8	2
chr2	129923295	129923298	4	*	LINC01856	41	8	33	20	0	20
chr18	514320	514320	1	*	LINC01925	16	9	7	12	7	5
chr5	151959126	151959152	27	*	LINC01933	29	15	14	20	9	11
chr17	79919327	79919348	22	*	LINC01978	35	19	16	23	8	15
chr17	52389852	52389852	1	*	LINC01982	17	3	14	10	1	9
chr17	72341915	72341915	1	*	LINC02003	14	10	4	10	1	9
chr16	25066728	25066742	15	*	LINC02175	62	0	62	40	1	39
chr17	45619510	45619510	1	*	LINC02210	32	31	1	16	15	1
chr14	97458461	97458461	1	*	LINC02325	27	24	3	11	6	5
chr12	132189869	132189891	23	*	LINC02361	82	0	82	56	0	56
chr12	98503388	98503388	1	*	LINC02453	25	0	25	10	1	9
chr6	2633953	2633979	27	*	LINC02521	28	26	2	20	10	10
chr22	31971363	31971363	1	*	LINC02558	30	28	2	10	3	7
chr3	48664342	48664342	1	*	LINC02585	10	0	10	10	0	10
chr2	98770943	98770955	13	*	LINC02611	38	34	4	21	17	4
chr11	45772258	45772258	1	*	LINC02716	19	0	19	10	0	10
chr11	70065226	70065251	26	*	LINC02753	27	26	1	24	15	9
chr8	143696768	143696768	1	*	LINC02878	20	0	20	10	0	10
chr18	49561936	49562590	655	*	LIPG	44	13	31	22	7	15
chr1	145927019	145927019	1	*	LIX1L-AS1	24	1	23	11	1	10
chr2	96739758	96739784	27	*	LMAN2L	98	3	95	53	0	53
chr7	156893484	156893484	1	*	LMBR1	26	0	26	11	0	11
chr5	36151544	36151562	19	*	LMBRD2	60	1	59	22	0	22
chr1	156126372	156126388	17	*	LMNA	53	0	53	21	0	21
chr19	2457235	2457235	1	*	LMNB2	28	0	28	12	0	12
chr11	8269291	8269293	3	*	LMO1	36	34	2	20	15	5
chr19	48512326	48512326	1	*	LMTK3	19	3	16	11	0	11
chr1	165356401	165356401	1	*	LMX1A	19	17	2	10	6	4
chr7	1534204	1534221	18	*	LOC100128653	52	50	2	20	10	10
chr9	89639775	89639802	28	*	LOC100129066	36	28	8	25	17	8
chr2	56185226	56185245	20	*	LOC100129434	38	10	28	22	4	18
chr4	782691	782717	27	*	LOC100129917	32	31	1	22	16	6
chr6	169963476	169963495	20	*	LOC100131532	46	41	5	23	18	5
chr9	62838364	62838383	20	*	LOC100132249	180	19	161	46	8	38
chr9	130578913	130578930	18	*	LOC100272217	44	1	43	22	1	21
chr6	166343052	166343052	1	*	LOC100289495	21	0	21	11	0	11
chr6	32894979	32895007	29	*	LOC100294145	115	1	114	42	1	41
chr6	3231595	3231595	1	*	LOC100422781	18	12	6	10	7	3
chr18	57630400	57630407	8	*	LOC100505549	62	0	62	20	0	20
chr19	41929096	41929096	1	*	LOC100505585	31	0	31	10	0	10
chr11	32041464	32041481	18	*	LOC100506675	39	38	1	33	27	6
chr6	32154977	32155003	27	*	LOC100507547	50	30	20	22	9	13
chr7	150357	150367	11	*	LOC100507642	56	2	54	21	0	21
chr7	102363757	102363775	19	*	LOC100630923	59	0	59	22	0	22
chr19	49018490	49018490	1	*	LOC101059948	30	18	12	10	4	6
chr9	35646588	35646588	1	*	LOC101926948	13	0	13	10	0	10
chr6	99424932	99424932	1	*	LOC101927365	19	0	19	14	0	14
chr6	3024420	3024420	1	*	LOC101927759	24	0	24	12	0	12
chr16	21599074	21599080	7	*	LOC101927814	26	0	26	31	0	31
chr9	89970105	89970132	28	*	LOC101927847	34	26	8	22	13	9
chr3	187291417	187291417	1	*	LOC101929130	26	2	24	11	2	9
chr6	33634390	33634390	1	*	LOC101929188	17	7	10	10	4	6
chr1	101026183	101026193	11	*	LOC102606465	46	0	46	20	0	20
chr2	1550997	1550997	1	*	LOC102723730	12	0	12	12	0	12
chr22	11897060	11897060	1	*	LOC102723769	37	5	32	10	1	9
chr12	127654891	127654914	24	*	LOC105370068	31	20	11	21	10	11
chr13	49247803	49247803	1	*	LOC105370203	17	0	17	10	0	10
chr7	30285407	30285407	1	*	LOC105375218	12	0	12	10	0	10
chr2	20500754	20500754	1	*	LOC107985856	19	19	0	10	10	0
chr1	2189832	2189856	25	*	LOC112268219	70	2	68	38	0	38
chr1	20154456	20154456	1	*	LOC117779438	15	15	0	11	9	2
chr18	76122678	76122688	11	*	LOC339298	45	42	3	20	15	5
chr22	32377385	32377385	1	*	LOC339666	14	13	1	11	8	3
chr9	107103093	107103098	6	*	LOC340512	30	9	21	24	12	12
chr11	123017868	123017868	1	*	LOC341056	12	11	1	10	9	1
chr19	6393682	6393702	21	*	LOC390877	38	0	38	38	0	38
chr7	65771277	65771277	1	*	LOC441242	39	33	6	11	8	3
chr22	46070026	46070026	1	*	LOC642648	20	0	20	10	0	10
chr6	3456242	3456262	21	*	LOC643327	66	13	53	21	2	19
chr8	12379933	12379959	27	*	LOC649352	139	115	24	58	41	17
chr19	36772995	36773015	21	*	LOC728485	80	0	80	47	0	47
chr7	150405111	150405111	1	*	LOC728743	23	0	23	10	0	10
chr6	166098133	166098133	1	*	LOC729681	10	5	5	16	4	12
chr4	6674438	6674444	7	*	LOC93622	70	0	70	34	0	34
chr19	5720206	5720375	170	*	LONP1	101	0	101	65	0	65
chr18	3013566	3013738	173	*	LPIN2	66	1	65	28	0	28
chr11	58578019	58578026	8	*	LPXN	57	0	57	21	1	20
chr12	132610694	132610703	10	*	LRCOL1	50	12	38	24	3	21
chr14	22871647	22871660	14	*	LRP10	38	0	38	22	0	22
chr2	169362614	169362618	5	*	LRP2	44	3	41	20	0	20
chr11	46917885	46917885	1	*	LRP4	28	0	28	10	3	7
chr22	25362042	25362670	629	*	LRP5L	108	62	46	49	15	34
chr2	43995922	43995926	5	*	LRPPRC	82	0	82	30	0	30
chr9	137170110	137170136	27	*	LRRC26	38	11	27	33	10	23
chr11	76671291	76671291	1	*	LRRC32	25	7	18	11	2	9
chr3	26625481	26625481	1	*	LRRC3B	27	13	14	10	2	8
chr11	57181814	57181829	16	*	LRRC55	41	2	39	24	0	24
chr5	157743767	157743780	14	*	LSM11	77	0	77	30	0	30
chr11	69674680	69674694	15	*	LTO1	56	0	56	30	0	30
chr6	31670677	31670677	1	*	LY6G5B	13	9	4	10	5	5
chr19	41844326	41844326	1	*	LYPD4	21	21	0	10	7	3
chr1	235866395	235866395	1	*	LYST	29	0	29	10	0	10
chr11	10568613	10568613	1	*	LYVE1	21	21	0	10	7	3
chr3	45915943	45915943	1	*	LZTFL1	17	6	11	11	5	6
chr22	20982545	20982545	1	*	LZTR1	28	0	28	10	0	10
chr10	101002674	101002682	9	*	LZTS2	23	23	0	24	12	12
chr13	35475868	35475868	1	*	MAB21L1	11	11	0	11	5	6
chr10	70053241	70053256	16	*	MACROH2A2	95	5	90	38	1	37
chr7	1939756	1939760	5	*	MAD1L1	41	3	38	20	1	19
chr22	38202917	38202941	25	*	MAFF	59	2	57	45	1	44
chr17	81922908	81922910	3	*	MAFG	61	1	60	20	0	20
chr7	1531590	1531590	1	*	MAFK	21	0	21	10	1	9
chr1	53238296	53238296	1	*	MAGOH	20	0	20	10	0	10
chr1	53238766	53238766	1	*	MAGOH-DT	22	2	20	10	0	10
chr18	58670702	58670711	10	*	MALT1	31	15	16	20	8	12
chr5	179732551	179732551	1	*	MAML1	21	0	21	10	0	10
chr4	102760789	102760789	1	*	MANBA	15	0	15	10	0	10
chr19	40190922	40192285	1364	*	MAP3K10	59	8	51	40	3	37
chr11	65613272	65613272	1	*	MAP3K11	21	2	19	10	3	7
chr6	90586523	90586523	1	*	MAP3K7	28	1	27	10	0	10
chr11	64803712	64803726	15	*	MAP4K2	68	0	68	20	0	20
chr2	101698365	101698365	1	*	MAP4K4	10	0	10	10	0	10
chr3	183826060	183826060	1	*	MAP6D1	11	3	8	10	1	9
chr6	36027577	36027590	14	*	MAPK14	98	0	98	49	0	49
chr18	34976283	34978454	2172	*	MAPRE2	112	12	100	50	9	41
chr1	32336538	32336712	175	*	MARCKSL1	95	40	55	40	7	33
chr14	103385159	103385457	299	*	MARK3	158	0	158	73	0	73
chr10	97714191	97714216	26	*	MARVELD1	214	0	214	92	0	92
chr19	3786838	3802152	15315	*	MATK	88	36	52	33	9	24
chr3	192918264	192918264	1	*	MB21D2	10	0	10	11	0	11
chr18	50281882	50281908	27	*	MBD1	124	0	124	52	1	51
chr18	54224638	54224640	3	*	MBD2	23	0	23	20	0	20
chr18	77017564	77017574	11	*	MBP	69	66	3	24	22	2
chr11	119317430	119317454	25	*	MCAM	58	58	0	30	28	2
chr2	71129893	71129916	24	*	MCEE	91	1	90	37	0	37
chr13	112980056	112980056	1	*	MCF2L	27	26	1	11	11	0
chr6	52284710	52284738	29	*	MCM3	49	0	49	25	0	25
chr21	46229249	46229253	5	*	MCM3AP-AS1	66	0	66	20	0	20
chr16	642600	642603	4	*	MCRIP2	46	0	46	22	0	22
chr12	49567872	49567872	1	*	MCRS1	27	0	27	12	0	12
chr6	41637702	41637702	1	*	MDFI	36	26	10	11	7	4
chr12	68808155	68808155	1	*	MDM2	24	0	24	10	0	10
chr11	86672041	86672049	9	*	ME3	65	15	50	32	4	28
chr1	37515166	37515166	1	*	MEAF6	25	4	21	10	0	10
chr11	93784794	93784950	157	*	MED17	160	1	159	70	0	70
chr19	39391391	39391396	6	*	MED29	39	0	39	20	0	20
chr15	99565919	99565919	1	*	MEF2A	16	0	16	10	0	10
chr22	41700084	41700084	1	*	MEI1	14	14	0	10	9	1
chr7	100430651	100430678	28	*	MEPCE	74	1	73	20	0	20
chr18	2570852	2570852	1	*	METTL4	30	0	30	11	0	11
chr15	82046686	82046686	1	*	MEX3B	17	0	17	10	0	10
chr22	37485770	37485970	201	*	MFNG	58	0	58	27	0	27
chr3	158802065	158802513	449	*	MFSD1	28	0	28	20	0	20
chr9	94374481	94374500	20	*	MFSD14B	77	0	77	34	0	34
chr6	111260056	111260056	1	*	MFSD4B	15	14	1	10	9	1
chr2	134119675	134119687	13	*	MGAT5	76	0	76	21	0	21
chr1	1614505	1614701	197	*	MIB2	53	0	53	20	0	20
chr6	31399458	31399458	1	*	MICA-AS1	23	2	21	11	1	10
chr6	109455912	109455923	12	*	MICAL1	33	1	32	21	0	21
chr11	12161331	12161331	1	*	MICAL2	14	14	0	10	7	3
chr6	31498182	31498207	26	*	MICB	47	0	47	33	0	33
chr13	21604003	21604003	1	*	MICU2	22	0	22	10	0	10
chr17	39730749	39730749	1	*	MIEN1	14	0	14	11	0	11
chr22	23895124	23895133	10	*	MIF	32	0	32	24	0	24
chr21	8988101	8988154	54	*	MIR10396A	486	430	56	148	107	41
chr19	10403316	10403316	1	*	MIR1181	15	0	15	10	0	10
chr17	48156362	48156389	28	*	MIR1203	61	17	44	44	14	30
chrM	6689	8148	1460	*	MIR12136	226	1	225	71	0	71
chr20	2652853	2652853	1	*	MIR1292	17	0	17	10	0	10
chr5	154686294	154686294	1	*	MIR1303	15	14	1	10	8	2
chr2	219295128	219295128	1	*	MIR153-1	17	0	17	12	0	12
chr18	49487372	49487380	9	*	MIR1539	45	0	45	20	0	20
chr18	35904534	35904893	360	*	MIR187	122	67	55	32	12	20
chr20	63940882	63940882	1	*	MIR1914	22	20	2	10	10	0
chr11	64892741	64892769	29	*	MIR194-2HG	40	38	2	31	22	9
chr6	33207916	33207916	1	*	MIR219A1	21	2	19	10	0	10
chr11	18387883	18387897	15	*	MIR3159	46	19	27	21	10	11
chr16	2532704	2532729	26	*	MIR3178	59	1	58	24	0	24
chr17	56891989	56892002	14	*	MIR3614	28	26	2	21	19	2
chr19	53787982	53787982	1	*	MIR372	10	9	1	11	7	4
chr22	31160140	31160140	1	*	MIR3928	17	0	17	11	0	11
chr16	56244841	56244841	1	*	MIR3935	15	15	0	10	7	3
chr19	6416834	6416834	1	*	MIR3940	12	10	2	10	7	3
chr2	239305936	239305936	1	*	MIR4269	16	14	2	11	7	4
chr14	100881899	100881899	1	*	MIR433	31	30	1	10	7	3
chr4	163093614	163093614	1	*	MIR4454	10	9	1	10	10	0
chr6	37556053	37556077	25	*	MIR4462	31	4	27	23	3	20
chr6	156779847	156779847	1	*	MIR4466	12	1	11	10	0	10
chr16	30875146	30875151	6	*	MIR4519	41	2	39	22	0	22
chr7	2527195	2527195	1	*	MIR4648	26	24	2	10	10	0
chr18	22933595	22933595	1	*	MIR4741	34	0	34	13	1	12
chr1	148334921	148334921	1	*	MIR5087	15	0	15	11	0	11
chr19	53731167	53731167	1	*	MIR518A1	14	10	4	11	6	5
chr18	13459232	13459232	1	*	MIR5190	17	10	7	10	9	1
chr19	53763067	53763090	24	*	MIR519A2	45	36	9	34	26	8
chr19	53713932	53713932	1	*	MIR519D	12	2	10	10	2	8
chr4	38868086	38868114	29	*	MIR574	49	24	25	39	17	22
chr17	76736282	76736424	143	*	MIR636	121	3	118	40	0	40
chr1	145849960	145849960	1	*	MIR6736	10	10	0	11	7	4
chr11	209288	209314	27	*	MIR6743	32	0	32	23	2	21
chr19	6736636	6736636	1	*	MIR6791	17	0	17	10	0	10
chr19	7616636	7616636	1	*	MIR6792	22	20	2	10	10	0
chr19	41868668	41868668	1	*	MIR6797	28	18	10	10	4	6
chr19	58334948	58334954	7	*	MIR6806	28	28	0	20	18	2
chr16	2271598	2271598	1	*	MIR940	28	23	5	10	7	3
chr12	62603653	62603653	1	*	MIRLET7I	36	0	36	10	0	10
chr19	14072674	14072679	6	*	MISP3	46	2	44	20	0	20
chr1	226224143	226224163	21	*	MIXL1	35	10	25	21	3	18
chr3	12544606	12544606	1	*	MKRN2OS	36	30	6	10	7	3
chr12	6753653	6753653	1	*	MLF2	22	0	22	10	0	10
chr16	58025090	58025090	1	*	MMP15	21	0	21	10	0	10
chr7	157008927	157008927	1	*	MNX1	27	22	5	10	8	2
chr19	2095892	2095906	15	*	MOB3A	152	1	151	48	0	48
chr1	46617166	46617180	15	*	MOB3C	44	40	4	20	19	1
chr14	102305246	102305269	24	*	MOK	56	1	55	21	0	21
chr1	2390905	2390905	1	*	MORN1	15	0	15	10	0	10
chr16	22007719	22007901	183	*	MOSMO	184	1	183	96	0	96
chr7	100612042	100612063	22	*	MOSPD3	46	0	46	31	0	31
chr1	112674422	112674963	542	*	MOV10	56	1	55	44	0	44
chr17	43899853	43899866	14	*	MPP2	32	19	13	22	15	7
chr17	43832776	43832776	1	*	MPP3	17	0	17	10	0	10
chr18	11908633	11908635	3	*	MPPE1	63	0	63	20	0	20
chr19	18192551	18192573	23	*	MPV17L2	50	0	50	41	0	41
chr4	6640881	6640892	12	*	MRFAP1	58	0	58	34	0	34
chr7	2241750	2241750	1	*	MRM2	25	0	25	10	0	10
chr18	50819537	50819562	26	*	MRO	47	0	47	39	0	39
chr6	43059416	43059443	28	*	MRPL2	77	0	77	32	2	30
chr1	1399825	1399837	13	*	MRPL20-AS1	82	0	82	54	0	54
chr5	154940817	154940817	1	*	MRPL22	33	9	24	10	3	7
chr3	131502739	131502739	1	*	MRPL3	16	0	16	10	0	10
chr19	17306057	17306057	1	*	MRPL34	17	0	17	10	0	10
chr19	10251945	10251959	15	*	MRPL4	80	1	79	32	0	32
chr12	93467721	93467735	15	*	MRPL42	79	0	79	34	0	34
chr2	74472174	74472611	438	*	MRPL53	155	0	155	62	1	61
chr1	151763614	151763616	3	*	MRPL9	65	1	64	21	0	21
chr13	40770958	40770958	1	*	MRPS31	19	0	19	10	0	10
chr13	52194447	52194457	11	*	MRPS31P5	39	0	39	21	0	21
chr2	95121409	95121433	25	*	MRPS5	110	0	110	64	1	63
chr21	34074382	34074382	1	*	MRPS6	19	1	18	11	0	11
chr11	124799537	124799556	20	*	MSANTD2	38	0	38	30	0	30
chr3	136195357	136197248	1892	*	MSL2	102	0	102	56	0	56
chr4	165327471	165327473	3	*	MSMO1	38	0	38	20	0	20
chr1	16646379	16646405	27	*	MST1P2	51	51	0	27	20	7
chr16	56658080	56658099	20	*	MT1F	59	16	43	36	7	29
chr16	56676230	56676230	1	*	MT1IP	19	9	10	10	3	7
chr16	56681544	56682205	662	*	MT1X	90	20	70	43	11	32
chr18	8704913	8704939	27	*	MTCL1	72	0	72	44	0	44
chr2	241102555	241102573	19	*	MTERF4	36	0	36	35	0	35
chr5	32313273	32313284	12	*	MTMR12	28	0	28	20	0	20
chr17	58518685	58518685	1	*	MTMR4	14	0	14	10	0	10
chr7	30135222	30135222	1	*	MTURN	13	0	13	10	0	10
chr7	100969366	100969366	1	*	MUC12	27	6	21	10	0	10
chr7	101017186	101017186	1	*	MUC12-AS1	20	0	20	10	0	10
chr11	1223862	1223862	1	*	MUC5B	23	19	4	10	6	4
chr11	65860167	65860167	1	*	MUS81	20	0	20	10	2	8
chr21	41420314	41420318	5	*	MX1	42	0	42	22	0	22
chr10	110210817	110210848	32	*	MXI1	210	8	202	73	2	71
chr8	66613182	66613182	1	*	MYBL1	21	1	20	10	0	10
chr8	127734779	127737153	2375	*	MYC	702	19	683	224	3	221
chr17	75587949	75587949	1	*	MYO15B	18	8	10	10	5	5
chr18	50195998	50195998	1	*	MYO5B	39	38	1	20	16	4
chr6	75749400	75749423	24	*	MYO6	53	6	47	43	13	30
chr2	207239266	207239266	1	*	MYOSLID	23	1	22	10	0	10
chr19	45902669	45902692	24	*	MYPOP	41	0	41	21	0	21
chr2	2324449	2324449	1	*	MYT1L	28	26	2	11	8	3
chr4	40055961	40055976	16	*	N4BP2	29	0	29	20	0	20
chr5	178114107	178114119	13	*	N4BP3	43	3	40	31	8	23
chr12	112108844	112108844	1	*	NAA25	27	0	27	10	0	10
chr17	7885618	7885618	1	*	NAA38	13	0	13	10	0	10
chr12	57088527	57088527	1	*	NAB2	29	0	29	11	0	11
chr5	36241931	36241931	1	*	NADK2	18	0	18	10	0	10
chr22	42071016	42071025	10	*	NAGA	67	0	67	36	1	35
chr2	71068549	71068555	7	*	NAGK	99	0	99	31	0	31
chr16	5033253	5033275	23	*	NAGPA-AS1	54	1	53	24	0	24
chr18	10526176	10526176	1	*	NAPG	26	0	26	13	0	13
chr18	57621767	57621793	27	*	NARS1	95	1	94	48	0	48
chr13	110616241	110616250	10	*	NAXD	68	0	68	30	0	30
chr1	156592156	156592156	1	*	NAXE	23	1	22	10	0	10
chr1	16613394	16613814	421	*	NBPF1	896	15	881	217	0	217
chr22	50508346	50508361	16	*	NCAPH2	54	2	52	20	0	20
chr22	36861442	36861461	20	*	NCF4	63	0	63	35	0	35
chr2	231463603	231464446	844	*	NCL	149	1	148	103	1	102
chr10	46019581	46019581	1	*	NCOA4	21	21	0	10	7	3
chr6	125790335	125790362	28	*	NCOA7	79	0	79	31	0	31
chr12	124568260	124568273	14	*	NCOR2	50	0	50	23	1	22
chr8	133297760	133297785	26	*	NDRG1	45	0	45	33	0	33
chr19	5902960	5902968	9	*	NDUFA11	41	2	39	21	0	21
chr16	23595321	23595321	1	*	NDUFAB1	14	6	8	10	5	5
chr6	96897392	96897404	13	*	NDUFAF4	55	0	55	24	0	24
chr2	37231622	37231651	30	*	NDUFAF7	125	0	125	50	0	50
chr18	9136207	9136472	266	*	NDUFV2-AS1	172	0	172	54	0	54
chr11	65423085	65423112	28	*	NEAT1	106	0	106	51	1	50
chr1	16440909	16441102	194	*	NECAP2	191	1	190	69	1	68
chr19	44845779	44845779	1	*	NECTIN2	17	1	16	10	0	10
chr18	58045217	58045220	4	*	NEDD4L	67	29	38	21	1	20
chr1	72283310	72283310	1	*	NEGR1	15	0	15	10	0	10
chr3	27369377	27369379	3	*	NEK10	29	0	29	20	0	20
chr3	131026951	131026978	28	*	NEK11	71	0	71	31	0	31
chr1	211675300	211675300	1	*	NEK2	23	0	23	10	0	10
chr9	124257690	124257690	1	*	NEK6	19	14	5	10	8	2
chr4	2009009	2009011	3	*	NELFA	37	0	37	20	2	18
chr18	72867454	72867889	436	*	NETO1	107	90	17	48	36	12
chr16	69566309	69566309	1	*	NFAT5	17	0	17	10	0	10
chr18	79396312	79396319	8	*	NFATC1	63	0	63	32	0	32
chr10	102393974	102394864	891	*	NFKB2	92	7	85	58	6	52
chr4	47914852	47914862	11	*	NFXL1	34	2	32	25	0	25
chr2	219160309	219160311	3	*	NHEJ1	34	0	34	20	0	20
chr10	113855324	113855324	1	*	NHLRC2	31	0	31	10	0	10
chr2	121650099	121650117	19	*	NIFK-AS1	51	0	51	23	0	23
chr5	36876195	36876215	21	*	NIPBL-DT	87	0	87	45	0	45
chr9	104748310	104748310	1	*	NIPSNAP3A	24	0	24	10	0	10
chr10	124449278	124449278	1	*	NKX1-2	19	17	2	10	10	0
chr8	41647047	41647047	1	*	NKX6-3	11	8	3	10	7	3
chr9	92325714	92325714	1	*	NOL8	25	0	25	10	0	10
chr10	102152224	102152416	193	*	NOLC1	116	0	116	55	0	55
chr2	202265932	202266099	168	*	NOP58	84	0	84	34	0	34
chr18	23585512	23585834	323	*	NPC1	57	5	52	22	0	22
chr17	81636370	81636370	1	*	NPLOC4	25	0	25	10	0	10
chr5	171387451	171387451	1	*	NPM1	23	1	22	10	0	10
chr6	2999395	2999395	1	*	NQO2	26	0	26	11	0	11
chr19	17244924	17244924	1	*	NR2F6	11	0	11	10	2	8
chr2	205682727	205682727	1	*	NRP2	11	0	11	10	0	10
chr3	196639799	196640655	857	*	NRROS	153	0	153	63	1	62
chr10	121974564	121974575	12	*	NSMCE4A	93	0	93	40	2	38
chr10	18651617	18651617	1	*	NSUN6	16	0	16	10	0	10
chr1	232950497	232950510	14	*	NTPCR	43	0	43	21	1	20
chr9	84668996	84668996	1	*	NTRK2	26	8	18	10	4	6
chr6	34392680	34392704	25	*	NUDT3	69	0	69	40	0	40
chr11	67629259	67629259	1	*	NUDT8	16	0	16	11	2	9
chr1	163321903	163321923	21	*	NUF2	76	0	76	42	0	42
chr5	37371104	37371112	9	*	NUP155	48	0	48	23	0	23
chr3	126662471	126662471	1	*	NUP210P1	18	14	4	10	8	2
chr22	45163664	45163677	14	*	NUP50-DT	58	0	58	33	0	33
chr17	75205161	75205161	1	*	NUP85	28	0	28	10	0	10
chr4	37244765	37244765	1	*	NWD2	15	5	10	10	4	6
chr11	62805630	62805652	23	*	NXF1	88	0	88	27	0	27
chr2	138781244	138781244	1	*	NXPH2	11	1	10	10	0	10
chr12	57216296	57216296	1	*	NXPH4	15	1	14	10	2	8
chr18	59034774	59034774	1	*	OACYLP	14	8	6	10	3	7
chr13	78659177	78659177	1	*	OBI1	21	0	21	10	0	10
chr4	48831372	48831372	1	*	OCIAD1	30	0	30	10	0	10
chr10	101818450	101818450	1	*	OGA	28	1	27	10	0	10
chr10	49761614	49761614	1	*	OGDHL	14	3	11	11	1	10
chr12	122975407	122975407	1	*	OGFOD2	26	0	26	10	0	10
chr21	33025233	33025257	25	*	OLIG2	70	40	30	33	18	15
chr1	58546855	58546876	22	*	OMA1	133	0	133	51	1	50
chr18	57434826	57434826	1	*	ONECUT2	17	2	15	10	4	6
chr11	5967677	5967677	1	*	OR56A5	13	9	4	10	3	7
chr2	71023799	71023799	1	*	OR7E91P	27	0	27	10	0	10
chr11	124441504	124441504	1	*	OR8B8	13	11	2	11	8	3
chr7	143027511	143027511	1	*	OR9A2	11	8	3	10	7	3
chr7	102434168	102434168	1	*	ORAI2	11	0	11	10	0	10
chr17	81666271	81666278	8	*	OXLD1	56	0	56	22	0	22
chr3	48989019	48989019	1	*	P4HTM	73	59	14	24	15	9
chr9	68780717	68780717	1	*	PABIR1	14	1	13	11	0	11
chr4	56436478	56436503	26	*	PAICS	51	0	51	36	0	36
chr3	196740699	196740699	1	*	PAK2	18	0	18	11	0	11
chr20	9838437	9838456	20	*	PAK5	27	3	24	23	2	21
chr2	104852437	104852437	1	*	PANTR1	28	1	27	10	0	10
chr14	96502277	96502303	27	*	PAPOLA-DT	92	0	92	44	0	44
chr16	67660764	67660764	1	*	PARD6A	20	0	20	10	0	10
chr2	85538967	85538967	1	*	PARTICL	22	0	22	12	0	12
chr2	241149441	241149454	14	*	PASK	46	0	46	22	0	22
chr11	59668280	59668300	21	*	PATL1	106	0	106	38	0	38
chr14	36662709	36662709	1	*	PAX9	10	7	3	11	8	3
chr10	68332911	68332911	1	*	PBLD	26	0	26	12	0	12
chr5	141177307	141177846	540	*	PCDHB8	108	32	76	52	22	30
chr5	141413117	141413133	17	*	PCDHGA10	42	0	42	24	0	24
chr5	141475821	141475849	29	*	PCDHGC3	90	8	82	55	1	54
chr2	74507495	74507522	28	*	PCGF1	136	0	136	47	0	47
chr10	91163632	91163651	20	*	PCGF5	114	2	112	65	0	65
chr7	100604596	100604596	1	*	PCOLCE-AS1	17	0	17	10	0	10
chr3	142888395	142888395	1	*	PCOLCE2	19	2	17	10	1	9
chr1	55040331	55040341	11	*	PCSK9	20	7	13	21	4	17
chr17	81911952	81911952	1	*	PCYT2	25	3	22	11	2	9
chr7	99408395	99408395	1	*	PDAP1	23	0	23	10	0	10
chr7	32070627	32070862	236	*	PDE1C	25	6	19	20	7	13
chr19	10419546	10453383	33838	*	PDE4A	79	4	75	36	3	33
chr1	148951727	148951727	1	*	PDE4DIP	35	13	22	14	6	8
chr2	231781404	231781404	1	*	PDE6D	30	0	30	10	0	10
chr8	65842647	65842670	24	*	PDE7A	77	2	75	54	0	54
chr21	42654539	42654539	1	*	PDE9A	24	2	22	10	0	10
chr5	150156452	150156452	1	*	PDGFRB	11	5	6	11	7	4
chr11	34915938	34915938	1	*	PDHX	26	0	26	12	0	12
chr2	10813152	10813167	16	*	PDIA6	21	0	21	20	0	20
chr1	26112083	26112425	343	*	PDIK1L	68	0	68	30	0	30
chr4	94452374	94452383	10	*	PDLIM5	33	0	33	21	0	21
chr16	66880964	66880964	1	*	PDP2	21	0	21	10	0	10
chr16	70114074	70114240	167	*	PDPR	88	0	88	76	0	76
chr16	74367464	74368432	969	*	PDPR2P	428	5	423	148	0	148
chr4	39976912	39976928	17	*	PDS5A	43	0	43	33	0	33
chr6	107460132	107460152	21	*	PDSS2	100	2	98	36	0	36
chr16	14974532	14974532	1	*	PDXDC1	36	0	36	15	0	15
chr16	70065176	70065176	1	*	PDXDC2P-NPIPB14P	49	0	49	10	0	10
chr17	4704408	4704408	1	*	PELP1-DT	11	0	11	10	0	10
chr19	33521152	33521152	1	*	PEPD	14	4	10	11	4	7
chr2	238288191	238289038	848	*	PER2	160	16	144	55	3	52
chr11	45918258	45918283	26	*	PEX16	39	1	38	21	0	21
chr3	180036608	180036636	29	*	PEX5L	28	3	25	23	0	23
chr5	177400486	177400486	1	*	PFN3	12	12	0	10	10	0
chr19	18340783	18340789	7	*	PGPEP1	28	0	28	20	1	19
chr12	8915238	8915238	1	*	PHC1	15	7	8	10	4	6
chr7	10974224	10974224	1	*	PHF14	24	0	24	10	0	10
chr11	577069	577092	24	*	PHRF1	77	0	77	44	0	44
chr4	25234179	25234189	11	*	PI4K2B	51	0	51	32	0	32
chr22	38057290	38057290	1	*	PICK1	25	0	25	10	0	10
chr11	804941	804955	15	*	PIDD1	33	0	33	22	0	22
chr1	111346852	111346875	24	*	PIFO	89	62	27	47	9	38
chr9	35096210	35096228	19	*	PIGO	49	0	49	34	0	34
chr1	26787835	26787842	8	*	PIGV	26	0	26	24	0	24
chr1	204494407	204494428	22	*	PIK3C2B	116	4	112	58	0	58
chr18	41954901	41954901	1	*	PIK3C3	37	0	37	12	0	12
chr19	18152437	18152437	1	*	PIK3R2	23	0	23	11	0	11
chr1	46133152	46133152	1	*	PIK3R3	10	0	10	10	0	10
chr22	49961578	49961715	138	*	PIM3	69	1	68	40	0	40
chr19	9835793	9835799	7	*	PIN1	46	0	46	22	0	22
chr12	123151934	123151959	26	*	PITPNM2	24	24	0	24	22	2
chr8	109362696	109362698	3	*	PKHD1L1	36	34	2	20	18	2
chr19	14432972	14432977	6	*	PKN1	39	17	22	20	6	14
chr22	38181746	38181746	1	*	PLA2G6	23	0	23	11	0	11
chr10	73910895	73910919	25	*	PLAU	34	0	34	20	0	20
chr3	16885031	16885031	1	*	PLCL2	25	0	25	10	0	10
chr19	40348440	40348467	28	*	PLD3	153	0	153	66	0	66
chr8	143953102	143953102	1	*	PLEC	26	0	26	10	0	10
chr1	56579421	56579439	19	*	PLPP3	49	2	47	20	0	20
chr19	17376921	17378340	1420	*	PLVAP	31	2	29	21	5	16
chr22	50303859	50306660	2802	*	PLXNB2	63	0	63	31	1	30
chr18	59900852	59900852	1	*	PMAIP1	14	0	14	10	0	10
chr1	156213648	156213648	1	*	PMF1-BGLAP	17	0	17	10	0	10
chr6	159799946	159799946	1	*	PNLDC1	11	10	1	13	11	2
chr2	68158108	68158108	1	*	PNO1	15	0	15	11	0	11
chr14	20469193	20469217	25	*	PNP	53	0	53	33	0	33
chr19	7533418	7533418	1	*	PNPLA6	32	31	1	10	7	3
chr3	127629986	127629989	4	*	PODXL2	46	0	46	22	0	22
chr11	65262288	65262288	1	*	POLA2	30	0	30	11	0	11
chr22	42614723	42614745	23	*	POLDIP3	145	0	145	41	1	40
chr7	44082364	44082376	13	*	POLM	76	0	76	44	0	44
chr3	121545973	121545973	1	*	POLQ	20	0	20	10	0	10
chr6	30061594	30061599	6	*	POLR1H	35	0	35	22	1	21
chr11	842399	842418	20	*	POLR2L	87	0	87	40	0	40
chr16	22298316	22298316	1	*	POLR3E	16	0	16	10	0	10
chr13	28659401	28659401	1	*	POMP	23	0	23	10	0	10
chr1	167220574	167220574	1	*	POU2F1	20	0	20	10	0	10
chr10	70233047	70233068	22	*	PPA1	68	1	67	41	0	41
chr11	70270327	70270346	20	*	PPFIA1	101	2	99	34	0	34
chr7	44796206	44796212	7	*	PPIA	41	0	41	30	0	30
chr6	149546013	149546024	12	*	PPIL4	27	0	27	20	0	20
chr6	109441382	109441400	19	*	PPIL6	97	0	97	43	0	43
chr3	160756438	160756438	1	*	PPM1L	34	0	34	10	0	10
chr1	161167411	161167411	1	*	PPOX	15	10	5	10	6	4
chr12	110742383	110742405	23	*	PPP1CC	135	2	133	30	0	30
chr6	30067198	30067207	10	*	PPP1R11	52	0	52	21	0	21
chr11	64245875	64245875	1	*	PPP1R14B-AS1	17	0	17	10	0	10
chr6	150143322	150143350	29	*	PPP1R14C	77	17	60	51	10	41
chr1	204410820	204412031	1212	*	PPP1R15B	89	0	89	43	0	43
chr7	100436598	100436598	1	*	PPP1R35	15	0	15	12	0	12
chr19	45093150	45093161	12	*	PPP1R37	110	0	110	41	0	41
chr2	241151017	241151017	1	*	PPP1R7	29	1	28	13	0	13
chr17	50149952	50149962	11	*	PPP1R9B	31	0	31	20	0	20
chr10	73495472	73495472	1	*	PPP3CB-AS1	12	0	12	10	2	8
chr2	68253115	68253127	13	*	PPP3R1	36	0	36	25	0	25
chr18	9613739	9613739	1	*	PPP4R1	28	0	28	10	0	10
chr14	91509548	91509576	29	*	PPP4R3A	81	0	81	45	0	45
chr6	106086398	106086404	7	*	PRDM1	30	0	30	30	0	30
chr4	80197274	80197296	23	*	PRDM8	75	0	75	38	0	38
chr18	12407667	12408612	946	*	PRELID3A	152	65	87	43	17	26
chr11	57390228	57390228	1	*	PRG2	11	6	5	11	8	3
chr12	42589654	42589654	1	*	PRICKLE1	27	0	27	10	0	10
chr2	45652532	45652545	14	*	PRKCE	65	17	48	26	9	17
chr2	37324288	37324309	22	*	PRKD3	69	3	66	25	0	25
chr19	49676682	49676708	27	*	PRMT1	59	0	59	20	0	20
chr19	35758049	35758760	712	*	PROSER3	61	2	59	20	0	20
chr11	60906203	60906211	9	*	PRPF19	30	0	30	31	0	31
chr12	49622656	49622656	1	*	PRPF40B	12	0	12	10	0	10
chr6	4022086	4022086	1	*	PRPF4B	15	1	14	10	0	10
chr12	49295577	49295579	3	*	PRPH	34	12	22	22	3	19
chr12	53442732	53442732	1	*	PRR13	38	0	38	10	1	9
chr16	30650012	30650012	1	*	PRR14	12	1	11	10	1	9
chr6	30557288	30557288	1	*	PRR3	31	0	31	10	0	10
chr6	31620044	31620044	1	*	PRRC2A	22	0	22	10	0	10
chr3	9951443	9951443	1	*	PRRT3	16	16	0	11	10	1
chr7	128362218	128362223	6	*	PRRT4	59	1	58	21	0	21
chr11	86800955	86800955	1	*	PRSS23	27	0	27	12	0	12
chr9	78297402	78297402	1	*	PSAT1	13	0	13	10	0	10
chr11	14643525	14643525	1	*	PSMA1	20	1	19	10	0	10
chr1	109426425	109426429	5	*	PSMA5	59	0	59	23	0	23
chr1	35641472	35641483	12	*	PSMB2	37	1	36	20	0	20
chr17	38753107	38753119	13	*	PSMB3	58	0	58	21	1	20
chr16	74297017	74297039	23	*	PSMD7	32	0	32	20	0	20
chr18	12658888	12703146	44259	*	PSMG2	84	46	38	40	13	27
chr18	46071627	46072432	806	*	PSTPIP2	323	69	254	100	12	88
chr18	12883301	12884806	1506	*	PTPN2	199	0	199	66	0	66
chr3	47380736	47380789	54	*	PTPN23	189	0	189	91	1	90
chr18	7567550	7567552	3	*	PTPRM	62	7	55	23	0	23
chr2	219308484	219308484	1	*	PTPRN	17	0	17	10	0	10
chr19	5341773	5341773	1	*	PTPRS	16	16	0	10	6	4
chr1	29236865	29236883	19	*	PTPRU	75	20	55	34	12	22
chr17	59706480	59706485	6	*	PTRH2	65	0	65	30	0	30
chr21	44874258	44874258	1	*	PTTG1IP	10	0	10	12	0	12
chr12	120249691	120249691	1	*	PXN	12	3	9	10	5	5
chr12	120201374	120201388	15	*	PXN-AS1	51	0	51	21	0	21
chr16	31201789	31201789	1	*	PYCARD-AS1	12	0	12	12	0	12
chr1	154961864	154961864	1	*	PYGO2	24	0	24	10	0	10
chr17	28227147	28227147	1	*	PYY2	14	14	0	10	9	1
chr16	424691	424716	26	*	RAB11FIP3	36	2	34	21	0	21
chr18	8610138	8610149	12	*	RAB12	94	5	89	40	2	38
chr12	71755338	71755338	1	*	RAB21	18	0	18	10	0	10
chr5	177303467	177303495	29	*	RAB24	104	0	104	57	0	57
chr12	120116377	120116392	16	*	RAB35	90	1	89	40	0	40
chr12	69739645	69739671	27	*	RAB3IP	111	0	111	44	1	43
chr3	129121036	129121036	1	*	RAB43	15	0	15	10	0	10
chr6	36698361	36698361	1	*	RAB44	10	1	9	10	0	10
chr11	73760653	73760657	5	*	RAB6A	71	0	71	20	0	20
chr3	128726600	128726604	5	*	RAB7A	41	0	41	20	0	20
chr1	206003242	206003477	236	*	RAB7B	44	1	43	21	0	21
chr19	16111668	16111685	18	*	RAB8A	29	0	29	21	0	21
chr5	34915517	34915532	16	*	RAD1	57	0	57	20	0	20
chr19	12945336	12945363	28	*	RAD23A	31	3	28	21	2	19
chr12	990038	990066	29	*	RAD52	31	1	30	22	0	22
chr6	149863456	149863456	1	*	RAET1E-AS1	13	0	13	10	0	10
chr3	12663614	12664508	895	*	RAF1	163	3	160	53	2	51
chr18	9475147	9476080	934	*	RALBP1	205	0	205	60	1	59
chr20	33994612	33994612	1	*	RALY-AS1	10	0	10	10	0	10
chr16	67806040	67806040	1	*	RANBP10	17	1	16	10	0	10
chr7	102616673	102616680	8	*	RASA4	75	0	75	20	0	20
chr22	35540782	35540782	1	*	RASD2	19	3	16	12	0	12
chr4	81472173	81472200	28	*	RASGEF1B	48	0	48	31	1	30
chr2	33476054	33476075	22	*	RASGRP3	48	0	48	21	0	21
chr18	59272745	59272748	4	*	RAX	34	27	7	20	20	0
chr18	22933227	22934255	1029	*	RBBP8	208	1	207	95	0	95
chr18	80067393	80067393	1	*	RBFADN	24	10	14	10	2	8
chr5	150700277	150700283	7	*	RBM22	40	6	34	20	1	19
chr19	35628725	35628882	158	*	RBM42	94	0	94	47	0	47
chr4	154781644	154781650	7	*	RBM46	25	23	2	20	14	6
chr4	26319532	26319532	1	*	RBPJ	32	1	31	10	0	10
chr1	17438273	17438275	3	*	RCC2	45	0	45	20	0	20
chr19	10013367	10013367	1	*	RDH8	21	3	18	11	1	10
chr2	86338384	86338384	1	*	REEP1	34	23	11	11	6	5
chr8	22142805	22142805	1	*	REEP4	20	8	12	10	3	7
chr18	62187609	62187635	27	*	RELCH	203	2	201	57	0	57
chr7	150369376	150369376	1	*	REPIN1	18	0	18	10	0	10
chr19	7669432	7669435	4	*	RETN	33	3	30	20	2	18
chr2	99490530	99490734	205	*	REV1	39	0	39	20	0	20
chr7	74254788	74254811	24	*	RFC2	83	0	83	31	0	31
chr17	35089844	35089844	1	*	RFFL	21	0	21	10	0	10
chr16	74667106	74667106	1	*	RFWD3	21	0	21	10	0	10
chr19	14005645	14005664	20	*	RFX1	34	0	34	20	0	20
chr19	19192927	19192931	5	*	RFXANK	27	0	27	20	0	20
chr13	41458032	41458034	3	*	RGCC	50	0	50	20	0	20
chr19	11418889	11418889	1	*	RGL3	23	0	23	10	0	10
chr22	29268064	29268092	29	*	RHBDD3	155	0	155	42	0	42
chr11	8169276	8169276	1	*	RIC3	22	21	1	11	8	3
chr12	106774320	106774320	1	*	RIC8B	20	0	20	10	0	10
chr12	8698255	8698274	20	*	RIMKLB	112	3	109	48	0	48
chr11	66336230	66336230	1	*	RIN1	14	0	14	10	0	10
chr6	3068363	3068391	29	*	RIPK1	48	0	48	46	0	46
chr6	25042269	25042269	1	*	RIPOR2	19	18	1	10	8	2
chr18	43115472	43115488	17	*	RIT2	71	65	6	34	25	9
chr1	40161838	40161838	1	*	RLF	12	0	12	11	0	11
chr6	151452051	151452051	1	*	RMND1	29	0	29	11	0	11
chr9	35657697	35657707	11	*	RMRP	78	0	78	43	0	43
chr21	8209062	8209062	1	*	RNA18SN5	25	22	3	11	8	3
chr21	8441198	8441198	1	*	RNA28SN2	46	13	33	11	2	9
chr21	8441068	8441126	59	*	RNA28SN5	53	38	15	23	19	4
chr21	8433849	8433876	28	*	RNA45SN1	365	100	265	124	47	77
chr1	228646916	228646916	1	*	RNA5S17	35	0	35	10	0	10
chr1	228628161	228628182	22	*	RNA5S9	165	155	10	70	52	18
chr12	120533774	120533864	91	*	RNF10	232	131	101	84	44	40
chr18	61892344	61892364	21	*	RNF152	56	49	7	25	18	7
chr17	80415565	80415565	1	*	RNF213-AS1	31	0	31	10	0	10
chr4	2468494	2468517	24	*	RNF4	115	0	115	30	0	30
chr12	56221814	56221819	6	*	RNF41	31	0	31	20	2	18
chr5	176537714	176537852	139	*	RNF44	71	1	70	35	0	35
chr13	26222414	26222434	21	*	RNF6	46	0	46	41	0	41
chr6	37354134	37354150	17	*	RNF8	57	1	56	32	0	32
chr11	507086	507086	1	*	RNH1	34	0	34	11	0	11
chr18	13726975	13727307	333	*	RNMT	42	3	39	23	2	21
chr17	43251707	43251737	31	*	RNU2-1	103	11	92	36	3	33
chr1	143699360	143699360	1	*	RNVU1-17	12	0	12	10	1	9
chr18	21112297	21112306	10	*	ROCK1	83	0	83	39	0	39
chr7	32942600	32942621	22	*	RP9P	62	0	62	30	0	30
chr2	88691506	88691518	13	*	RPIA	110	1	109	43	2	41
chr6	35468896	35468901	6	*	RPL10A	79	0	79	30	0	30
chr9	127451057	127451061	5	*	RPL12	36	0	36	21	0	21
chr19	17860343	17860343	1	*	RPL18A	34	0	34	10	0	10
chr3	170870149	170870160	12	*	RPL22L1	54	0	54	23	0	23
chr22	39319478	39319482	5	*	RPL3	56	0	56	20	0	20
chr11	810322	810347	26	*	RPLP2	156	0	156	66	0	66
chr1	150364889	150364914	26	*	RPRD2	73	1	72	24	0	24
chr19	1438595	1438785	191	*	RPS15	96	0	96	59	0	59
chr22	39532460	39532460	1	*	RPS19BP1	19	0	19	10	0	10
chr12	56042589	56042617	29	*	RPS26	83	0	83	47	0	47
chr1	153990790	153990790	1	*	RPS27	19	0	19	10	0	10
chr3	9843493	9843493	1	*	RPUSD3	36	0	36	10	0	10
chr1	38859301	38859309	9	*	RRAGC	55	0	55	20	0	20
chr6	89411549	89411551	3	*	RRAGD	39	0	39	20	0	20
chr8	102238534	102238534	1	*	RRM2B	20	0	20	11	0	11
chr21	43660286	43660286	1	*	RRP1B	22	0	22	10	0	10
chr16	11852010	11852010	1	*	RSL1D1	19	0	19	10	0	10
chr6	127118959	127118959	1	*	RSPO3	17	7	10	10	0	10
chr11	63681684	63681684	1	*	RTN3	25	0	25	10	0	10
chr18	70205662	70205986	325	*	RTTN	198	0	198	72	0	72
chr1	24929403	24929430	28	*	RUNX3	134	12	122	60	11	49
chr6	116571085	116571101	17	*	RWDD1	103	4	99	43	0	43
chr1	151993530	151994158	629	*	S100A10	58	1	57	33	2	31
chr19	10231057	10231057	1	*	S1PR2	27	1	26	10	0	10
chr7	100574516	100574516	1	*	SAP25	12	12	0	10	8	2
chr6	31762799	31762799	1	*	SAPCD1	21	21	0	10	8	2
chr6	148342905	148342918	14	*	SASH1	34	0	34	20	0	20
chr1	155262271	155262285	15	*	SCAMP3	34	1	33	23	0	23
chr2	233275241	233275241	1	*	SCARNA5	11	11	0	11	11	0
chr10	100346919	100346919	1	*	SCD	16	0	16	10	0	10
chr4	82798891	82798891	1	*	SCD5	18	1	17	11	2	9
chr11	123654122	123654124	3	*	SCN3B	33	11	22	24	6	18
chr1	52927746	52927746	1	*	SCP2	17	1	16	12	2	10
chr22	43276025	43276029	5	*	SCUBE1-AS1	22	0	22	20	0	20
chr4	75990767	75990770	4	*	SDAD1	60	0	60	20	0	20
chr22	21642163	21642172	10	*	SDF2L1	51	0	51	30	0	30
chr18	59139812	59140377	566	*	SEC11C	73	0	73	34	1	33
chr3	10321081	10321286	206	*	SEC13	58	0	58	30	0	30
chr17	77140167	77140167	1	*	SEC14L1	23	0	23	10	0	10
chr22	30397028	30397044	17	*	SEC14L2	114	7	107	55	2	53
chr10	119892590	119892726	137	*	SEC23IP	122	0	122	63	0	63
chr3	128052439	128052749	311	*	SEC61A1	83	0	83	56	0	56
chr6	107958474	107958658	185	*	SEC63	124	0	124	58	0	58
chr18	12948030	12948655	626	*	SEH1L	111	0	111	45	0	45
chr1	151373646	151373646	1	*	SELENBP1	22	11	11	10	5	5
chr22	31107805	31107805	1	*	SELENOM	14	0	14	10	0	10
chr7	85186760	85186773	14	*	SEMA3D	46	0	46	44	2	42
chr19	4559827	4559827	1	*	SEMA6B	22	0	22	10	0	10
chr1	151146617	151146642	26	*	SEMA6C	102	1	101	62	0	62
chr15	47718793	47718793	1	*	SEMA6D	17	3	14	10	0	10
chr3	185586174	185586174	1	*	SENP2	10	0	10	10	0	10
chr3	101513163	101513163	1	*	SENP7	11	0	11	11	0	11
chr4	25160351	25160351	1	*	SEPSECS	17	0	17	10	0	10
chr11	18012625	18012625	1	*	SERGEF	17	2	15	10	0	10
chr22	42501419	42501419	1	*	SERHL	22	17	5	12	8	4
chr6	122471821	122471832	12	*	SERINC1	37	0	37	20	0	20
chr3	150545612	150545635	24	*	SERP1	65	1	64	20	0	20
chr18	63970192	63970192	1	*	SERPINB8	39	0	39	10	0	10
chr3	167735915	167735917	3	*	SERPINI1	54	0	54	20	0	20
chr2	64653186	64653186	1	*	SERTAD2	12	0	12	10	0	10
chr6	109009331	109009331	1	*	SESN1	20	0	20	10	0	10
chr11	64777505	64777505	1	*	SF1	21	0	21	14	0	14
chr2	24076057	24076070	14	*	SF3B6	31	0	31	21	1	20
chr22	31496754	31496754	1	*	SFI1	25	0	25	10	1	9
chr10	104121964	104121964	1	*	SFR1	24	0	24	12	0	12
chr6	134174664	134174839	176	*	SGK1	116	0	116	47	3	44
chr10	50624657	50624672	16	*	SGMS1-AS1	108	0	108	49	0	49
chr14	63727940	63727960	21	*	SGPP1	67	4	63	30	1	29
chr16	28846569	28846584	16	*	SH2B1	45	0	45	23	0	23
chr21	39445971	39445988	18	*	SH3BGR	82	0	82	54	1	53
chr7	155809158	155809604	447	*	SHH	32	8	24	23	4	19
chr9	34638079	34638085	7	*	SIGMAR1	45	0	45	26	0	26
chr11	65638670	65638670	1	*	SIPA1	17	0	17	10	0	10
chr20	1490902	1490902	1	*	SIRPB2	18	1	17	13	0	13
chr19	38899490	38899498	9	*	SIRT2	48	0	48	20	0	20
chr14	104753595	104753620	26	*	SIVA1	78	0	78	33	0	33
chr19	45769896	45769914	19	*	SIX5	130	1	129	58	2	56
chr18	50375161	50375182	22	*	SKA1	105	0	105	35	0	35
chr17	59155279	59155314	36	*	SKA2	112	0	112	59	1	58
chr1	159827607	159827607	1	*	SLAMF8	18	18	0	10	5	5
chr7	100827155	100827171	17	*	SLC12A9	91	0	91	44	3	41
chr18	45724386	45724386	1	*	SLC14A1	18	16	2	11	6	5
chr18	45507296	45507296	1	*	SLC14A2-AS1	32	31	1	12	6	6
chr17	82234770	82234770	1	*	SLC16A3	21	9	12	10	3	7
chr9	4491444	4491444	1	*	SLC1A1	39	1	38	10	2	8
chr2	64990051	64990073	23	*	SLC1A4	85	2	83	20	0	20
chr11	2903774	2903774	1	*	SLC22A18AS	22	3	19	12	5	7
chr10	68527037	68527250	214	*	SLC25A16	75	3	72	34	1	33
chr17	75289529	75289549	21	*	SLC25A19	101	0	101	34	0	34
chr11	796361	797457	1097	*	SLC25A22	50	0	50	20	0	20
chr19	6459611	6459611	1	*	SLC25A23	11	0	11	10	0	10
chr1	9540209	9540229	21	*	SLC25A33	80	0	80	31	0	31
chr3	140941890	140941892	3	*	SLC25A36	32	0	32	20	0	20
chr17	44325231	44325231	1	*	SLC25A39	18	1	17	12	0	12
chr7	87875787	87875815	29	*	SLC25A40	98	1	97	58	2	56
chr9	37904645	37904670	26	*	SLC25A51	36	25	11	33	22	11
chr5	149961267	149961267	1	*	SLC26A2	19	2	17	11	0	11
chr7	107660646	107660651	6	*	SLC26A4	23	9	14	21	0	21
chr19	17470245	17470251	7	*	SLC27A1	37	0	37	26	0	26
chr1	153776288	153776314	27	*	SLC27A3	59	16	43	20	8	12
chr6	44224058	44224086	29	*	SLC29A1	54	1	53	39	0	39
chr1	211578274	211578274	1	*	SLC30A1	33	0	33	10	0	10
chr1	100895871	100895871	1	*	SLC30A7	21	0	21	10	0	10
chr6	8435329	8435352	24	*	SLC35B3	117	0	117	46	0	46
chr7	134317102	134317119	18	*	SLC35B4	137	0	137	65	0	65
chr6	136922062	136922062	1	*	SLC35D3	18	0	18	10	2	8
chr11	107859197	107859197	1	*	SLC35F2	20	0	20	11	0	11
chr2	26764206	26764226	21	*	SLC35F6	60	0	60	47	0	47
chr11	125063025	125063043	19	*	SLC37A2	69	0	69	21	0	21
chr12	46372694	46372694	1	*	SLC38A2	28	0	28	11	0	11
chr18	36129535	36129551	17	*	SLC39A6	29	0	29	20	0	20
chr11	62880822	62880822	1	*	SLC3A2	14	0	14	10	0	10
chr19	10602188	10602188	1	*	SLC44A2	14	2	12	10	5	5
chr20	3239920	3239920	1	*	SLC4A11	29	3	26	10	0	10
chr18	79950689	79952293	1605	*	SLC66A2	57	6	51	22	3	19
chr13	29595112	29595119	8	*	SLC7A1	49	0	49	20	0	20
chr16	68310513	68310534	22	*	SLC7A6OS	85	2	83	52	0	52
chr1	27154564	27154564	1	*	SLC9A1	19	18	1	10	7	3
chr16	3611740	3611764	25	*	SLX4	178	0	178	58	0	58
chr4	145482601	145482622	22	*	SMAD1	31	0	31	21	0	21
chr18	47930373	47930373	1	*	SMAD2	10	0	10	10	0	10
chr18	48943031	48951192	8162	*	SMAD7	339	26	313	117	11	106
chr12	51270832	51270832	1	*	SMAGP	20	1	19	10	0	10
chr1	40395961	40395961	1	*	SMAP2	10	2	8	10	7	3
chr4	143513348	143513370	23	*	SMARCA5	37	1	36	42	0	42
chr4	143514387	143514387	1	*	SMARCA5-AS1	32	0	32	10	0	10
chr2	216412542	216412542	1	*	SMARCAL1	31	0	31	10	0	10
chr3	47781941	47781947	7	*	SMARCC1	34	0	34	20	0	20
chr18	2656034	2656178	145	*	SMCHD1	133	0	133	72	0	72
chr1	183472531	183472531	1	*	SMG7	14	0	14	10	0	10
chr19	43754630	43754642	13	*	SMG9	52	0	52	41	0	41
chr1	3773517	3773517	1	*	SMIM1	15	3	12	10	1	9
chr4	39638549	39639196	648	*	SMIM14	114	1	113	83	0	83
chr9	32552332	32552353	22	*	SMIM27	52	0	52	24	0	24
chr9	33076680	33076703	24	*	SMU1	64	0	64	30	0	30
chr12	54188173	54188173	1	*	SMUG1	25	22	3	12	9	3
chr1	214280975	214280988	14	*	SMYD2	36	0	36	20	1	19
chr7	44986227	44986244	18	*	SNHG15	32	0	32	25	0	25
chr6	85678553	85678773	221	*	SNHG5	153	0	153	70	0	70
chr16	11667912	11668084	173	*	SNN	88	9	79	63	2	61
chr14	100990534	100990534	1	*	SNORD114-29	27	18	9	13	7	6
chr22	39316689	39316689	1	*	SNORD139	34	0	34	10	0	10
chr21	16285484	16285484	1	*	SNORD74B	13	11	2	13	9	4
chr12	123458915	123458915	1	*	SNRNP35	16	0	16	11	0	11
chr6	34757288	34757296	9	*	SNRPC	46	0	46	21	0	21
chr18	21612347	21612366	20	*	SNRPD1	84	0	84	20	0	20
chr1	203861807	203861807	1	*	SNRPE	13	0	13	10	0	10
chrX	71068266	71068266	1	*	SNX12	18	0	18	10	0	10
chr11	65027508	65027531	24	*	SNX15	68	1	67	65	0	65
chr2	27370695	27371200	506	*	SNX17	170	1	169	69	0	69
chr4	185209259	185209287	29	*	SNX25	82	25	57	35	3	32
chr9	112751576	112751587	12	*	SNX30	47	0	47	21	0	21
chr7	2313718	2313738	21	*	SNX8	106	94	12	72	52	20
chr2	39120307	39120324	18	*	SOS1	48	0	48	33	0	33
chr5	157671102	157671102	1	*	SOX30	25	7	18	12	3	9
chr2	173963968	173963993	26	*	SP3	152	0	152	62	0	62
chr9	132878478	132878478	1	*	SPACA9	13	0	13	10	0	10
chr9	35811280	35811288	9	*	SPAG8	49	39	10	21	10	11
chr2	32063188	32063188	1	*	SPAST	20	0	20	10	0	10
chr17	76385200	76385225	26	*	SPHK1	108	5	103	43	0	43
chr19	48619757	48619774	18	*	SPHK2	64	0	64	23	0	23
chr4	123397547	123397563	17	*	SPRY1	23	0	23	20	0	20
chr8	124998367	124998367	1	*	SQLE	10	0	10	10	0	10
chr22	41832616	41832616	1	*	SREBF2	29	0	29	11	0	11
chr6	43170935	43170941	7	*	SRF	51	0	51	29	0	29
chr15	40038911	40038911	1	*	SRP14	24	0	24	11	0	11
chr1	225777855	225777865	11	*	SRP9	52	0	52	30	0	30
chr16	2744901	2752314	7414	*	SRRM2-AS1	71	21	50	53	8	45
chr12	118981692	118981718	27	*	SRRM4	23	13	10	21	10	11
chr11	95067822	95067831	10	*	SRSF8	36	0	36	23	0	23
chr18	26090591	26090610	20	*	SS18	164	0	164	59	0	59
chr19	18420158	18420163	6	*	SSBP4	38	0	38	25	0	25
chr11	57335484	57335491	8	*	SSRP1	72	0	72	20	0	20
chr22	40856350	40856355	6	*	ST13	43	1	42	21	1	20
chr16	70439465	70439465	1	*	ST3GAL2	24	0	24	10	0	10
chr2	85888356	85888373	18	*	ST3GAL5	49	1	48	25	2	23
chr10	88880310	88880335	26	*	STAMBPL1	116	0	116	49	0	49
chr7	90154122	90154122	1	*	STEAP1	33	27	6	12	8	4
chr11	3855284	3855306	23	*	STIM1	33	0	33	21	0	21
chr4	5051331	5051331	1	*	STK32B	25	18	7	11	6	5
chr10	132330898	132330898	1	*	STK32C	15	0	15	10	0	10
chr6	36546846	36546846	1	*	STK38	17	1	16	10	1	9
chr2	168248079	168248079	1	*	STK39	30	5	25	11	0	11
chr17	63741379	63741379	1	*	STRADA	22	0	22	10	0	10
chr1	108747373	108747373	1	*	STXBP3	22	0	22	11	1	10
chr1	172532383	172532383	1	*	SUCO	34	2	32	12	0	12
chr13	52652676	52652703	28	*	SUGT1	81	0	81	45	0	45
chr2	202238126	202238126	1	*	SUMO1	21	1	20	10	0	10
chr11	9663141	9663236	96	*	SWAP70	71	45	26	45	26	19
chr19	11375485	11375485	1	*	SWSAP1	30	1	29	13	1	12
chr19	55179326	55179340	15	*	SYT5	83	0	83	32	4	28
chr10	122164063	122164063	1	*	TACC2	27	2	25	10	1	9
chr4	7043696	7043718	23	*	TADA2B	72	1	71	30	1	29
chr1	28642572	28642572	1	*	TAF12	24	0	24	10	0	10
chr18	26227185	26227185	1	*	TAF4B	20	0	20	11	0	11
chr1	159924813	159925934	1122	*	TAGLN2	67	0	67	33	0	33
chr11	748008	748279	272	*	TALDO1	132	0	132	63	0	63
chr17	62965687	62965712	26	*	TANC2	22	9	13	26	6	20
chr12	118373216	118373216	1	*	TAOK3	25	0	25	11	0	11
chr16	71564796	71564796	1	*	TAT-AS1	18	0	18	11	1	10
chr3	10248387	10248907	521	*	TATDN2	50	0	50	20	0	20
chr10	94403466	94403466	1	*	TBC1D12	12	2	10	10	0	10
chr4	26583709	26583709	1	*	TBC1D19	14	0	14	10	0	10
chr9	98256076	98256095	20	*	TBC1D2	39	0	39	25	0	25
chr22	46762590	46762617	28	*	TBC1D22A	34	0	34	21	0	21
chr3	100261380	100261380	1	*	TBC1D23	33	0	33	10	0	10
chr5	179908068	179908089	22	*	TBC1D9B	55	0	55	39	0	39
chr6	42745357	42745362	6	*	TBCC	50	0	50	25	0	25
chr3	186570630	186570630	1	*	TBCCD1	20	0	20	13	0	13
chr18	55403210	55403210	1	*	TCF4	18	18	0	10	9	1
chr6	24666672	24666693	22	*	TDP2	102	2	100	43	1	42
chr1	151790650	151790650	1	*	TDRKH-AS1	24	2	22	11	8	3
chr16	2459831	2459831	1	*	TEDC2	14	0	14	10	0	10
chr21	9129448	9129891	444	*	TEKT4P2	382	304	78	114	90	24
chr6	81753083	81753083	1	*	TENT5A	13	0	13	10	0	10
chr1	27012975	27012975	1	*	TENT5B	24	0	24	10	0	10
chr1	117605567	117605580	14	*	TENT5C-DT	57	0	57	34	0	34
chr14	20413444	20413444	1	*	TEP1	26	0	26	10	0	10
chr7	116211195	116211213	19	*	TES	32	0	32	22	0	22
chr1	45490818	45490818	1	*	TESK2	18	0	18	11	0	11
chr3	133746794	133746825	32	*	TF	41	15	26	23	6	17
chr10	58385697	58385697	1	*	TFAM	17	0	17	10	0	10
chr22	26512450	26512468	19	*	TFIP11	25	0	25	21	0	21
chr3	196081674	196081686	13	*	TFRC	35	0	35	20	0	20
chr13	94596097	94596110	14	*	TGDS	53	0	53	21	0	21
chr18	3448923	3452319	3397	*	TGIF1	243	0	243	112	1	111
chr2	43596193	43596193	1	*	THADA	11	0	11	11	0	11
chr2	241637326	241637331	6	*	THAP4	26	0	26	20	0	20
chr22	21002391	21002398	8	*	THAP7	35	0	35	20	1	19
chr18	268257	268306	50	*	THOC1	163	1	162	47	0	47
chr5	175968062	175968176	115	*	THOC3	197	0	197	77	1	76
chr12	56448951	56448951	1	*	TIMELESS	11	0	11	10	0	10
chr1	201955737	201955737	1	*	TIMM17A	13	0	13	12	0	12
chr3	156674573	156674596	24	*	TIPARP	33	0	33	21	0	21
chr15	66356839	66356839	1	*	TIPIN	10	0	10	10	0	10
chr19	3047950	3047967	18	*	TLE2	34	7	27	30	6	24
chr9	79571878	79571891	14	*	TLE4	45	0	45	30	0	30
chr12	94649783	94649809	27	*	TMCC3	143	54	89	53	8	45
chr17	44015003	44015027	25	*	TMEM101	83	0	83	40	1	39
chr12	47963540	47964394	855	*	TMEM106C	122	5	117	63	1	62
chr11	67468731	67468731	1	*	TMEM134	19	0	19	11	0	11
chr19	42313073	42313073	1	*	TMEM145	33	7	26	13	1	12
chr11	62787543	62787570	28	*	TMEM179B	84	1	83	41	0	41
chr6	158536516	158536521	6	*	TMEM181	48	13	35	20	10	10
chr4	147617556	147617556	1	*	TMEM184C	15	0	15	11	0	11
chr1	9589443	9589642	200	*	TMEM201	119	0	119	53	1	52
chr19	55384710	55384717	8	*	TMEM238	53	10	43	20	2	18
chr10	80078733	80078733	1	*	TMEM254	24	0	24	10	0	10
chr13	113758475	113760011	1537	*	TMEM255B	63	31	32	30	9	21
chr10	49188263	49188278	16	*	TMEM273	41	1	40	24	0	24
chr19	16660820	16660843	24	*	TMEM38A	73	0	73	31	1	30
chr1	32072837	32072837	1	*	TMEM39B	29	0	29	10	0	10
chr1	54980135	54980135	1	*	TMEM61	22	19	3	10	7	3
chr1	156283282	156283309	28	*	TMEM79	33	1	32	20	0	20
chr11	695646	695666	21	*	TMEM80	71	0	71	41	0	41
chr2	84906321	84906339	19	*	TMSB10	56	0	56	31	0	31
chr17	44186982	44186982	1	*	TMUB2	27	0	27	11	0	11
chr18	68714496	68714521	26	*	TMX3	121	1	120	36	0	36
chr18	62325758	62325884	127	*	TNFRSF11A	92	4	88	31	0	31
chr16	3019929	3019957	29	*	TNFRSF12A	21	4	17	22	6	16
chr11	1919172	1919196	25	*	TNNT3	42	11	31	20	3	17
chr7	129054789	129054815	27	*	TNPO3	147	1	146	73	0	73
chr16	24730183	24730183	1	*	TNRC6A	15	1	14	10	0	10
chr2	217944121	217944137	17	*	TNS1	39	19	20	21	12	9
chr12	53050399	53050399	1	*	TNS2	22	17	5	10	8	2
chr7	47582307	47583022	716	*	TNS3	26	15	11	21	6	15
chr22	35299652	35299671	20	*	TOM1	86	0	86	32	0	32
chr8	144435187	144435187	1	*	TONSL-AS1	12	11	1	10	8	2
chr1	3745855	3745855	1	*	TP73-AS1	11	8	3	10	5	5
chr12	113222107	113222118	12	*	TPCN1	69	2	67	25	0	25
chr7	144836362	144836362	1	*	TPK1	12	1	11	13	0	13
chr1	154182693	154182698	6	*	TPM3	33	0	33	20	0	20
chr6	18155036	18155036	1	*	TPMT	22	0	22	11	0	11
chr1	3625614	3625614	1	*	TPRG1L	18	0	18	10	0	10
chr2	73737645	73737645	1	*	TPRKB	16	0	16	10	0	10
chr21	10521629	10521632	4	*	TPTE	28	28	0	20	18	2
chr7	100159012	100159012	1	*	TRAPPC14	26	3	23	10	0	10
chr18	31942700	31943365	666	*	TRAPPC8	243	1	242	82	1	81
chr3	129975645	129975645	1	*	TRH	28	2	26	10	0	10
chr8	125429583	125432191	2609	*	TRIB1	1587	8	1579	465	3	462
chr4	153153305	153153305	1	*	TRIM2	10	0	10	10	0	10
chr19	58543845	58543852	8	*	TRIM28	119	18	101	34	6	28
chr7	99919529	99919543	15	*	TRIM4	53	0	53	22	0	22
chr19	12734186	12734195	10	*	TRIR	36	0	36	21	2	19
chr1	39883539	39883539	1	*	TRIT1	14	0	14	10	0	10
chr19	13117246	13117257	12	*	TRMT1	56	0	56	21	0	21
chr9	37754016	37754016	1	*	TRMT10B	19	0	19	10	0	10
chr4	8441227	8441227	1	*	TRMT44	24	0	24	12	0	12
chr16	2048405	2048405	1	*	TSC2	27	0	27	10	1	9
chr7	100478466	100478906	441	*	TSC22D4	75	3	72	38	0	38
chr17	75516969	75516982	14	*	TSEN54	34	0	34	20	0	20
chr10	80536459	80536459	1	*	TSPAN14-AS1	12	12	0	10	10	0
chr1	115090142	115090156	15	*	TSPAN2	20	7	13	22	11	11
chr22	43152060	43152085	26	*	TSPO	34	0	34	23	0	23
chr2	54255383	54255383	1	*	TSPYL6	21	20	1	13	11	2
chr9	97633360	97633382	23	*	TSTD2	128	0	128	47	0	47
chr2	177618961	177618964	4	*	TTC30A	32	0	32	21	0	21
chr2	177553169	177553171	3	*	TTC30B	46	0	46	20	0	20
chr11	62728249	62728269	21	*	TTC9C	74	0	74	47	0	47
chr18	12307505	12307505	1	*	TUBB6	21	0	21	13	0	13
chr1	151541007	151541007	1	*	TUFT1	30	19	11	10	3	7
chr18	9335282	9335282	1	*	TWSG1	18	2	16	10	0	10
chr6	7909409	7909409	1	*	TXNDC5	22	0	22	11	0	11
chr1	145996592	145996712	121	*	TXNIP	49	1	48	34	0	34
chr22	50530505	50530520	16	*	TYMP	46	0	46	21	0	21
chr18	658023	658039	17	*	TYMSOS	106	1	105	30	0	30
chr19	35907918	35907929	12	*	TYROBP	28	2	26	21	3	18
chr12	124914665	124914687	23	*	UBC	61	0	61	21	0	21
chr4	102826716	102827684	969	*	UBE2D3	240	1	239	100	0	100
chr4	39697889	39697889	1	*	UBE2K	14	1	13	10	0	10
chr7	139230721	139230749	29	*	UBN2	91	0	91	42	0	42
chr9	83707600	83707626	27	*	UBQLN1-AS1	58	0	58	42	0	42
chr6	42563910	42563910	1	*	UBR2	24	0	24	10	0	10
chr1	193059419	193059547	129	*	UCHL5	108	1	107	45	0	45
chr13	38350067	38350071	5	*	UFM1	56	0	56	22	0	22
chr7	100889586	100889586	1	*	UFSP1	28	1	27	10	0	10
chr2	63841276	63841304	29	*	UGP2	63	0	63	35	0	35
chr12	100142468	100142468	1	*	UHRF1BP1L	34	0	34	10	0	10
chr7	7640376	7640389	14	*	UMAD1	89	0	89	47	0	47
chr6	41039711	41039711	1	*	UNC5CL	19	19	0	12	11	1
chr14	93430796	93430822	27	*	UNC79	26	6	20	22	1	21
chr7	1232808	1232833	26	*	UNCX	28	12	16	22	14	8
chr16	21953337	21953344	8	*	UQCRC2	57	0	57	20	0	20
chr1	161159898	161159898	1	*	USP21	19	0	19	13	0	13
chr17	60392266	60392292	27	*	USP32	85	1	84	32	0	32
chr2	61471736	61471736	1	*	USP34	26	0	26	10	0	10
chr2	233566664	233566675	12	*	USP40	70	0	70	32	0	32
chr6	99515668	99515668	1	*	USP45	11	0	11	10	0	10
chr1	21783423	21783423	1	*	USP48	17	0	17	11	0	11
chr6	148746671	148746686	16	*	UST	67	0	67	25	0	25
chr4	70688139	70688156	18	*	UTP3	51	1	50	20	0	20
chr2	106194102	106194102	1	*	UXS1	11	0	11	13	1	12
chr16	70801114	70801140	27	*	VAC14	76	2	74	44	0	44
chr6	31796450	31796450	1	*	VARS1	31	13	18	10	6	4
chr6	30913375	30913375	1	*	VARS2	13	13	0	13	10	3
chr1	107964610	107964631	22	*	VAV3-AS1	53	0	53	25	0	25
chr9	35072958	35072958	1	*	VCP	24	0	24	10	0	10
chr11	64235142	64235142	1	*	VEGFB	17	0	17	10	0	10
chr10	69124636	69124695	60	*	VPS26A	59	0	59	33	0	33
chr16	19555840	19555840	1	*	VPS35L	16	0	16	10	0	10
chr7	73668610	73668610	1	*	VPS37D	26	1	25	10	0	10
chr18	63422490	63422608	119	*	VPS4B	112	0	112	44	0	44
chr5	140710311	140710603	293	*	VTRNA1-1	159	91	68	57	20	37
chr13	41960793	41960793	1	*	VWA8	24	0	24	10	0	10
chr2	214411423	214411423	1	*	VWC2L	13	2	11	10	0	10
chr11	61294619	61294619	1	*	VWCE	22	0	22	10	0	10
chr12	102061662	102061680	19	*	WASHC3	57	7	50	31	2	29
chr2	19990076	19990086	11	*	WDR35	50	0	50	21	0	21
chr1	109041435	109041437	3	*	WDR47	33	0	33	23	0	23
chr3	196569373	196569373	1	*	WDR53	12	0	12	10	0	10
chr11	62840340	62840340	1	*	WDR74	25	1	24	13	0	13
chr1	111449334	111449351	18	*	WDR77	38	1	37	35	0	35
chr19	12669304	12669304	1	*	WDR83OS	19	0	19	10	0	10
chr1	27233866	27233890	25	*	WDTC1	35	25	10	22	13	9
chr7	29807166	29807166	1	*	WIPF3	16	2	14	10	4	6
chr1	112466275	112508518	42244	*	WNT2B	41	1	40	22	3	19
chr1	22143897	22143897	1	*	WNT4	16	3	13	10	2	8
chr12	1629747	1629747	1	*	WNT5B	13	4	9	12	3	9
chr2	218860775	218860775	1	*	WNT6	19	8	11	11	2	9
chr1	180632134	180632140	7	*	XPR1	41	0	41	21	0	21
chr11	74948586	74948598	13	*	XRRA1	39	0	39	24	2	22
chr3	195270925	195270950	26	*	XXYLT1	66	0	66	23	0	23
chr18	812627	812645	19	*	YES1	112	0	112	32	0	32
chr1	207052784	207052784	1	*	YOD1	15	6	9	14	9	5
chr2	30146869	30146869	1	*	YPEL5	21	0	21	10	0	10
chr8	63168330	63168355	26	*	YTHDF3-DT	25	0	25	24	0	24
chr1	155680033	155680033	1	*	YY1AP1	15	15	0	10	6	4
chr18	5294830	5295141	312	*	ZBTB14	217	0	217	107	0	107
chr1	15976128	15976145	18	*	ZBTB17	78	0	78	40	0	40
chr21	42010057	42010068	12	*	ZBTB21	46	1	45	20	0	20
chr11	130315734	130315734	1	*	ZBTB44-DT	15	15	0	12	12	0
chr1	155001815	155003098	1284	*	ZBTB7B	39	0	39	22	0	22
chr18	48136298	48410236	273939	*	ZBTB7C	209	21	188	77	9	68
chr2	186485950	186485975	26	*	ZC3H15	47	0	47	35	0	35
chr2	112275975	112276090	116	*	ZC3H6	94	0	94	42	0	42
chr1	31297584	31297586	3	*	ZCCHC17	45	4	41	26	4	22
chr10	79445319	79445335	17	*	ZCCHC24	63	0	63	33	1	32
chr2	206274748	206274774	27	*	ZDBF2	136	13	123	60	2	58
chr12	71663993	71663993	1	*	ZFC3H1	31	0	31	10	0	10
chr19	37655201	37655220	20	*	ZFP30	56	0	56	30	0	30
chr9	113056721	113056746	26	*	ZFP37	99	3	96	57	0	57
chr14	103715599	103715599	1	*	ZFYVE21	18	0	18	10	0	10
chr19	57584325	57584332	8	*	ZIK1	40	0	40	20	0	20
chr16	25258536	25258536	1	*	ZKSCAN2	19	0	19	11	0	11
chr6	28349910	28349937	28	*	ZKSCAN3	63	0	63	34	0	34
chr6	28142054	28142054	1	*	ZKSCAN8	20	0	20	10	0	10
chr10	79067481	79067496	16	*	ZMIZ1-AS1	54	0	54	51	0	51
chr1	40257762	40257785	24	*	ZMPSTE24	99	0	99	36	0	36
chr1	35031453	35031462	10	*	ZMYM6	37	0	37	22	0	22
chr19	21767558	21767558	1	*	ZNF100	27	1	26	12	0	12
chr12	133080671	133080678	8	*	ZNF140	60	1	59	40	0	40
chr2	218658754	218658754	1	*	ZNF142	25	0	25	12	0	12
chr3	125375915	125375915	1	*	ZNF148	11	0	11	10	3	7
chr19	43951050	43951587	538	*	ZNF221	57	3	54	32	0	32
chr19	44025325	44025341	17	*	ZNF222	41	1	40	23	0	23
chr19	44141521	44141546	26	*	ZNF234	57	0	57	23	0	23
chr18	35343956	35343956	1	*	ZNF24	26	0	26	10	0	10
chr8	144755008	144755008	1	*	ZNF251	18	0	18	11	0	11
chr19	24033365	24033365	1	*	ZNF254	22	1	21	10	0	10
chr16	3283846	3283846	1	*	ZNF263	20	0	20	10	0	10
chr16	31873931	31873955	25	*	ZNF267	81	0	81	34	0	34
chr12	133181992	133181992	1	*	ZNF268	23	3	20	10	1	9
chr19	58182745	58182771	27	*	ZNF274	24	1	23	24	1	23
chr5	150904978	150904978	1	*	ZNF300	13	7	6	10	2	8
chr19	58467364	58467391	28	*	ZNF324	60	0	60	44	1	43
chr19	58451610	58451610	1	*	ZNF324B	20	0	20	10	0	10
chr1	89995360	89995762	403	*	ZNF326	88	0	88	48	0	48
chr2	179861721	179861737	17	*	ZNF385B	40	3	37	50	3	47
chr18	35376704	35376704	1	*	ZNF396	33	3	30	13	3	10
chr18	35240723	35240723	1	*	ZNF397	27	0	27	10	0	10
chr7	149126493	149126518	26	*	ZNF398	88	1	87	52	0	52
chr19	8514253	8514334	82	*	ZNF414	83	0	83	30	0	30
chr16	49858205	49858215	11	*	ZNF423	20	7	13	20	2	18
chr1	23368490	23368490	1	*	ZNF436	16	0	16	12	0	12
chr19	11814250	11814272	23	*	ZNF440	42	1	41	23	3	20
chr19	58475616	58476106	491	*	ZNF446	154	0	154	62	2	60
chr6	57090264	57090284	21	*	ZNF451	74	0	74	35	0	35
chr16	30377749	30377775	27	*	ZNF48	70	1	69	40	0	40
chr19	58362499	58362510	12	*	ZNF497-AS1	36	0	36	24	0	24
chr3	44712609	44712634	26	*	ZNF502	87	51	36	50	15	35
chr18	76492351	76492386	36	*	ZNF516-AS1	329	0	329	81	0	81
chr18	76495439	76495982	544	*	ZNF516-DT	199	1	198	59	0	59
chr18	25352034	25352034	1	*	ZNF521	24	4	20	11	1	10
chr19	55599970	55599987	18	*	ZNF524	44	0	44	20	0	20
chr19	36573789	36573789	1	*	ZNF529	17	1	16	10	0	10
chr19	57320337	57320805	469	*	ZNF543	39	0	39	21	0	21
chr19	36245457	36245459	3	*	ZNF565	71	70	1	20	19	1
chr19	42068958	42068958	1	*	ZNF574	17	5	12	12	3	9
chr19	43533179	43533921	743	*	ZNF575	109	2	107	43	0	43
chr4	53131	53654	524	*	ZNF595	245	240	5	82	66	16
chr19	52734646	52734763	118	*	ZNF611	58	4	54	39	0	39
chr3	88059943	88059943	1	*	ZNF654	19	0	19	10	0	10
chr9	66903598	66903598	1	*	ZNF658	29	29	0	11	10	1
chr16	31072783	31072787	5	*	ZNF668	60	0	60	20	0	20
chr19	23687350	23687368	19	*	ZNF675	40	0	40	20	0	20
chr7	64563081	64563091	11	*	ZNF680	44	0	44	23	0	23
chr1	151282924	151282931	8	*	ZNF687	26	1	25	20	0	20
chr1	151282038	151282038	1	*	ZNF687-AS1	21	0	21	10	0	10
chr16	30609574	30609596	23	*	ZNF689	43	26	17	40	31	9
chr1	247007818	247007818	1	*	ZNF695	24	16	8	11	5	6
chr19	21329326	21329332	7	*	ZNF708	47	0	47	24	0	24
chr3	75785759	75785759	1	*	ZNF717	72	16	56	15	2	13
chr16	3305952	3305979	28	*	ZNF75A	139	9	130	57	7	50
chr6	35259180	35259399	220	*	ZNF76	69	0	69	30	0	30
chr19	11965216	11965216	1	*	ZNF763	14	4	10	10	4	6
chr19	57499851	57499854	4	*	ZNF773	33	0	33	20	0	20
chr7	149261778	149265627	3850	*	ZNF783	50	24	26	33	13	20
chr19	55624974	55624977	4	*	ZNF784	45	1	44	21	0	21
chr19	36838479	36838501	23	*	ZNF790	99	1	98	54	0	54
chr4	212759	212774	16	*	ZNF876P	26	25	1	23	16	7
chr5	179023720	179023728	9	*	ZNF879	60	2	58	33	0	33
chr19	19900961	19900961	1	*	ZNF93	19	13	6	10	5	5
chr11	65570664	65570667	4	*	ZNRD2	50	0	50	24	0	24
chr16	74999929	74999950	22	*	ZNRF1	126	22	104	57	1	56
chr6	28136811	28136811	1	*	ZSCAN16-AS1	18	0	18	10	0	10
chr1	33472425	33472425	1	*	ZSCAN20	30	0	30	10	0	10
chr18	35290122	35290122	1	*	ZSCAN30	14	0	14	10	0	10
chr6	28336086	28336094	9	*	ZSCAN31	33	1	32	27	0	27
