GO	[-23.88 -0.90]	[-0.90 -0.57]	[-0.57 -0.36]	[-0.36 -0.21]	[-0.21 -0.04]	[-0.04 0.02]	[0.02 0.27]	[0.27 0.60]	[0.60 1.22]	[1.22 2.21]	[2.21 10.00]
MORF_G22P1 MORF_G22P1	1.002	18.236	12.842	-0.405	0.301	-3.498	-1.674	-4.160	-7.181	-7.181	-7.222
MORF_ANP32B MORF_ANP32B	0.881	11.483	11.483	0.465	2.446	-3.193	-1.340	-3.193	-8.277	-8.277	-8.325
GNF2_FBL GNF2_FBL	0.746	11.132	19.643	-0.380	-0.274	-3.304	-4.027	-3.304	-4.926	-6.129	-6.164
MORF_FBL MORF_FBL	6.142	17.615	3.891	-0.310	-0.310	-3.070	-4.653	-3.070	-5.835	-5.835	-5.868
MORF_HAT1 MORF_HAT1	4.082	9.701	11.420	0.285	0.500	-3.563	-1.139	-5.022	-5.992	-7.265	-7.307
MORF_NPM1 MORF_NPM1	-0.723	5.582	16.002	1.216	2.853	-5.517	-0.556	-3.177	-6.759	-6.759	-6.799
MORF_PRKDC MORF_PRKDC	7.906	15.979	2.430	0.558	-0.473	-1.755	-1.755	-2.960	-5.623	-7.940	-7.986
GNF2_RAN GNF2_RAN	13.668	12.040	1.056	-2.588	-0.489	-2.588	-3.574	-3.574	-3.574	-3.574	-3.595
MORF_RFC4 MORF_RFC4	5.845	11.330	4.101	0.293	0.679	-2.320	-0.959	-5.083	-6.297	-6.297	-6.333
MORF_RAD21 MORF_RAD21	0.442	6.298	13.979	1.705	0.872	-2.645	-1.234	-1.837	-6.191	-7.476	-7.519
GNF2_EIF3S6 GNF2_EIF3S6	-1.933	3.309	19.146	1.604	1.604	-3.095	-1.511	-2.451	-5.038	-5.038	-5.067
MORF_DAP3 MORF_DAP3	1.310	10.633	5.757	2.266	0.771	-3.105	-0.845	-1.555	-5.812	-8.151	-8.198
MORF_RAD23B MORF_RAD23B	0.363	3.984	14.967	0.926	1.545	-5.097	0.269	-1.767	-4.300	-7.349	-7.392
MORF_PPP1CC MORF_PPP1CC	6.235	10.429	3.364	0.470	0.932	-3.305	-0.608	-4.725	-5.675	-6.928	-5.713
GCM_ACTG1 GCM_ACTG1	0.630	5.342	8.020	0.811	5.342	-4.031	-2.019	-4.031	-5.163	-5.163	-5.193
MORF_CTBP1 MORF_CTBP1	-0.486	5.650	7.050	4.001	1.766	-3.369	-0.268	-1.933	-5.754	-7.012	-7.053
GNF2_DAP3 GNF2_DAP3	-0.867	8.411	13.044	0.700	0.700	-2.420	-1.144	-3.060	-3.877	-4.996	-5.025
GNF2_PA2G4 GNF2_PA2G4	7.185	13.251	1.957	-1.199	-0.842	-2.329	-2.329	-3.282	-3.282	-3.282	-3.301
GNF2_APEX1 GNF2_APEX1	4.231	12.654	3.748	-0.589	-0.404	-3.824	-1.565	-3.824	-2.812	-3.824	-3.847
MORF_ACTG1 MORF_ACTG1	-1.563	1.893	12.815	1.615	3.218	-3.701	0.428	-1.958	-3.701	-5.751	-5.784
MORF_DNMT1 MORF_DNMT1	6.865	8.012	3.472	0.738	-0.443	-3.800	-0.830	-3.800	-3.800	-4.912	-4.940
MORF_ERH MORF_ERH	1.519	7.714	7.714	1.519	0.323	-2.885	-1.361	-3.685	-4.786	-4.786	-4.814
MORF_PSMC1 MORF_PSMC1	1.024	4.424	8.402	2.153	0.696	-4.794	0.335	-0.772	-4.794	-7.940	-5.664
MORF_EI24 MORF_EI24	4.994	7.450	3.348	0.497	0.497	-2.096	0.371	-4.770	-3.881	-5.961	-5.995
MORF_UBE2N MORF_UBE2N	1.952	7.323	9.976	-0.642	-0.301	-1.653	-1.228	-3.950	-3.950	-3.950	-3.973
MORF_EIF4A2 MORF_EIF4A2	-0.960	1.615	12.815	1.615	3.218	-3.004	-0.406	-2.432	-2.432	-5.751	-5.784
GCM_APEX1 GCM_APEX1	1.281	6.663	4.142	0.820	3.284	-3.646	-0.756	-3.646	-4.745	-4.745	-4.772
MORF_EIF3S6 MORF_EIF3S6	0.664	5.995	7.631	1.307	1.307	-3.130	-1.536	-1.188	-5.080	-5.080	-5.109
MORF_PTPN11 MORF_PTPN11	1.762	7.813	7.216	-0.465	0.744	-1.570	-0.890	-3.417	-4.493	-4.493	-4.519
MORF_PPP1CA MORF_PPP1CA	1.083	4.794	7.050	2.315	0.895	-2.815	-0.365	-1.933	-4.021	-7.012	-5.792
MORF_RRM1 MORF_RRM1	4.487	6.056	6.624	-0.259	-0.259	-3.189	-1.052	-3.189	-3.189	-4.242	-4.267
GCM_NPM1 GCM_NPM1	0.440	5.438	8.823	0.440	2.089	-2.293	-0.792	-2.920	-4.828	-4.828	-3.749
MORF_NME2 MORF_NME2	0.259	2.486	9.156	2.810	2.182	-2.434	-0.808	-1.618	-3.574	-6.465	-5.276
MORF_UNG MORF_UNG	7.549	7.549	2.513	-1.118	-0.340	-1.118	-2.219	-3.157	-3.157	-3.157	-3.175
MORF_RAD54L MORF_RAD54L	9.532	7.016	1.316	-0.411	-0.411	-2.505	-0.585	-1.922	-3.265	-4.326	-4.351
GNF2_HCK GNF2_HCK	-2.134	-2.850	-2.850	-3.866	-2.134	-2.134	-1.178	-0.278	2.805	8.182	7.487
MORF_TPT1 MORF_TPT1	-1.861	0.669	12.654	1.997	2.348	-3.189	-0.259	-1.861	-1.861	-4.242	-4.267
MORF_MAP2K2 MORF_MAP2K2	0.663	10.873	2.428	0.844	1.050	-1.419	-0.341	-1.797	-4.341	-5.499	-5.531
MORF_PCNA MORF_PCNA	4.415	6.733	3.902	-0.289	0.468	-1.309	-3.449	-2.477	-3.449	-3.449	-3.469
MORF_PPP2CA MORF_PPP2CA	-0.423	8.221	3.336	2.956	0.928	-2.135	-0.581	-1.024	-4.186	-5.331	-5.362
GCM_CSNK2B GCM_CSNK2B	0.950	5.766	5.766	1.199	1.199	-3.075	-0.985	-2.335	-4.117	-4.117	-4.141
GNF2_NPM1 GNF2_NPM1	3.224	6.687	5.415	0.315	-0.689	-2.073	-1.456	-2.990	-2.990	-2.990	-3.007
MORF_AP3D1 MORF_AP3D1	-0.448	5.399	4.040	2.862	0.885	-1.065	0.397	-2.194	-3.414	-5.415	-5.446
MORF_MTA1 MORF_MTA1	0.525	6.815	4.146	0.710	1.445	-3.113	-0.733	-0.733	-4.159	-4.159	-4.183
MORF_CCNI MORF_CCNI	-0.751	1.573	8.788	0.762	2.670	-3.657	0.391	-1.450	-2.663	-3.657	-3.679
GNF2_HDAC1 GNF2_HDAC1	0.261	4.887	10.149	0.381	0.528	-2.711	-0.685	-1.239	-2.106	-3.493	-4.604
MORF_RPA2 MORF_RPA2	0.417	8.253	1.598	2.955	0.818	-0.801	-0.495	-0.634	-4.865	-5.699	-4.904
MORF_FEN1 MORF_FEN1	6.189	5.535	2.751	-0.546	-0.546	-0.835	-1.821	-2.698	-2.698	-2.698	-2.714
GNF2_KPNB1 GNF2_KPNB1	3.648	5.314	5.314	-1.488	-0.300	-2.110	-0.471	-1.488	-3.032	-3.032	-3.049
MORF_EIF4E MORF_EIF4E	3.285	7.148	1.692	0.617	0.290	-1.871	-0.313	-3.532	-2.551	-3.532	-3.553
GNF2_CASP1 GNF2_CASP1	-1.652	-2.746	-2.137	-3.532	-1.263	-4.619	0.513	0.685	4.815	5.833	2.273
GNF2_ST13 GNF2_ST13	-0.527	0.909	13.597	0.441	1.209	-1.212	-1.212	-1.785	-2.657	-2.657	-2.672
GNF2_XRCC5 GNF2_XRCC5	3.498	5.717	5.717	-1.092	-0.505	-1.092	-1.550	-1.550	-2.183	-3.115	-3.133
MORF_PSMC2 MORF_PSMC2	-1.336	1.552	7.812	1.281	2.518	-2.230	0.630	-1.014	-2.850	-4.745	-3.671
GCM_PSME1 GCM_PSME1	0.290	4.256	2.427	0.436	5.336	-2.551	-0.313	-2.551	-3.532	-3.532	-2.569
MORF_PRDX3 MORF_PRDX3	-0.473	5.915	6.520	0.436	1.086	-1.871	-0.473	-1.871	-2.551	-3.532	-3.553
MORF_DEAF1 MORF_DEAF1	6.517	5.814	1.906	-0.645	-0.645	-1.006	-1.537	-2.365	-2.365	-2.365	-2.379
GNF2_CARD15 GNF2_CARD15	-1.364	-1.965	-1.965	-2.865	-0.935	-2.865	-0.935	0.358	0.540	7.760	6.339
MORF_CDC10 MORF_CDC10	-0.667	4.807	3.205	1.638	0.949	-1.761	0.600	-0.370	-1.410	-6.087	-6.122
MODULE_76 MODULE_76	-0.888	-2.403	-1.741	-2.403	-1.741	1.214	-1.254	-0.888	-0.614	1.522	14.530
GNF2_NS GNF2_NS	8.604	4.508	0.821	-0.549	-1.658	-1.658	-1.658	-1.658	-0.958	-1.658	-1.668
GCM_MYST2 GCM_MYST2	-0.862	1.022	5.466	0.679	1.222	-2.423	3.146	0.310	-1.084	-5.873	-5.912
MORF_MSH2 MORF_MSH2	1.042	6.125	3.644	-0.273	1.372	-1.643	-1.643	-2.490	-2.490	-2.490	-2.504
MORF_GSPT1 MORF_GSPT1	7.740	4.112	1.944	-1.260	-0.782	-1.260	-0.782	-2.032	-2.032	-2.032	-2.044
GNF2_SMC4L1 GNF2_SMC4L1	0.452	4.335	2.901	1.117	2.901	-1.337	-0.958	-1.838	-3.490	-3.490	-3.511
GNF2_RRM1 GNF2_RRM1	0.391	5.630	1.573	1.269	2.670	-0.751	-0.751	-1.969	-3.657	-3.657	-3.679
MODULE_92 MODULE_92	-1.176	-3.371	-3.371	-0.292	-0.923	6.469	-3.371	-0.923	-0.541	2.725	5.014
MORF_PRKAR1A MORF_PRKAR1A	-2.096	1.730	2.984	1.230	1.730	-1.686	1.469	1.469	-2.096	-5.961	-4.802
MORF_RAB1A MORF_RAB1A	-2.529	0.427	2.993	2.993	2.396	-1.472	2.122	0.681	-1.472	-4.124	-6.714
GNF2_MCM5 GNF2_MCM5	1.695	6.001	3.559	0.316	0.499	-1.678	-2.532	-1.123	-2.532	-2.532	-2.546
MORF_SART1 MORF_SART1	0.288	2.421	5.121	1.990	0.940	-2.615	-0.314	-2.615	-2.615	-2.615	-2.630
MORF_RAF1 MORF_RAF1	-0.493	3.097	4.406	0.909	0.381	-0.493	2.003	-1.239	-3.493	-4.577	-4.604
MODULE_183 MODULE_183	0.628	6.873	4.322	-0.546	0.878	-1.821	-0.835	-1.242	-2.698	-2.698	-2.714
GNF2_STAT6 GNF2_STAT6	-3.282	-3.282	-1.677	-1.677	0.367	-1.677	4.752	2.766	4.212	-0.243	-1.211
MORF_ESPL1 MORF_ESPL1	3.036	4.712	3.036	-0.287	0.730	-1.678	-1.678	-2.532	-1.678	-2.532	-2.546
MORF_RPA1 MORF_RPA1	-0.452	6.125	4.213	0.520	1.372	-1.643	-1.093	-1.643	-2.490	-2.490	-2.504
MORF_SMC1L1 MORF_SMC1L1	0.973	7.277	2.962	0.479	0.479	-1.152	-1.714	-1.714	-2.573	-2.573	-2.588
GCM_MLL GCM_MLL	-0.895	0.512	3.759	1.178	0.806	-2.964	2.740	1.625	-0.895	-4.985	-5.992
MORF_CDC16 MORF_CDC16	1.823	5.215	1.157	0.644	1.157	-1.065	0.289	-3.073	-3.073	-3.073	-3.091
GCM_TPT1 GCM_TPT1	-0.647	1.000	9.877	0.520	1.642	-1.394	-0.647	-0.961	-2.907	-2.907	-2.015
GCM_GSPT1 GCM_GSPT1	-0.268	-0.486	2.031	1.519	0.895	-3.369	3.630	1.766	-0.815	-4.799	-5.792
MORF_DAP MORF_DAP	-1.172	1.028	6.649	0.775	0.775	-2.293	2.400	-1.172	-1.645	-3.240	-3.259
GCM_CBFB GCM_CBFB	1.000	5.623	2.020	0.343	1.302	-2.907	0.343	-2.001	-2.001	-2.907	-2.923
GCM_DDX5 GCM_DDX5	-0.344	6.189	2.751	0.262	1.507	-1.821	0.423	-1.821	-2.698	-2.698	-2.714
MORF_GMPS MORF_GMPS	1.711	4.952	3.709	-0.332	-0.332	0.272	-2.199	-2.199	-2.199	-2.199	-2.211
GNF2_CCNB2 GNF2_CCNB2	-2.365	-0.234	2.348	2.348	5.814	-0.645	0.380	-1.537	-2.365	-2.365	-2.379
GNF2_CDC2 GNF2_CDC2	-2.573	0.302	2.484	2.962	4.026	-0.300	0.479	-1.714	-2.573	-2.573	-2.588
GNF2_ITGB2 GNF2_ITGB2	-2.365	-2.365	-1.537	-2.365	-1.006	-2.365	0.589	1.906	5.146	2.831	0.375
MORF_JUND MORF_JUND	-1.785	-0.527	5.016	1.209	4.416	-2.657	0.652	-0.527	-1.212	-2.657	-2.672
MORF_CDK2 MORF_CDK2	2.320	5.415	1.555	0.939	0.315	-1.013	-2.073	-0.454	-2.990	-2.990	-3.007
MORF_PPP6C MORF_PPP6C	-1.098	1.316	4.835	0.631	0.830	-1.462	3.436	-0.585	-2.505	-4.326	-3.287
MORF_CUL1 MORF_CUL1	0.714	7.494	1.598	1.598	0.328	-1.425	-0.987	-2.037	-1.425	-2.948	-2.965
MORF_PAPSS1 MORF_PAPSS1	-0.791	1.956	1.638	2.302	1.638	-2.471	1.956	-0.398	-1.892	-4.284	-4.309
GNF2_UBE2I GNF2_UBE2I	-0.650	2.816	6.164	0.685	1.374	-1.824	-1.091	-1.824	-1.824	-1.824	-1.835
GNF2_PCNA GNF2_PCNA	-1.928	2.557	1.735	2.557	3.022	-0.606	-0.239	-1.333	-2.823	-2.823	-2.840
GCM_UBE2N GCM_UBE2N	-0.328	-0.328	3.242	-0.328	2.893	-1.941	2.253	1.210	-0.995	-5.162	-5.196
GNF2_DENR GNF2_DENR	1.823	7.407	1.416	0.302	0.302	-2.115	-0.837	-1.328	-2.115	-2.115	-2.128
MODULE_79 MODULE_79	-1.331	-1.771	-1.331	-0.715	-0.985	-0.715	-2.335	-0.985	0.385	4.216	10.094
GNF2_CENPF GNF2_CENPF	-2.573	0.703	1.646	2.484	4.026	0.302	0.479	-1.714	-2.573	-2.573	-2.588
GNF2_RBBP6 GNF2_RBBP6	0.501	3.295	4.916	0.969	0.714	-1.425	-0.668	-0.987	-2.948	-2.948	-2.965
GCM_PPP1CC GCM_PPP1CC	2.414	5.941	1.556	-0.381	0.879	-1.502	-0.977	-1.502	-2.323	-2.323	-2.337
MORF_MBD4 MORF_MBD4	-0.982	-0.473	7.148	1.086	2.044	-0.982	1.086	-0.691	-2.551	-3.532	-2.569
GNF2_TNFRSF1B GNF2_TNFRSF1B	-1.212	-1.785	-1.785	-2.657	-1.212	-2.657	0.275	0.652	1.936	5.016	2.797
GCM_RAB10 GCM_RAB10	-1.102	0.823	1.002	2.470	1.002	-1.674	3.447	1.002	-1.102	-5.913	-4.194
GNF2_CCNA2 GNF2_CCNA2	-1.928	1.066	1.735	1.735	4.054	-0.239	0.561	-1.333	-2.823	-2.823	-2.840
MODULE_128 MODULE_128	-1.279	-1.712	-1.279	-0.678	-0.941	-0.678	-2.268	-0.941	0.413	3.879	9.657
MODULE_292 MODULE_292	-0.384	-0.923	-2.372	-1.514	-1.514	0.453	-3.629	-1.190	1.678	3.705	6.390
GNF2_PECAM1 GNF2_PECAM1	-1.502	-1.502	-1.502	-2.323	-0.977	-2.323	-0.977	0.879	2.414	4.009	3.414
MODULE_170 MODULE_170	-1.357	-1.357	-1.357	-0.733	-1.007	-0.521	-2.369	-1.007	0.372	4.146	9.284
MORF_BUB1B MORF_BUB1B	1.832	5.426	1.135	-0.359	0.406	-0.860	0.849	-1.857	-2.740	-2.740	-2.756
MODULE_108 MODULE_108	0.233	-1.502	-0.977	-1.502	-0.977	2.906	-2.323	-1.502	-1.502	2.414	5.906
MORF_SP3 MORF_SP3	-0.820	0.775	4.841	1.318	3.286	-1.645	-0.820	-0.368	-1.172	-3.240	-3.259
MODULE_263 MODULE_263	-1.124	-1.124	-1.866	-1.124	-0.392	3.912	-1.866	-1.124	-1.124	1.323	5.978
MODULE_223 MODULE_223	-1.661	-3.137	-1.661	-1.661	-0.329	0.837	-2.554	0.381	0.381	4.615	5.468
GNF2_RFC4 GNF2_RFC4	0.331	4.816	2.161	0.520	1.745	-1.093	-0.452	-1.643	-2.490	-2.490	-2.504
GCM_DFFA GCM_DFFA	-0.301	1.390	3.336	0.565	1.147	-1.024	0.928	0.421	-0.779	-5.331	-5.362
GNF2_ELAC2 GNF2_ELAC2	3.204	2.649	3.805	-0.411	-0.411	-1.908	-1.158	-0.411	-1.908	-1.908	-1.919
GNF2_CDC20 GNF2_CDC20	-1.502	0.398	1.556	1.963	5.262	-0.381	0.398	-1.502	-2.323	-2.323	-2.337
GNF2_S100A4 GNF2_S100A4	-1.949	-1.192	-1.192	-1.949	-1.192	-1.949	-0.729	0.885	1.625	5.006	2.550
MODULE_324 MODULE_324	1.026	-2.839	-1.823	-1.442	-2.283	-0.351	-1.442	-0.656	0.646	3.468	6.626
MODULE_436 MODULE_436	0.568	-1.563	-1.958	-0.735	-2.432	0.568	-3.004	-1.233	1.127	2.193	7.272
GNF2_MLH1 GNF2_MLH1	1.933	5.699	2.439	-0.599	-0.335	-1.024	-0.599	-1.741	-1.741	-1.741	-1.751
GNF2_GLTSCR2 GNF2_GLTSCR2	-1.285	0.509	8.812	1.243	-0.341	-1.285	-1.285	0.264	-1.285	-1.285	-1.292
MORF_PHB MORF_PHB	2.426	1.509	1.791	1.509	1.019	-2.019	-0.263	0.343	-4.031	-4.031	-2.570
MODULE_289 MODULE_289	-1.233	-2.019	-2.019	-0.376	-0.945	3.549	-2.019	-2.019	-0.263	3.153	4.820
MODULE_124 MODULE_124	-0.312	6.034	1.292	0.427	3.052	-1.682	-0.312	-2.234	-2.234	-1.682	-2.253
MORF_TERF1 MORF_TERF1	-0.359	3.681	3.165	1.464	0.605	-0.860	-0.359	-0.860	-2.740	-2.740	-2.756
GCM_RAN GCM_RAN	-1.868	0.388	1.113	1.524	0.498	-3.105	4.182	2.266	-0.408	-3.105	-3.676
MORF_SNRP70 MORF_SNRP70	-0.762	0.703	4.026	1.646	1.646	-1.152	0.973	-2.573	-1.152	-2.573	-2.588
MODULE_152 MODULE_152	2.097	2.779	3.153	-0.376	0.473	-0.711	-0.263	0.343	-2.547	-4.031	-4.059
GNF2_DEK GNF2_DEK	0.816	3.270	1.851	1.461	1.461	-1.572	-1.035	-1.035	-2.407	-2.407	-2.421
MORF_TPR MORF_TPR	-0.515	0.330	1.878	1.878	2.168	-0.682	1.878	0.330	-1.433	-4.926	-4.959
GNF2_SELL GNF2_SELL	-1.949	-1.949	-1.192	-1.949	-1.192	-1.192	2.072	2.569	4.333	0.598	-0.436
MODULE_171 MODULE_171	0.321	-0.941	-2.971	-1.538	-1.538	0.440	-2.402	-1.212	2.900	2.230	5.340
GNF2_PTPRC GNF2_PTPRC	-1.928	-1.928	-1.333	-1.928	-0.910	-2.823	2.127	4.054	1.380	1.380	0.553
GNF2_MSH6 GNF2_MSH6	2.272	7.800	0.264	-0.671	0.264	-1.285	-0.671	-1.285	-1.285	-1.285	-1.292
GNF2_MCM4 GNF2_MCM4	-0.893	3.709	3.147	0.983	1.323	-0.332	-1.397	-0.893	-2.199	-2.199	-2.211
GNF2_HAT1 GNF2_HAT1	0.523	4.643	2.857	0.523	0.783	-1.294	-1.294	-0.810	-2.074	-2.074	-2.086
MORF_TERF2IP MORF_TERF2IP	-1.057	0.440	3.176	1.224	0.778	0.440	2.428	-0.417	-2.293	-2.920	-4.856
GNF2_CD33 GNF2_CD33	-0.837	-0.837	-2.115	-2.115	-0.300	-2.115	-0.513	-0.300	0.499	3.904	5.162
MODULE_62 MODULE_62	-0.363	3.483	3.483	0.377	0.541	-0.538	0.377	0.246	-2.002	-3.699	-3.721
MORF_BECN1 MORF_BECN1	-3.303	0.448	1.876	1.876	-0.424	-0.601	3.377	1.032	-0.601	-3.303	-3.326
GNF2_FEN1 GNF2_FEN1	-0.381	3.438	1.963	1.556	1.556	-0.622	-0.622	-1.502	-2.323	-2.323	-2.337
GCM_HBP1 GCM_HBP1	-0.961	1.000	2.885	0.343	-0.263	-1.394	2.885	1.302	-2.001	-2.907	-2.923
GNF2_PPP6C GNF2_PPP6C	-1.617	1.229	2.695	2.695	1.660	-0.925	-0.283	-1.617	-1.617	-1.617	-1.626
GNF2_BUB3 GNF2_BUB3	1.966	7.549	0.608	-1.160	-1.160	-0.579	-0.579	-0.579	-1.160	-1.160	-1.167
MODULE_345 MODULE_345	0.322	-1.639	-1.279	-0.744	-1.639	0.447	-2.612	-1.279	0.597	2.343	7.774
MODULE_208 MODULE_208	-0.254	-1.562	-1.990	-1.562	-1.562	0.647	-2.515	-0.925	2.826	2.469	4.428
GNF2_G22P1 GNF2_G22P1	1.863	5.076	1.392	0.381	-0.234	-0.828	-1.492	-1.492	-1.492	-1.492	-1.501
GNF2_MYD88 GNF2_MYD88	-2.490	-2.490	-1.093	-1.643	-0.452	-1.093	2.617	2.617	2.617	1.042	-0.722
GNF2_TDG GNF2_TDG	1.452	3.090	2.484	0.681	0.404	-1.451	-1.451	-1.451	-1.451	-1.451	-1.459
MORF_ATOX1 MORF_ATOX1	-0.254	0.726	5.226	1.911	0.521	-0.865	-0.397	-0.397	-1.226	-3.323	-3.343
MODULE_122 MODULE_122	0.524	-2.040	-2.040	-1.636	-1.636	0.393	-0.785	-0.320	0.283	1.057	9.245
GNF2_MCL1 GNF2_MCL1	-1.006	-2.365	-1.537	-1.537	-0.645	-2.365	-0.234	0.847	3.353	2.831	1.493
GCM_PFN1 GCM_PFN1	0.499	2.777	0.752	-0.300	3.320	-1.328	0.752	-2.115	-1.328	-2.115	-2.128
GNF2_DDX5 GNF2_DDX5	-1.749	-1.182	0.288	-0.507	6.435	-0.786	2.890	0.288	-0.314	-1.182	-2.630
GNF2_PTPN6 GNF2_PTPN6	-1.949	-1.949	-1.192	-1.192	-0.729	-1.949	0.885	1.625	4.333	1.228	0.365
MORF_RAB5A MORF_RAB5A	-2.201	1.056	3.110	0.819	1.324	-1.228	1.056	0.302	-0.301	-3.950	-2.945
GCM_RAD21 GCM_RAD21	0.942	2.884	3.513	-0.476	0.615	-1.534	-0.250	-1.534	-1.534	-1.534	-1.543
GNF2_CD1D GNF2_CD1D	-0.650	-1.091	-1.091	-1.824	-1.091	-1.824	-0.650	0.431	0.685	5.407	2.797
GNF2_CD14 GNF2_CD14	0.216	-0.765	-1.409	-1.409	-0.765	-1.409	-0.765	-0.407	-0.407	4.611	4.587
MORF_CCNF MORF_CCNF	0.382	3.775	1.028	1.645	1.318	-1.172	0.243	-1.645	-2.293	-1.172	-3.259
GNF2_PAK2 GNF2_PAK2	-1.160	-1.160	-1.160	-1.160	-0.579	-0.579	2.570	3.980	1.966	-1.160	-0.584
MORF_BUB1 MORF_BUB1	2.700	3.232	1.020	-0.316	0.722	-0.316	-0.534	-1.363	-2.157	-2.157	-2.170
GNF2_TPT1 GNF2_TPT1	-1.575	-0.266	2.788	1.725	3.401	-0.893	-0.266	-0.500	-1.575	-1.575	-1.584
GNF2_CD53 GNF2_CD53	-1.572	-1.572	-2.407	-1.572	-0.247	-1.572	2.757	1.851	2.757	0.816	-0.422
MODULE_244 MODULE_244	1.730	1.730	1.980	1.083	2.248	-1.391	-0.916	-0.441	-1.687	-2.422	-4.026
GCM_ANP32B GCM_ANP32B	-0.234	2.985	2.985	-0.234	1.863	-0.828	-1.492	-0.828	-1.492	-1.492	-1.501
GNF2_ICAM3 GNF2_ICAM3	-1.617	-1.617	-1.617	-1.617	-0.283	-0.925	0.556	-0.283	4.642	2.150	0.550
MORF_PPP2R5E MORF_PPP2R5E	-0.911	2.591	0.327	1.483	1.820	-0.911	1.180	-0.633	-0.427	-3.407	-3.427
MODULE_382 MODULE_382	-0.579	-1.160	-1.160	-0.279	-1.160	7.549	-0.579	-1.160	-0.579	1.434	0.321
GNF2_TNFSF10 GNF2_TNFSF10	-1.243	-1.243	-0.640	-1.243	-1.243	-0.320	-0.640	-0.640	0.540	3.694	4.427
MODULE_375 MODULE_375	-0.792	-2.035	-1.507	-0.247	-0.555	1.822	-1.507	-1.507	-0.792	3.886	3.854
MODULE_146 MODULE_146	-0.552	-1.409	-1.052	-0.552	-1.052	1.997	-1.409	-3.189	0.493	2.348	4.449
GNF2_CENPE GNF2_CENPE	-1.700	0.285	1.131	0.785	4.380	0.285	0.785	-0.991	-1.700	-1.700	-1.710
GNF2_HMMR GNF2_HMMR	-1.192	0.885	2.072	1.228	2.569	-0.241	0.370	-1.192	-1.949	-1.949	-1.960
GNF2_CD97 GNF2_CD97	-0.893	-1.575	-0.893	-1.575	-1.575	-1.575	1.281	0.900	1.725	2.788	0.578
GNF2_FOS GNF2_FOS	-0.318	-0.574	-1.700	-1.700	-0.318	-1.700	-0.574	-0.991	2.521	3.092	1.987
MORF_BAG5 MORF_BAG5	-0.364	0.639	2.984	2.984	0.912	-0.600	-0.364	-0.949	-1.467	-2.282	-2.295
MORF_BMI1 MORF_BMI1	-0.397	2.706	1.248	1.248	0.521	-0.865	0.726	0.521	-2.366	-3.323	-2.383
MORF_RFC1 MORF_RFC1	0.724	0.932	1.169	0.932	0.271	-0.668	1.725	0.724	-1.215	-4.535	-3.479
MODULE_433 MODULE_433	-0.738	-2.532	-1.678	-1.123	-0.738	3.559	-1.678	0.499	0.499	2.102	1.315
GCM_IL6ST GCM_IL6ST	-0.921	0.436	-0.921	1.278	0.947	-2.240	2.083	1.658	0.436	-2.240	-2.253
MORF_PPP2R4 MORF_PPP2R4	0.499	0.499	4.529	2.278	-0.513	-1.328	-0.300	-0.513	-0.837	-2.115	-2.128
GCM_CHUK GCM_CHUK	-0.987	1.264	1.264	1.264	0.328	-1.425	2.819	0.501	-1.425	-2.948	-2.052
MODULE_121 MODULE_121	-0.715	-2.335	-0.715	-0.506	-0.715	0.950	-2.335	-0.506	-0.506	4.216	3.713
MODULE_158 MODULE_158	0.254	1.042	4.137	0.454	1.042	-1.057	0.454	-1.783	-1.057	-1.783	-1.793
MODULE_219 MODULE_219	4.136	2.681	0.347	-0.260	0.347	-1.119	-0.550	-1.119	-1.119	-1.119	-1.125
GNF2_BNIP2 GNF2_BNIP2	-1.409	-1.409	0.717	-0.765	0.428	-0.407	4.611	1.515	0.216	-1.409	-1.417
MORF_USP5 MORF_USP5	1.766	2.700	1.020	0.722	0.477	-0.316	-0.865	-0.534	-2.157	-2.157	-2.170
MORF_REV3L MORF_REV3L	-1.064	1.416	1.797	1.078	0.347	-1.064	1.416	0.786	-1.607	-2.448	-2.463
GNF2_BUB1B GNF2_BUB1B	-0.270	2.418	1.944	0.816	1.517	-0.471	-0.471	-0.782	-2.032	-2.032	-2.044
GNF2_SMC1L1 GNF2_SMC1L1	1.506	1.033	4.136	0.645	-0.550	-1.119	-1.119	-0.550	-1.119	-1.119	-1.125
GNF2_CKS1B GNF2_CKS1B	0.942	1.793	1.793	-0.476	2.310	-1.534	-0.476	-0.476	-1.534	-1.534	-1.543
GCM_RAF1 GCM_RAF1	0.454	4.137	2.360	1.042	-0.354	-1.057	-1.057	-1.057	-1.057	-1.057	-1.793
GNF2_CKS2 GNF2_CKS2	-0.492	1.882	2.857	0.783	0.783	-0.285	0.318	-0.810	-2.074	-2.074	-2.086
GCM_DENR GCM_DENR	-0.492	1.882	1.465	2.347	0.783	-2.074	0.523	-1.294	-0.810	-2.074	-1.304
GNF2_TTK GNF2_TTK	-0.925	0.859	2.695	1.229	2.150	-0.524	-0.283	-0.925	-1.617	-1.617	-1.626
MODULE_68 MODULE_68	-1.077	-1.077	-0.520	1.090	-0.520	6.068	-0.520	-1.077	-1.077	0.685	-0.243
MORF_SS18 MORF_SS18	-0.489	0.479	0.302	0.703	2.484	-0.489	2.484	0.302	-1.714	-2.573	-2.588
GNF2_SPI1 GNF2_SPI1	-1.409	-1.409	-1.409	-1.409	-0.765	0.216	-0.407	0.717	0.717	1.515	3.857
MODULE_180 MODULE_180	-0.613	-0.613	-1.100	-0.443	-0.830	-0.613	-2.990	0.414	0.563	0.738	7.374
GNF2_MSN GNF2_MSN	-0.994	-0.994	-0.994	-0.994	1.215	-0.994	2.361	2.361	0.773	-0.994	-0.466
GCM_ING1 GCM_ING1	0.389	0.820	2.620	-0.374	0.389	-2.782	1.421	0.583	-0.374	-1.892	-2.798
MODULE_298 MODULE_298	-1.077	-1.077	-0.520	1.090	-0.520	6.068	-0.520	-1.077	-1.077	0.372	0.368
MODULE_28 MODULE_28	0.247	0.795	4.922	1.186	-0.363	-0.363	-0.363	-1.326	-1.326	-1.326	-1.334
GNF2_HLA_C GNF2_HLA_C	-1.949	-1.192	-1.192	-1.192	0.885	-1.949	1.625	1.228	2.072	0.885	-0.436
GNF2_RFC3 GNF2_RFC3	0.785	3.092	1.538	-0.318	1.131	-0.318	-0.574	-0.991	-1.700	-1.700	-1.710
MORF_RAB11A MORF_RAB11A	-0.691	0.542	2.221	1.078	1.416	-0.434	1.078	-0.434	-1.607	-2.448	-2.463
MORF_XPC MORF_XPC	-0.452	0.758	3.644	1.042	0.520	0.331	-0.273	-0.273	-1.643	-2.490	-2.504
GNF2_MSH2 GNF2_MSH2	0.324	4.781	1.966	-0.279	-0.279	-0.279	-0.579	-1.160	-1.160	-1.160	-1.167
MODULE_278 MODULE_278	2.578	-0.407	2.015	1.081	0.428	-1.409	0.428	-0.765	-1.409	-1.409	-1.417
MODULE_91 MODULE_91	-0.250	0.615	4.194	1.793	0.359	-0.476	-0.476	-0.860	-1.534	-1.534	-1.543
GCM_MAP4K4 GCM_MAP4K4	-1.084	-0.521	-0.521	0.679	0.310	-1.345	5.039	1.222	1.222	-2.008	-2.449
MODULE_102 MODULE_102	3.863	3.023	-0.324	-0.324	0.279	-0.787	-0.787	-0.787	-0.787	-0.787	-0.791
MODULE_568 MODULE_568	-2.110	-0.300	0.302	-3.032	0.464	0.909	0.464	2.264	2.264	-1.039	-1.501
GNF2_SPRR1B GNF2_SPRR1B	-0.994	-0.462	-0.994	-0.462	-0.994	6.546	-0.462	-0.994	0.427	0.427	0.423
GNF2_ANP32B GNF2_ANP32B	0.359	2.884	2.310	0.615	0.615	-0.860	-0.476	-0.860	-1.534	-1.534	-1.543
GNF2_RRM2 GNF2_RRM2	-0.958	1.179	2.075	0.528	2.075	-0.300	0.528	-0.958	-1.658	-1.658	-1.668
MODULE_259 MODULE_259	-1.908	-0.702	-1.158	-1.158	-0.702	-1.158	-0.702	1.275	1.682	2.649	1.668
GNF2_HPX GNF2_HPX	-0.264	-0.904	-3.593	-0.904	-0.373	2.308	-1.490	-0.373	-0.512	1.998	2.959
GNF2_RAP1B GNF2_RAP1B	-1.492	-1.492	-1.492	-1.492	0.381	-0.453	1.863	2.985	-0.234	0.647	0.376
MODULE_61 MODULE_61	5.318	2.347	0.523	-0.285	-0.810	-0.492	-0.810	-1.294	-1.294	-0.492	-1.304
GNF2_LCAT GNF2_LCAT	0.343	-0.711	-3.201	-0.945	-0.523	2.097	-2.019	-0.263	-0.523	1.791	3.120
GNF2_TYK2 GNF2_TYK2	-1.368	-0.733	0.231	-0.733	0.755	-0.733	4.011	1.581	0.453	-1.368	-1.375
GCM_TINF2 GCM_TINF2	0.285	0.785	2.002	-0.574	-0.318	-1.700	2.521	0.785	-0.991	-1.700	-1.710
GNF2_MBD4 GNF2_MBD4	-0.491	-0.491	3.663	-1.036	2.922	-0.491	0.398	-0.222	-1.036	-1.036	-1.042
GNF2_H2AFX GNF2_H2AFX	-1.285	0.264	0.837	2.272	2.272	-0.671	0.837	-0.671	-1.285	-1.285	-1.292
MORF_RAB6A MORF_RAB6A	-0.885	2.183	1.421	0.820	1.100	-0.586	0.239	0.389	-0.586	-2.782	-2.798
MODULE_96 MODULE_96	0.359	-1.534	-1.534	-0.476	-0.476	0.942	-0.860	-1.534	-0.250	2.310	2.866
MODULE_126 MODULE_126	2.712	1.624	2.414	-0.293	0.665	-2.730	-0.513	-0.391	-0.838	-1.292	-2.317
MODULE_165 MODULE_165	-1.741	-2.403	-0.888	-0.614	-0.412	2.648	-1.741	-0.266	0.940	1.865	1.505
MORF_MAP2K7 MORF_MAP2K7	-0.648	-1.885	-2.702	0.541	1.013	1.899	-0.648	-1.556	0.680	3.749	-0.661
MORF_IL4 MORF_IL4	-0.801	-1.493	-3.547	-0.379	0.533	2.651	-0.285	-1.227	0.533	3.610	-0.293
GNF2_CD48 GNF2_CD48	-1.326	-1.326	-1.326	-0.702	0.795	-1.326	1.650	0.795	1.650	1.186	-0.707
MODULE_388 MODULE_388	3.366	1.824	1.208	-0.704	-0.272	-0.704	-0.704	-0.704	-0.704	-0.704	-0.708
MODULE_125 MODULE_125	0.240	1.000	4.022	0.431	0.685	-1.091	0.431	-1.091	-0.650	-1.824	-1.835
MODULE_119 MODULE_119	1.526	-0.441	-2.523	-1.017	-2.040	-0.595	-0.785	-0.441	2.083	0.524	3.410
MODULE_491 MODULE_491	-2.329	-0.382	-0.243	-2.329	0.367	0.998	0.540	1.957	2.766	-1.199	-1.211
CAR_HPX CAR_HPX	0.464	-2.110	-2.110	-0.300	-0.710	2.264	-1.039	-1.039	-0.300	2.264	1.852
GCM_ZNF198 GCM_ZNF198	-0.811	-0.430	2.050	0.758	0.758	-0.811	1.740	1.197	-0.430	-2.955	-2.978
GCM_SUFU GCM_SUFU	0.254	-0.797	1.355	0.254	1.355	-1.145	1.687	1.059	0.254	-3.198	-2.272
MODULE_297 MODULE_297	-0.595	-1.226	-1.226	-0.595	-0.865	1.911	-0.595	-0.595	-1.226	1.562	4.630
GNF2_SMC2L1 GNF2_SMC2L1	-1.368	1.132	1.581	1.132	1.132	-0.385	0.755	-0.733	-1.368	-1.368	-1.375
MODULE_261 MODULE_261	-1.331	1.199	2.126	-0.506	0.385	-3.075	0.730	0.542	1.479	-0.715	-2.355
GCM_TPR GCM_TPR	0.795	2.182	2.182	0.247	0.480	-1.326	-0.363	-0.363	-1.326	-1.326	-1.334
GCM_NUMA1 GCM_NUMA1	0.246	0.639	1.235	0.639	0.246	-1.467	2.984	0.416	-1.467	-2.282	-1.478
MODULE_199 MODULE_199	-1.006	-0.645	-1.006	-1.537	-0.398	-1.537	-1.006	0.847	1.508	2.831	1.889
MORF_CTSB MORF_CTSB	-0.326	-2.396	-2.844	0.481	0.371	3.526	-0.560	-0.900	0.481	2.280	-0.442
GNF2_HPN GNF2_HPN	0.352	-0.886	-2.872	-0.886	-0.362	2.347	-1.466	-0.362	-0.672	1.473	3.006
MODULE_288 MODULE_288	0.359	-1.534	-0.476	-0.250	-0.476	0.942	-1.534	-1.534	-0.476	1.793	2.866
MODULE_358 MODULE_358	-1.677	1.283	1.603	-0.382	0.367	-2.329	0.367	0.750	1.957	-0.842	-2.346
MODULE_357 MODULE_357	-0.595	-1.226	-1.226	-0.397	-0.865	1.562	-0.595	-0.595	-1.226	1.562	4.630
MODULE_164 MODULE_164	-1.123	-2.532	-1.123	-0.287	-0.738	0.730	-0.738	-0.470	1.007	3.036	1.679
MODULE_169 MODULE_169	-0.476	-1.279	-1.279	-1.279	0.413	-0.476	-1.712	-0.324	2.592	0.577	3.845
MODULE_57 MODULE_57	-0.381	4.617	1.194	0.233	0.613	-0.977	0.613	-1.502	-0.977	-1.502	-0.987
GNF2_MYL3 GNF2_MYL3	0.837	-0.671	-1.285	0.509	-0.671	2.272	-1.285	-1.285	-0.671	2.272	0.261
MODULE_154 MODULE_154	-0.505	-1.092	-1.550	-0.753	-0.753	1.777	-0.505	-0.505	-1.092	1.777	3.977
GNF2_FGR GNF2_FGR	-1.326	-0.702	-0.702	-1.326	-0.702	-1.326	0.795	0.480	1.186	2.778	0.788
MODULE_182 MODULE_182	-1.771	0.950	2.126	-0.347	1.479	-2.335	1.199	0.385	0.385	-1.771	-1.345
MODULE_410 MODULE_410	0.381	-1.492	-1.492	-0.453	-0.453	0.647	-0.453	-1.492	-0.234	2.395	2.379
MODULE_149 MODULE_149	-0.250	0.942	0.942	1.793	1.793	-1.534	-0.250	-0.476	-1.534	-1.534	-0.867
GCM_HDAC1 GCM_HDAC1	0.900	3.401	1.281	-0.500	0.585	-0.893	-0.266	-0.893	-0.500	-1.575	-1.584
GNF2_TTN GNF2_TTN	-0.520	-1.077	-1.077	-0.240	-1.077	1.090	0.372	-1.077	-0.520	1.581	2.782
MODULE_321 MODULE_321	0.497	-2.168	0.497	-0.972	0.356	-2.781	0.497	1.340	2.991	-1.287	0.488
MODULE_329 MODULE_329	-0.300	-2.115	-1.328	-0.300	-0.300	0.752	-0.513	-1.328	-0.300	1.416	3.879
MODULE_97 MODULE_97	-1.712	1.002	2.216	-0.324	1.261	-2.268	1.261	-0.324	0.577	-1.712	-1.293
GNF2_LYN GNF2_LYN	-1.119	-1.119	0.347	-0.550	0.645	-1.119	1.506	0.645	2.681	-1.119	-0.554
MORF_ITGA2 MORF_ITGA2	-0.977	-1.502	-1.502	0.879	-0.622	4.009	-1.502	0.398	0.613	-0.381	0.869
GCM_ERBB2IP GCM_ERBB2IP	-0.738	-0.287	-1.123	0.730	2.550	-0.738	1.695	1.007	-0.287	-1.123	-2.546
GNF2_MYL2 GNF2_MYL2	1.650	-0.702	-1.326	0.247	-0.702	2.182	-1.326	-1.326	-0.363	1.186	0.475
CAR_IGFBP1 CAR_IGFBP1	-0.234	-1.537	-1.537	-1.006	-0.645	1.154	-0.645	-0.645	-0.234	3.914	1.493
GNF2_GSTM1 GNF2_GSTM1	0.544	-0.910	-2.677	-0.668	-0.334	1.725	-1.597	-0.479	-0.479	1.169	3.120
MODULE_424 MODULE_424	0.304	-0.745	-0.745	0.304	-0.298	-0.745	-0.745	-0.745	-0.298	0.656	5.013
GCM_CRKL GCM_CRKL	-0.810	0.275	1.552	0.909	0.275	-1.212	1.936	0.652	0.275	-1.785	-2.672
MODULE_107 MODULE_107	0.367	-2.329	-2.329	0.750	-1.199	1.603	-0.842	-0.382	0.367	0.998	1.938
GNF2_MKI67 GNF2_MKI67	-1.160	-0.279	0.608	0.980	2.570	0.324	0.980	-0.579	-1.160	-1.160	-1.167
MODULE_337 MODULE_337	1.936	1.552	0.441	1.209	0.909	-0.810	-0.810	-0.527	-0.810	-2.657	-1.223
GNF2_TST GNF2_TST	-0.585	-1.098	-2.505	-0.280	0.324	1.316	-1.462	-0.280	-0.585	1.058	3.844
MODULE_306 MODULE_306	0.372	0.685	2.798	0.685	1.090	-1.077	-0.520	-1.077	-1.077	-0.520	-1.083
GNF2_MMP11 GNF2_MMP11	-0.335	-1.024	-0.599	0.477	-0.599	1.481	-1.741	-1.741	0.269	1.086	2.422
GNF2_TIMP2 GNF2_TIMP2	-0.411	-1.158	-0.702	0.390	-0.702	1.275	-1.158	-1.908	-0.228	1.682	2.630
MODULE_387 MODULE_387	-0.270	-2.032	-1.260	-0.270	-0.270	0.547	-0.471	-1.260	-0.270	1.140	4.086
MORF_GPX4 MORF_GPX4	-0.600	0.416	1.235	1.235	1.606	-0.949	0.416	0.416	-0.364	-2.282	-2.295
GCM_SIRT2 GCM_SIRT2	-0.624	-0.624	-1.057	0.454	-0.354	-1.057	2.905	1.426	1.426	-0.624	-1.793
MORF_THPO MORF_THPO	-0.762	-2.644	-2.106	0.311	0.311	1.690	-1.004	0.950	-0.566	2.302	0.935
MORF_PRKCA MORF_PRKCA	-0.277	-3.759	-1.861	0.327	-0.634	2.197	-0.372	-0.372	0.327	2.197	0.838
MODULE_430 MODULE_430	-0.364	-0.949	-1.467	-0.949	0.912	-0.949	2.022	2.984	0.416	0.246	-1.478
MORF_LCAT MORF_LCAT	1.775	-0.868	-1.442	-0.486	-1.127	1.775	-0.868	-0.351	-1.823	2.727	0.634
GCM_RBM8A GCM_RBM8A	-0.397	0.521	0.969	0.521	1.562	-1.226	1.911	0.353	-0.595	-2.366	-2.383
MODULE_404 MODULE_404	0.372	-1.077	-1.077	-0.520	-0.240	6.068	-0.520	-0.240	-0.520	-0.240	-0.243
GNF2_CEBPA GNF2_CEBPA	-0.329	-0.527	-1.212	-0.810	-0.527	0.441	-1.785	-0.810	0.441	1.552	4.385
MODULE_85 MODULE_85	-0.837	-0.513	-1.328	-1.328	-0.300	-1.328	-0.837	1.058	1.823	2.278	1.048
MORF_RAP1A MORF_RAP1A	-0.998	0.292	1.306	0.876	-0.429	1.826	1.080	0.696	-0.768	-2.013	-3.096
GNF2_MMP1 GNF2_MMP1	-0.702	-1.326	-1.326	0.480	-1.326	0.247	0.480	0.795	-0.363	0.247	3.415
GNF2_RPA1 GNF2_RPA1	0.324	1.434	2.570	0.980	0.324	-0.579	-1.160	-0.579	-0.579	-1.160	-1.167
MORF_UBE2A MORF_UBE2A	-0.471	-0.270	0.547	1.140	1.517	-0.782	1.140	0.816	-0.782	-2.032	-2.044
MODULE_352 MODULE_352	-0.272	2.545	1.208	1.208	0.332	-0.704	-0.704	-0.704	-0.704	-0.704	-0.708
GCM_BCL2L1 GCM_BCL2L1	0.216	1.081	-0.407	-1.409	1.081	-0.765	2.015	0.216	0.717	-1.409	-1.417
MODULE_323 MODULE_323	-2.490	0.331	1.372	-0.273	1.745	-1.093	1.745	-0.273	0.331	-1.093	-1.103
MODULE_148 MODULE_148	-0.538	-0.176	-0.538	-0.176	-0.538	-0.538	-0.538	-0.176	0.477	-0.538	5.398
MODULE_320 MODULE_320	-0.828	0.567	0.256	-0.351	2.871	-0.828	1.523	-0.828	0.256	-0.828	-0.833
GCM_CSNK1D GCM_CSNK1D	-1.285	-0.671	0.509	0.509	2.885	-0.671	1.723	-0.671	0.264	-1.285	-0.676
MORF_WNT1 MORF_WNT1	1.226	-1.168	-2.013	-0.451	-0.870	1.799	-1.543	-0.311	-0.634	1.799	1.479
GNF2_VAV1 GNF2_VAV1	-1.492	-0.828	-1.492	-0.828	0.647	-0.828	1.392	0.986	1.392	0.986	-0.458
GNF2_CDH3 GNF2_CDH3	-0.550	-0.550	-1.119	-0.550	-0.550	1.033	-0.260	-1.119	-0.550	2.056	2.666
MODULE_239 MODULE_239	-0.343	-0.482	1.092	-0.661	1.336	-1.511	1.092	0.874	1.336	-1.166	-3.119
GNF2_INPP5D GNF2_INPP5D	-1.057	-1.783	-0.624	-0.624	0.454	-1.057	3.498	0.254	1.042	0.717	-0.358
MODULE_22 MODULE_22	0.226	1.741	2.211	0.410	-0.392	-0.676	0.410	0.410	-0.676	-1.866	-1.877
MODULE_71 MODULE_71	2.599	-0.405	-0.911	-0.911	-0.911	1.935	0.217	0.491	-0.405	-0.911	0.215
MODULE_115 MODULE_115	0.645	1.506	1.033	1.033	0.645	-1.119	-0.260	-1.119	-1.119	-1.119	-0.554
GNF2_SPINK1 GNF2_SPINK1	-0.240	-0.240	-1.077	-0.240	-1.077	4.300	-1.077	0.372	-0.240	0.685	-0.524
GNF2_ESPL1 GNF2_ESPL1	-0.430	0.681	1.032	1.032	1.938	-0.218	-0.218	-0.430	-1.451	-1.451	-1.459
GNF2_KISS1 GNF2_KISS1	-0.471	-1.260	-0.782	0.334	-0.782	1.944	-1.260	-1.260	0.334	1.140	2.400
GCM_CDH5 GCM_CDH5	-1.492	-1.492	0.381	0.381	-0.234	2.395	0.647	-1.492	-0.453	-0.234	0.977
GNF2_CYP2B6 GNF2_CYP2B6	-0.270	-1.260	-0.782	-0.471	-1.260	-0.270	-1.260	0.334	0.547	1.140	4.086
MODULE_201 MODULE_201	-0.285	-2.074	-1.294	-0.285	-0.285	1.098	-0.810	-0.810	0.318	1.098	2.836
MODULE_545 MODULE_545	-0.351	-0.828	-0.351	-0.828	-0.828	4.567	-0.351	-0.351	-0.351	0.256	0.985
GNF2_IGFBP1 GNF2_IGFBP1	-0.430	-0.430	-0.430	0.404	-0.430	1.452	-1.451	-1.451	-0.796	2.484	1.023
MODULE_209 MODULE_209	0.377	-1.479	-2.700	0.377	-1.078	0.971	-0.538	-0.538	0.971	0.541	2.590
MORF_PPP5C MORF_PPP5C	-0.257	0.506	1.174	1.781	1.174	-0.257	0.695	-0.572	-1.536	-2.068	-2.085
MORF_MYL3 MORF_MYL3	0.714	-2.948	-0.668	0.501	-0.987	2.819	-0.987	-0.275	0.328	0.714	0.323
MORF_CDH4 MORF_CDH4	-0.923	-1.190	-1.904	0.598	-0.384	1.962	-0.923	-0.923	0.453	2.946	0.586
GCM_BAG5 GCM_BAG5	-0.266	-0.500	-0.266	0.339	1.281	-0.893	3.401	0.585	-0.893	-1.575	-0.900
MODULE_326 MODULE_326	-0.538	-0.176	-0.538	-0.176	-0.538	-0.538	-0.176	-0.176	-0.176	-0.538	5.398
MODULE_133 MODULE_133	1.387	2.869	0.396	0.396	-0.621	-0.223	-0.621	-0.621	-0.621	-0.621	-0.625
GNF2_JAK1 GNF2_JAK1	-0.702	-1.326	-0.702	-1.326	-0.363	-0.363	0.480	2.182	-0.363	2.182	0.475
MODULE_247 MODULE_247	-0.476	-1.534	-0.860	-1.534	-0.476	0.615	-0.476	0.359	0.615	1.335	2.294
GCM_MSN GCM_MSN	-1.160	0.980	1.434	0.324	0.324	-0.279	1.966	-0.579	-0.579	-1.160	-1.167
MODULE_521 MODULE_521	-1.492	-1.492	-0.453	0.647	-0.453	0.381	-0.453	-0.453	-0.453	2.395	1.850
MODULE_277 MODULE_277	-0.600	0.416	2.482	0.246	1.606	-0.600	1.235	-0.949	-0.600	-1.467	-1.478
MODULE_160 MODULE_160	2.071	2.869	-0.223	-0.223	-0.621	-0.223	-0.223	-0.621	-0.621	-0.621	-0.625
MODULE_516 MODULE_516	-0.662	-0.662	-0.662	0.763	-0.662	0.763	-0.662	-0.662	0.363	2.700	0.360
GNF2_CASP8 GNF2_CASP8	-0.550	-1.119	-0.260	-0.260	-0.550	-1.119	-0.550	4.136	0.645	0.645	-0.262
MORF_HEAB MORF_HEAB	0.314	-0.442	1.148	0.886	1.148	-0.289	1.776	-0.935	-0.442	-2.477	-1.821
MODULE_191 MODULE_191	0.279	0.279	-0.787	-0.787	0.279	2.273	-0.787	-0.787	-0.787	1.615	0.277
MODULE_56 MODULE_56	1.732	2.550	0.525	0.167	-0.497	-0.497	-0.497	-0.497	-0.497	-0.497	-0.500
MODULE_109 MODULE_109	0.556	-1.617	-1.617	1.660	-0.524	1.660	-0.524	0.320	-0.925	0.320	0.550
GNF2_ITGAL GNF2_ITGAL	-0.949	-0.600	-0.364	-1.467	-0.600	-0.364	-0.600	4.107	0.416	1.606	-0.370
GNF2_EGFR GNF2_EGFR	-0.363	-0.702	-0.702	0.480	-0.363	0.247	-0.702	-1.326	-0.702	2.778	2.168
MODULE_235 MODULE_235	1.483	-0.277	0.327	0.681	-1.773	-0.427	-3.407	0.681	-0.277	0.327	0.901
MORF_FLT1 MORF_FLT1	-0.399	-0.744	-0.744	-0.552	-0.552	5.200	-1.639	0.972	-0.399	0.322	-0.288
MODULE_233 MODULE_233	0.217	0.217	1.935	1.935	0.217	-0.405	0.491	-0.911	-0.911	-0.911	-0.916
MODULE_178 MODULE_178	-0.704	-0.704	-0.704	0.332	0.332	0.707	-0.704	-0.704	-0.272	3.366	0.329
MODULE_432 MODULE_432	0.396	3.776	0.824	-0.223	-0.223	-0.621	-0.621	-0.223	-0.621	-0.621	-0.625
MODULE_14 MODULE_14	-0.621	-0.621	-0.621	-0.223	-0.223	0.824	-0.621	-0.621	-0.223	3.776	0.393
MODULE_248 MODULE_248	-0.436	-3.378	-1.348	-0.796	-0.436	1.361	-0.310	0.409	0.906	1.361	1.104
MODULE_29 MODULE_29	-1.160	0.608	2.570	0.980	0.324	-0.279	-0.279	0.324	-0.579	-1.160	-1.167
MODULE_262 MODULE_262	0.279	0.279	-0.787	-0.787	0.279	2.273	-0.787	-0.787	-0.787	1.058	0.605
MODULE_200 MODULE_200	-1.119	-0.550	-1.119	-1.119	-0.550	0.347	0.347	0.347	0.645	0.645	2.666
MORF_BCL2L11 MORF_BCL2L11	0.481	-1.665	-2.844	0.371	0.371	2.871	-0.560	-0.900	0.756	0.610	0.470
MODULE_462 MODULE_462	-0.621	-0.223	-0.621	-0.223	-0.223	-0.621	-0.621	-0.223	0.396	-0.223	4.772
GCM_HMGA2 GCM_HMGA2	-0.694	-1.211	-0.925	0.354	-0.925	3.204	-0.694	-1.211	0.354	1.540	1.027
GNF2_SERPINI2 GNF2_SERPINI2	-0.204	-0.204	-0.994	-0.204	-0.994	3.821	-0.994	-0.204	0.427	0.427	-0.466
GNF2_CASP4 GNF2_CASP4	-0.994	-0.994	-0.994	-0.462	-0.462	-0.204	0.773	1.215	2.361	0.427	-0.466
MODULE_150 MODULE_150	0.396	-0.621	3.776	0.396	0.396	-0.621	-0.621	-0.223	-0.621	-0.621	-0.225
MODULE_197 MODULE_197	-0.425	2.114	1.156	0.500	2.114	-2.084	-0.425	-0.425	-1.407	-0.719	-0.733
MODULE_361 MODULE_361	1.360	-0.887	-1.433	-0.515	-0.380	-0.274	-2.707	-0.380	1.133	1.360	1.339
MORF_PSMF1 MORF_PSMF1	-0.355	-0.475	-0.799	1.795	-0.260	-0.260	1.546	0.913	0.742	-1.561	-2.813
MODULE_35 MODULE_35	1.942	2.700	-0.247	-0.247	-0.247	-0.247	-0.247	-0.662	-0.662	-0.662	-0.666
MODULE_157 MODULE_157	-0.322	-1.570	-2.044	-0.465	0.281	0.744	-0.651	-0.890	2.084	0.956	1.447
MODULE_407 MODULE_407	-0.176	-0.176	-0.538	-0.538	-0.538	-0.538	-0.538	-0.538	1.604	0.968	1.597
MODULE_528 MODULE_528	0.579	0.187	3.766	0.187	-0.455	-0.455	-0.455	-0.455	0.187	-0.455	-0.458
MODULE_21 MODULE_21	2.041	2.041	0.212	0.212	-0.414	-0.414	-0.414	-0.414	-0.414	-0.414	-0.416
