GO	[-5.99 -0.70]	[-0.70 -0.29]	[-0.29 -0.12]	[-0.12 -0.01]	[-0.01 0.00]	[0.00 0.00]	[0.00 0.05]	[0.05 0.16]	[0.16 0.31]	[0.31 0.68]	[0.68 6.04]
TAAWWATAG_RSRFC4_Q2 TAAWWATAG_RSRFC4_Q2	-0.859	1.431	1.015	-0.520	-4.101	-1.642	-1.339	-0.293	0.310	1.920	2.472
NRSF_01 NRSF_01	2.204	0.279	-1.276	0.576	-0.677	0.576	0.279	-2.261	-1.707	-0.939	3.392
CAGNWMCNNNGAC_UNKNOWN CAGNWMCNNNGAC_UNKNOWN	1.298	0.783	-1.028	0.783	-1.418	0.267	-0.338	-1.418	-1.418	-1.028	4.068
NKX22_01 NKX22_01	0.664	0.980	0.531	1.584	-1.788	-2.997	-0.379	-0.379	0.317	-1.788	2.061
AHRARNT_01 AHRARNT_01	-1.315	0.274	-0.453	0.274	-2.542	-1.033	-1.033	1.247	0.381	2.032	2.327
ARGGGTTAA_UNKNOWN ARGGGTTAA_UNKNOWN	0.849	-0.903	0.501	0.254	-2.474	-1.185	-0.676	-0.676	0.849	0.501	3.221
YAATNRNNNYNATT_UNKNOWN YAATNRNNNYNATT_UNKNOWN	-0.584	0.827	0.462	0.827	0.827	-2.497	-1.095	-1.095	0.323	-0.808	2.600
EVI1_05 EVI1_05	-1.134	1.148	0.285	1.831	-2.072	-0.716	-0.907	0.632	-0.318	-0.907	2.086
RTTTNNNYTGGM_UNKNOWN RTTTNNNYTGGM_UNKNOWN	-0.259	1.352	0.600	0.347	-2.450	-2.009	-0.821	-0.481	-0.259	0.757	2.120
