GO	[-5.99 -0.70]	[-0.70 -0.29]	[-0.29 -0.12]	[-0.12 -0.01]	[-0.01 0.00]	[0.00 0.00]	[0.00 0.05]	[0.05 0.16]	[0.16 0.31]	[0.31 0.68]	[0.68 6.04]
TMTCGCGANR_UNKNOWN TMTCGCGANR_UNKNOWN	-5.644	-0.606	1.119	8.632	-3.286	-5.644	0.260	8.109	1.810	-2.740	-4.708
SETBP1_TARGET_GENES SETBP1_TARGET_GENES	-2.797	-0.317	1.315	5.843	-6.391	-6.391	0.380	3.528	1.768	-0.317	-2.362
SREBP1_01 SREBP1_01	-4.204	-0.557	2.990	4.416	-4.992	-2.976	-1.134	5.222	2.095	-0.557	-2.985
TOX4_TARGET_GENES TOX4_TARGET_GENES	-0.769	0.436	0.846	3.653	-5.586	-7.893	-0.607	4.003	2.693	-0.270	-2.949
MCM3_TARGET_GENES MCM3_TARGET_GENES	-2.883	-0.928	1.459	3.741	-4.691	-7.809	1.055	3.400	1.687	0.458	-1.706
ZBED4_TARGET_GENES ZBED4_TARGET_GENES	-3.413	0.548	2.828	1.951	-4.845	-7.059	-1.061	3.499	2.518	-0.384	-0.664
ZZZ3_TARGET_GENES ZZZ3_TARGET_GENES	-0.884	0.376	2.900	6.543	-5.020	-5.020	0.680	1.087	0.376	-0.884	-3.908
GGAANCGGAANY_UNKNOWN GGAANCGGAANY_UNKNOWN	-2.702	-0.684	1.394	1.991	-2.702	-4.562	0.702	3.484	4.371	-2.702	-1.624
ZBTB5_TARGET_GENES ZBTB5_TARGET_GENES	-1.897	0.662	0.662	2.390	-6.273	-6.273	1.385	4.390	0.662	0.409	-1.904
GCGNNANTTCC_UNKNOWN GCGNNANTTCC_UNKNOWN	-3.223	-0.388	2.045	4.304	-4.054	-5.186	0.459	3.078	-0.726	0.788	-0.965
SGCGSSAAA_E2F1DP2_01 SGCGSSAAA_E2F1DP2_01	-1.947	-0.647	3.545	3.198	-4.032	-5.762	0.327	2.555	1.259	-0.276	-1.954
ZNF667_TARGET_GENES ZNF667_TARGET_GENES	-1.449	0.320	0.568	5.520	-4.043	-4.942	0.904	1.568	2.419	-1.151	-2.231
RUVBL1_TARGET_GENES RUVBL1_TARGET_GENES	-1.526	-0.804	1.663	5.715	-3.735	-5.214	0.552	2.458	1.220	-0.804	-1.532
KCCGNSWTTT_UNKNOWN KCCGNSWTTT_UNKNOWN	-1.565	-0.322	2.072	1.752	-4.479	-3.406	0.406	5.504	0.952	-2.037	-1.193
CREB3L2_TARGET_GENES CREB3L2_TARGET_GENES	-1.737	-1.061	0.396	8.521	-3.399	-3.399	0.282	0.695	0.881	1.583	-2.191
GGCNKCCATNK_UNKNOWN GGCNKCCATNK_UNKNOWN	-2.442	-3.083	0.680	3.283	-3.083	-3.900	1.886	2.201	2.201	-0.884	-0.345
E2F_Q2 E2F_Q2	-0.804	-0.277	0.849	3.751	-4.412	-4.412	0.430	6.151	-0.490	-0.372	-1.857
GTF3A_TARGET_GENES GTF3A_TARGET_GENES	-0.796	-1.143	-2.251	-1.143	4.351	6.718	2.046	-1.610	-1.610	-1.610	-0.799
MXD1_TARGET_GENES MXD1_TARGET_GENES	-2.450	-0.259	1.850	2.426	-2.971	-3.589	-0.259	5.906	0.600	-0.357	-2.979
HOXA7_TARGET_GENES HOXA7_TARGET_GENES	-0.581	0.594	0.312	3.984	-3.709	-4.812	-0.581	3.557	1.218	-0.581	-1.790
ETF_Q6 ETF_Q6	-1.841	0.937	0.937	5.742	-2.347	-2.978	0.291	3.863	-1.097	-1.430	-1.435
GGAMTNNNNNTCCY_UNKNOWN GGAMTNNNNNTCCY_UNKNOWN	-2.347	-0.828	3.049	1.998	-2.347	-3.786	-0.442	5.742	-0.828	-0.612	0.289
CCGNMNNTNACG_UNKNOWN CCGNMNNTNACG_UNKNOWN	-2.324	-1.197	0.995	4.187	-1.673	-3.275	1.278	2.752	0.539	-0.841	-1.678
ZNF704_TARGET_GENES ZNF704_TARGET_GENES	-2.693	-1.240	1.876	1.502	-2.693	-2.693	0.876	2.739	1.502	-0.546	-1.243
GCGSCMNTTT_UNKNOWN GCGSCMNTTT_UNKNOWN	-1.423	-0.985	0.713	4.322	-2.942	-0.667	-0.437	4.322	0.713	-2.033	-1.426
NR1D1_TARGET_GENES NR1D1_TARGET_GENES	-1.897	2.242	2.242	1.923	-2.410	-2.410	-1.140	3.336	0.388	-0.865	-2.417
MYC_Q2 MYC_Q2	-1.112	0.278	0.480	1.293	-4.621	-6.430	1.508	2.257	0.480	1.293	-0.434
ZMYM2_TARGET_GENES ZMYM2_TARGET_GENES	-1.274	0.321	0.968	2.667	-4.092	-4.092	0.769	3.413	0.446	-1.274	-0.402
TFCP2_TARGET_GENES TFCP2_TARGET_GENES	-3.067	0.446	0.642	1.815	-1.516	-3.067	-0.731	5.184	0.446	0.289	-1.067
TNCATNTCCYR_UNKNOWN TNCATNTCCYR_UNKNOWN	-2.892	0.464	1.435	1.983	-2.892	-3.577	0.464	4.134	-0.265	-0.265	-0.905
HOXC13_TARGET_GENES HOXC13_TARGET_GENES	-1.455	-0.846	1.387	0.717	-1.869	-4.936	0.282	4.238	1.661	0.401	-1.123
PAX8_TARGET_GENES PAX8_TARGET_GENES	-1.004	-0.325	3.202	1.644	-3.565	-3.565	-0.488	1.332	1.052	-1.390	0.417
AAGWWRNYGGC_UNKNOWN AAGWWRNYGGC_UNKNOWN	-0.676	-0.495	1.563	3.631	-3.118	-3.939	0.849	2.495	0.254	-0.676	-1.536
TAANNYSGCG_UNKNOWN TAANNYSGCG_UNKNOWN	-3.399	-0.632	0.679	2.179	-2.434	-2.434	-0.277	3.007	2.179	-0.426	-0.635
HOXD11_TARGET_GENES HOXD11_TARGET_GENES	-0.884	0.445	0.924	1.597	-4.007	-4.903	0.445	2.151	1.863	0.329	-1.432
GGCNNMSMYNTTG_UNKNOWN GGCNNMSMYNTTG_UNKNOWN	-1.547	-2.178	0.620	3.986	-2.178	-2.178	-0.327	2.559	1.769	-0.505	-0.755
BCL6B_TARGET_GENES BCL6B_TARGET_GENES	-0.796	0.738	0.908	2.949	-1.553	-5.683	-0.261	1.780	0.908	0.346	-2.777
MYBL1_TARGET_GENES MYBL1_TARGET_GENES	-2.286	0.271	1.660	1.234	-5.044	-3.709	0.584	2.150	0.876	0.721	-0.336
ATGGYGGA_UNKNOWN ATGGYGGA_UNKNOWN	-2.531	-0.600	2.559	1.865	-2.531	-4.354	0.312	1.559	0.611	0.447	-0.292
ARHGAP35_TARGET_GENES ARHGAP35_TARGET_GENES	-1.430	0.291	-0.442	6.261	-2.347	-2.978	-1.097	1.695	0.937	0.561	-0.831
DNMT1_TARGET_GENES DNMT1_TARGET_GENES	-0.760	-0.957	2.872	1.287	-2.148	-4.308	-0.957	3.891	0.591	0.591	-0.962
THRA_TARGET_GENES THRA_TARGET_GENES	0.393	0.543	0.722	1.163	-4.521	-2.668	-1.592	3.980	-0.908	-0.334	0.924
CCAWYNNGAAR_UNKNOWN CCAWYNNGAAR_UNKNOWN	-2.196	-0.275	0.445	1.597	-2.196	-2.693	-1.426	2.458	4.279	0.445	-0.889
SNACANNNYSYAGA_UNKNOWN SNACANNNYSYAGA_UNKNOWN	-1.648	-0.896	1.319	1.319	-2.195	-2.916	0.301	5.522	0.301	0.441	-1.229
ZNF669_TARGET_GENES ZNF669_TARGET_GENES	-2.214	0.678	1.068	1.068	-2.762	-4.284	0.273	1.830	2.451	-1.082	0.382
XBP1_01 XBP1_01	-1.869	0.612	-0.265	0.464	-2.892	-1.869	-1.869	5.008	2.618	-0.373	0.338
STTTCRNTTT_IRF_Q6 STTTCRNTTT_IRF_Q6	-1.443	1.875	1.875	-0.270	-2.089	-4.762	-0.769	-0.472	-0.472	2.997	1.199
RACTNNRTTTNC_UNKNOWN RACTNNRTTTNC_UNKNOWN	-2.665	0.420	0.924	3.309	-1.684	-2.665	0.420	2.578	-0.423	0.731	-2.133
HDAC8_TARGET_GENES HDAC8_TARGET_GENES	-0.812	-0.812	1.864	1.091	-2.185	-4.246	0.695	2.493	0.695	0.881	-2.191
ZBTB1_TARGET_GENES ZBTB1_TARGET_GENES	-1.011	-0.392	1.543	2.157	-3.633	-2.840	-0.271	1.032	2.868	-0.392	-1.336
TSHZ1_TARGET_GENES TSHZ1_TARGET_GENES	-0.944	0.447	2.162	1.903	-4.030	-4.726	-0.263	1.227	0.862	-0.595	0.444
ZNF584_TARGET_GENES ZNF584_TARGET_GENES	-1.944	1.558	-0.309	1.135	-2.769	-3.278	0.503	2.611	0.293	2.051	-1.619
ACAWNRNSRCGG_UNKNOWN ACAWNRNSRCGG_UNKNOWN	-1.782	-1.210	2.807	1.929	-1.782	-2.652	1.206	0.651	0.907	-0.329	-1.213
KRCTCNNNNMANAGC_UNKNOWN KRCTCNNNNMANAGC_UNKNOWN	-2.735	-0.859	-0.565	2.673	-1.853	-0.859	-0.859	2.673	2.673	0.250	-0.567
ZNF133_TARGET_GENES ZNF133_TARGET_GENES	-1.232	0.827	0.388	1.979	-4.187	-3.454	-0.319	1.979	0.827	1.226	-0.978
TTCNRGNNNNTTC_HSF_Q6 TTCNRGNNNNTTC_HSF_Q6	-1.983	-0.620	2.163	1.156	-4.296	-2.422	0.475	1.620	0.954	1.156	-0.809
ZNF547_TARGET_GENES ZNF547_TARGET_GENES	-1.905	0.660	3.257	0.827	-3.454	-3.454	-0.319	0.660	1.708	0.284	-0.438
ZNF595_TARGET_GENES ZNF595_TARGET_GENES	-1.076	0.737	2.214	0.737	-2.693	-3.690	0.376	2.214	0.376	0.376	-1.479
EGR2_01 EGR2_01	-0.697	-0.550	2.181	0.736	-3.678	-5.008	0.474	1.686	0.278	0.368	1.249
AACYNNNNTTCCS_UNKNOWN AACYNNNNTTCCS_UNKNOWN	-1.379	-1.027	1.703	1.405	-1.826	-4.188	1.136	1.405	0.359	1.136	-1.031
AACWWCAANK_UNKNOWN AACWWCAANK_UNKNOWN	-0.370	2.497	0.598	1.150	-3.254	-4.864	-0.502	1.626	0.598	-0.266	-0.669
TAXCREB_01 TAXCREB_01	-0.995	-0.995	1.074	1.298	-2.481	-3.755	-0.579	0.872	3.855	0.693	-0.432
CCCNNNNNNAAGWT_UNKNOWN CCCNNNNNNAAGWT_UNKNOWN	-2.497	-1.458	0.827	1.054	-1.916	-1.458	-0.808	2.243	3.851	-0.410	0.321
GKCGCNNNNNNNTGAYG_UNKNOWN GKCGCNNNNNNNTGAYG_UNKNOWN	-2.528	0.728	1.325	1.689	-1.121	-1.675	0.728	1.689	0.499	-0.737	-2.532
GGCNRNWCTTYS_UNKNOWN GGCNRNWCTTYS_UNKNOWN	-1.362	-0.313	3.266	2.034	-2.545	-2.545	-0.473	1.082	0.290	0.832	-1.366
CCAWNWWNNNGGC_UNKNOWN CCAWNWWNNNGGC_UNKNOWN	-2.619	-0.505	0.577	2.711	-2.619	-1.931	-0.338	0.783	2.711	-0.730	0.574
RAX2_TARGET_GENES RAX2_TARGET_GENES	-2.901	0.519	0.342	1.636	-1.392	-2.901	1.636	0.738	0.738	0.738	-1.396
YYCATTCAWW_UNKNOWN YYCATTCAWW_UNKNOWN	-0.992	-0.285	0.531	0.664	-2.997	-4.129	-0.798	3.911	0.813	0.531	0.974
CGTSACG_PAX3_B CGTSACG_PAX3_B	-1.151	-0.696	0.904	2.419	-3.321	-3.321	0.433	0.568	2.742	0.433	-0.530
IRX2_TARGET_GENES IRX2_TARGET_GENES	-0.887	-1.122	1.046	1.254	-2.565	-3.725	1.046	2.585	1.482	-0.292	-0.892
CRGAARNNNNCGA_UNKNOWN CRGAARNNNNCGA_UNKNOWN	-0.755	-0.451	0.848	-0.451	-1.224	-1.988	0.352	4.204	2.485	-1.224	-1.227
MAZ_Q6 MAZ_Q6	-1.464	-0.620	1.185	0.998	-2.968	-4.096	0.998	2.959	0.426	0.543	-0.280
CREBP1_01 CREBP1_01	-0.672	-0.301	0.515	0.969	-2.741	-4.517	-1.059	2.082	2.356	0.301	0.794
FOXQ1_TARGET_GENES FOXQ1_TARGET_GENES	-0.476	-0.250	-0.250	0.359	-1.532	-1.532	-0.476	6.510	0.614	-0.250	-1.535
YGCANTGCR_UNKNOWN YGCANTGCR_UNKNOWN	-1.001	-0.291	1.971	0.946	-1.658	-5.269	0.433	1.971	0.750	-0.565	-0.293
ATF_B ATF_B	-0.278	0.543	0.543	1.185	-1.766	-3.492	-3.492	1.185	2.371	-0.483	0.993
PPARGC1A_TARGET_GENES PPARGC1A_TARGET_GENES	-0.732	-0.360	-1.005	0.524	-1.353	-4.147	0.524	4.600	0.707	0.707	-0.362
GGGNRMNNYCAT_UNKNOWN GGGNRMNNYCAT_UNKNOWN	-2.471	-0.289	1.440	2.946	-2.471	-1.801	0.314	2.130	-0.442	-0.442	-0.290
ZSCAN5C_TARGET_GENES ZSCAN5C_TARGET_GENES	-1.111	1.896	0.457	-0.502	-3.254	-2.663	0.598	3.176	1.150	-0.266	-0.871
RBM15_TARGET_GENES RBM15_TARGET_GENES	-2.113	-0.636	0.483	0.986	-2.602	-2.602	0.628	4.039	0.796	-0.477	0.624
GATGKMRGCG_UNKNOWN GATGKMRGCG_UNKNOWN	-0.859	-0.565	1.132	1.826	-2.735	-1.853	0.604	1.826	1.459	-0.859	-1.273
GGGNNTTTCC_NFKB_Q6_01 GGGNNTTTCC_NFKB_Q6_01	-1.144	-2.302	3.387	-0.256	-0.883	-2.859	-1.144	1.219	0.801	0.801	1.214
TAAWWATAG_RSRFC4_Q2 TAAWWATAG_RSRFC4_Q2	-0.859	1.431	1.015	-0.520	-4.101	-1.642	-1.339	-0.293	0.310	1.920	2.472
STAT3_02 STAT3_02	-0.696	-1.449	1.568	-0.527	-3.321	-2.724	0.433	0.568	2.742	1.104	0.721
YBX3_TARGET_GENES YBX3_TARGET_GENES	-2.237	0.259	0.945	0.435	-0.920	-2.237	0.664	3.602	0.664	-0.348	-1.433
TERF2_TARGET_GENES TERF2_TARGET_GENES	-1.896	0.452	1.666	2.252	-0.701	-1.896	-2.924	1.948	0.764	0.330	-0.924
COMP1_01 COMP1_01	-0.612	1.695	0.937	0.413	-3.786	-2.347	-1.097	1.417	-0.828	0.561	1.689
SMARCA1_TARGET_GENES SMARCA1_TARGET_GENES	-0.511	0.782	0.341	0.977	-2.892	-2.892	-0.265	3.726	0.977	-0.265	-1.490
PPARA_TARGET_GENES PPARA_TARGET_GENES	-0.585	0.582	1.097	3.079	-1.300	-1.889	-0.884	0.239	1.417	0.389	-2.781
E2F_01 E2F_01	-0.909	-0.389	0.790	5.187	-1.925	-1.925	-1.331	0.560	0.790	0.373	-0.608
WCTCNATGGY_UNKNOWN WCTCNATGGY_UNKNOWN	-1.801	0.314	1.768	1.768	-1.801	-3.441	0.883	-0.442	0.883	0.657	-0.654
CCTNTMAGA_UNKNOWN CCTNTMAGA_UNKNOWN	-0.670	1.219	-0.362	0.999	-2.859	-1.842	-2.302	0.351	3.387	-0.256	0.994
SIPA1_TARGET_GENES SIPA1_TARGET_GENES	-1.753	1.150	-0.266	0.339	-1.753	-1.753	-0.867	4.335	1.896	0.339	-1.116
KMCATNNWGGA_UNKNOWN KMCATNNWGGA_UNKNOWN	-0.312	-0.461	0.426	2.250	-2.954	-2.954	-0.461	3.033	0.594	0.290	-0.661
PCGF6_TARGET_GENES PCGF6_TARGET_GENES	-1.331	1.063	-0.240	1.376	-1.331	-2.818	-0.389	3.008	-0.240	0.790	-1.334
TGASTMAGC_NFE2_01 TGASTMAGC_NFE2_01	-2.619	0.623	0.387	0.496	-1.856	-3.616	-0.407	1.510	1.738	1.510	0.384
COBLL1_TARGET_GENES COBLL1_TARGET_GENES	-0.666	-0.666	1.626	0.760	-2.169	-2.169	-0.370	4.335	0.944	-0.867	-0.669
KTGGYRSGAA_UNKNOWN KTGGYRSGAA_UNKNOWN	-1.610	-0.540	1.056	2.875	-2.251	-2.251	0.798	0.578	1.350	-0.540	-0.542
CGGAARNGGCNG_UNKNOWN CGGAARNGGCNG_UNKNOWN	-2.320	0.612	-0.381	0.877	-1.500	-1.500	3.424	1.551	-0.381	-0.381	-0.624
MIF1_01 MIF1_01	-0.672	0.648	1.156	0.648	-5.326	-1.590	-0.301	1.156	2.082	-0.672	0.299
ZNF165_TARGET_GENES ZNF165_TARGET_GENES	-1.224	0.520	0.520	2.281	-2.361	-3.316	-0.397	1.556	0.520	-0.255	0.351
RRCCGTTA_UNKNOWN RRCCGTTA_UNKNOWN	-1.964	-0.750	1.264	2.656	-1.052	-2.656	1.899	0.257	0.760	-0.350	-0.753
ZNF532_TARGET_GENES ZNF532_TARGET_GENES	-1.210	-0.526	1.929	1.929	-1.210	-2.652	-0.526	0.907	1.206	0.440	-1.213
GCCNNNWTAAR_UNKNOWN GCCNNNWTAAR_UNKNOWN	-0.955	2.012	2.012	0.399	-1.212	-3.421	-1.212	-0.742	1.484	-0.424	1.032
NRSF_01 NRSF_01	2.204	0.279	-1.276	0.576	-0.677	0.576	0.279	-2.261	-1.707	-0.939	3.392
ZNF41_TARGET_GENES ZNF41_TARGET_GENES	-0.939	1.255	0.412	2.204	-1.276	-2.261	-1.276	-0.475	0.998	2.204	-1.280
ZNF777_TARGET_GENES ZNF777_TARGET_GENES	-0.471	-0.471	4.096	-0.471	-2.030	-1.258	-1.258	0.546	-0.471	1.513	0.544
YTTCCNNNGGAMR_UNKNOWN YTTCCNNNGGAMR_UNKNOWN	0.721	-0.534	-0.534	1.365	-2.154	-2.154	-0.864	1.365	0.287	2.203	-0.536
ACTWSNACTNY_UNKNOWN ACTWSNACTNY_UNKNOWN	-0.312	-0.312	1.789	1.789	-2.599	-2.007	-1.165	2.464	0.419	-0.868	-0.313
UBE2I_TARGET_GENES UBE2I_TARGET_GENES	-0.959	-0.646	-0.646	1.636	-2.901	-1.997	0.519	1.636	1.297	0.738	-0.265
KDM1B_TARGET_GENES KDM1B_TARGET_GENES	-1.353	0.707	2.071	2.071	-1.005	-2.362	-1.796	0.524	1.438	-0.521	-0.523
METHYLCYTOSINE_DIOXYGENASE_TET_UNIPROT_A0A023HHK9_UNREVIEWED_TARGET_GENES METHYLCYTOSINE_DIOXYGENASE_TET_UNIPROT_A0A023HHK9_UNREVIEWED_TARGET_GENES	-0.446	-0.335	1.773	3.939	-0.745	-3.606	-1.171	0.920	-0.335	-0.335	-0.585
AHR_01 AHR_01	-0.834	0.876	0.262	0.262	-1.817	-0.834	0.422	3.225	1.876	-1.240	-1.821
IRX3_TARGET_GENES IRX3_TARGET_GENES	-0.864	-0.864	0.287	2.203	-1.361	-2.154	1.017	1.761	0.477	0.477	-1.364
TTTNNANAGCYR_UNKNOWN TTTNNANAGCYR_UNKNOWN	-1.123	3.438	-0.485	1.021	-1.816	-1.816	-0.655	2.055	0.491	0.362	-1.128
HEN1_02 HEN1_02	-1.370	-0.264	1.010	2.355	-2.337	-2.337	-1.127	1.610	-0.264	-0.264	1.386
ACCTGTTG_UNKNOWN ACCTGTTG_UNKNOWN	-0.517	2.624	1.759	-0.284	-2.087	-2.536	-1.379	1.509	-0.284	0.558	-0.520
CAGNWMCNNNGAC_UNKNOWN CAGNWMCNNNGAC_UNKNOWN	1.298	0.783	-1.028	0.783	-1.418	0.267	-0.338	-1.418	-1.418	-1.028	4.068
CTR9_TARGET_GENES CTR9_TARGET_GENES	-0.315	-1.180	1.244	2.411	-1.180	-2.610	-0.315	-0.315	1.982	0.288	-0.788
ZNF239_TARGET_GENES ZNF239_TARGET_GENES	-0.266	0.898	-0.892	2.780	-1.574	-1.574	-0.892	1.278	0.584	0.339	-0.894
ATF6_01 ATF6_01	-2.069	-1.274	1.712	-0.399	-2.069	-1.274	-0.551	1.712	0.968	1.440	0.765
SOX11_TARGET_GENES SOX11_TARGET_GENES	-1.823	-1.090	1.371	0.240	-1.090	-1.823	0.998	1.798	0.998	0.240	-0.374
ADNP_TARGET_GENES ADNP_TARGET_GENES	-1.225	1.052	2.297	-0.446	-2.195	-2.195	-1.225	1.052	0.817	0.613	0.439
GTTRYCATRR_UNKNOWN GTTRYCATRR_UNKNOWN	0.618	0.938	0.938	0.372	-2.518	-5.029	-0.327	0.938	0.486	0.486	0.370
ZNF37A_TARGET_GENES ZNF37A_TARGET_GENES	-0.493	1.327	0.915	0.585	-3.623	-3.002	-0.367	0.338	1.563	-0.367	0.736
ZNF677_TARGET_GENES ZNF677_TARGET_GENES	-0.639	0.264	2.749	1.796	-1.413	-2.243	0.373	-0.341	1.522	-0.473	-1.795
TBX1_TARGET_GENES TBX1_TARGET_GENES	-1.112	-1.112	1.293	1.508	-1.655	-2.380	-0.896	1.508	1.293	-0.431	1.089
GTTGNYNNRGNAAC_UNKNOWN GTTGNYNNRGNAAC_UNKNOWN	0.543	1.715	-0.478	0.271	-2.668	-3.443	0.271	0.393	-0.334	0.543	1.709
MAPK3_TARGET_GENES MAPK3_TARGET_GENES	-0.546	-1.240	2.739	1.168	-0.834	-2.693	0.262	0.262	1.168	0.422	-0.837
PPARA_02 PPARA_02	-0.473	0.661	-0.473	0.505	-3.470	-2.243	-0.639	1.796	1.796	0.661	0.371
NKX22_01 NKX22_01	0.664	0.980	0.531	1.584	-1.788	-2.997	-0.379	-0.379	0.317	-1.788	2.061
AAANWWTGC_UNKNOWN AAANWWTGC_UNKNOWN	0.766	1.982	0.387	-0.309	-1.545	-4.228	-0.407	-0.407	-0.527	0.496	1.973
AHRARNT_01 AHRARNT_01	-1.315	0.274	-0.453	0.274	-2.542	-1.033	-1.033	1.247	0.381	2.032	2.327
ZNF585B_TARGET_GENES ZNF585B_TARGET_GENES	-0.291	0.946	1.411	1.679	-1.297	-3.293	-0.565	0.579	0.579	0.433	-1.664
ZSCAN18_TARGET_GENES ZSCAN18_TARGET_GENES	-1.190	0.370	-0.242	0.370	-1.190	-1.947	0.883	0.883	2.561	0.370	-1.193
DROSHA_TARGET_GENES DROSHA_TARGET_GENES	0.373	-0.240	1.376	1.376	-1.925	-2.818	-0.240	1.063	0.560	-0.909	-0.391
EN1_01 EN1_01	-0.357	3.022	0.368	-0.701	-1.259	-2.736	-1.259	0.368	0.511	1.363	0.509
ZNF34_TARGET_GENES ZNF34_TARGET_GENES	-1.997	-0.646	2.425	0.998	-1.997	-0.959	0.738	-0.263	1.297	-0.263	-0.423
ZNF623_TARGET_GENES ZNF623_TARGET_GENES	-0.446	-1.225	-0.301	2.297	-1.648	-2.195	0.613	1.942	0.817	0.301	-0.643
GGCKCATGS_UNKNOWN GGCKCATGS_UNKNOWN	-1.925	-0.909	1.063	3.008	-1.331	-0.605	-0.240	1.728	-0.389	-0.605	-0.241
YBX1_TARGET_GENES YBX1_TARGET_GENES	-1.547	-1.090	0.620	1.427	-1.547	-2.178	0.277	1.427	0.277	1.120	0.618
GRE_C GRE_C	-0.311	0.713	0.548	0.902	-2.697	-3.364	-0.311	1.116	-0.311	-0.311	1.348
PAX3_B PAX3_B	-0.571	-0.390	1.455	1.455	-2.062	-2.767	-0.811	0.693	0.693	0.915	-0.259
MCAATNNNNNGCG_UNKNOWN MCAATNNNNNGCG_UNKNOWN	-0.301	-1.834	0.636	1.726	-1.834	-2.508	0.451	1.113	0.451	0.301	0.633
CENPT_TARGET_GENES CENPT_TARGET_GENES	-0.277	0.326	-0.426	1.176	-2.434	-1.769	-0.426	2.179	1.812	-0.632	-0.428
GTCNYYATGR_UNKNOWN GTCNYYATGR_UNKNOWN	-0.846	0.401	1.138	0.401	-2.379	-3.013	-0.628	1.138	0.914	0.545	0.910
IRF2_01 IRF2_01	-1.021	0.731	0.924	0.420	-1.320	-3.329	0.420	0.563	1.382	1.141	-1.025
YWATTWNNRGCT_UNKNOWN YWATTWNNRGCT_UNKNOWN	-0.437	0.713	0.500	-0.437	-0.667	-1.423	-2.033	1.260	-0.667	3.279	-0.277
RUVBL2_TARGET_GENES RUVBL2_TARGET_GENES	-0.500	-0.892	1.721	2.223	-0.892	-1.574	0.339	1.278	-0.500	-0.500	-0.502
YRTCANNRCGC_UNKNOWN YRTCANNRCGC_UNKNOWN	-0.526	-0.329	0.275	1.547	-2.652	-1.782	0.651	1.547	0.275	0.651	-0.528
YTAAYNGCT_UNKNOWN YTAAYNGCT_UNKNOWN	1.179	0.629	-0.338	0.629	-1.957	-2.909	-1.010	-0.607	0.791	0.629	1.641
ZNF622_TARGET_GENES ZNF622_TARGET_GENES	-0.909	0.560	1.728	1.376	-1.331	-1.925	0.373	1.376	-0.240	-0.389	-1.334
ATCMNTCCGY_UNKNOWN ATCMNTCCGY_UNKNOWN	-0.534	-0.316	0.721	-0.534	-1.361	-1.361	1.761	3.220	-0.316	-0.316	-0.866
ARGGGTTAA_UNKNOWN ARGGGTTAA_UNKNOWN	0.849	-0.903	0.501	0.254	-2.474	-1.185	-0.676	-0.676	0.849	0.501	3.221
HOXB7_TARGET_GENES HOXB7_TARGET_GENES	-0.550	-1.118	0.347	3.367	-0.550	-0.260	-1.118	1.032	-0.550	0.644	-0.551
YAATNRNNNYNATT_UNKNOWN YAATNRNNNYNATT_UNKNOWN	-0.584	0.827	0.462	0.827	0.827	-2.497	-1.095	-1.095	0.323	-0.808	2.600
CDH4_TARGET_GENES CDH4_TARGET_GENES	0.451	1.113	0.636	0.636	-1.834	-2.508	0.451	1.113	0.857	-0.671	-1.338
MCM2_TARGET_GENES MCM2_TARGET_GENES	-0.488	0.702	0.971	0.302	-1.151	-2.569	-0.300	2.038	0.702	0.302	-1.154
PSIP1_TARGET_GENES PSIP1_TARGET_GENES	-1.180	-0.315	1.593	1.244	-0.315	-2.610	0.288	1.593	-0.785	-0.315	-0.316
RBL1_TARGET_GENES RBL1_TARGET_GENES	-1.224	-0.256	1.565	0.352	-1.988	-1.224	-0.451	0.848	1.565	-0.451	0.569
AR_01 AR_01	-1.103	0.707	1.278	1.759	-2.087	-2.536	0.319	0.428	-0.517	0.319	0.872
CTGYNNCTYTAA_UNKNOWN CTGYNNCTYTAA_UNKNOWN	-0.325	1.988	0.420	1.332	-0.710	-1.004	-2.582	0.807	-1.390	0.420	0.417
LXR_DR4_Q3 LXR_DR4_Q3	-0.605	0.864	0.864	-0.418	-2.128	-2.128	-0.853	1.385	0.864	1.109	-0.280
MSX1_01 MSX1_01	-1.734	0.618	0.769	-0.569	-3.006	-0.924	-0.435	0.938	1.333	1.127	0.614
AR_Q2 AR_Q2	-0.981	0.769	1.712	-0.743	-1.633	-1.633	-0.551	1.192	-0.399	-0.282	2.000
EVI1_05 EVI1_05	-1.134	1.148	0.285	1.831	-2.072	-0.716	-0.907	0.632	-0.318	-0.907	2.086
RTTTNNNYTGGM_UNKNOWN RTTTNNNYTGGM_UNKNOWN	-0.259	1.352	0.600	0.347	-2.450	-2.009	-0.821	-0.481	-0.259	0.757	2.120
