GO	[-8.26 -0.75]	[-0.75 -0.34]	[-0.34 -0.14]	[-0.14 0.00]	[0.00 0.00]	[0.00 0.00]	[0.00 0.03]	[0.03 0.22]	[0.22 0.51]	[0.51 1.06]	[1.06 7.81]
MIR330_5P MIR330_5P	-1.345	0.379	1.767	0.491	-3.900	-2.799	-1.635	0.491	3.874	-0.548	2.027
TGASTMAGC_NFE2_01 TGASTMAGC_NFE2_01	-0.842	-0.528	-0.309	0.293	-2.213	-3.617	-1.043	1.508	0.293	3.437	2.527
HEN1_01 HEN1_01	1.009	-0.264	-0.918	-0.351	-2.338	-4.396	-0.738	0.692	1.608	0.559	2.938
TGCAAAC_MIR452 TGCAAAC_MIR452	0.392	0.270	0.928	0.270	-1.593	-3.444	-1.213	1.425	1.162	-1.213	2.036
PR_01 PR_01	-0.540	0.421	0.554	-0.920	-1.830	-3.355	-1.172	0.883	1.299	1.080	2.388
SIX4_TARGET_GENES SIX4_TARGET_GENES	-0.574	1.129	-0.990	1.997	-1.699	-1.699	-0.574	0.501	-0.318	-0.318	2.001
MIR4776_5P MIR4776_5P	-0.431	0.597	0.597	-0.431	-1.947	-1.947	-0.728	1.620	-0.242	-0.242	2.070
GATA_Q6 GATA_Q6	-0.264	0.442	-0.585	-0.918	-0.457	-0.918	-1.972	-0.457	0.842	0.442	4.633
MIR3675_5P MIR3675_5P	0.646	-0.234	-0.453	0.380	-1.491	-0.828	-0.828	-0.828	-0.453	1.858	2.393
