GO	[-10.12 -1.00]	[-1.00 -0.51]	[-0.51 -0.15]	[-0.15 0.00]	[0.00 0.00]	[0.00 0.00]	[0.00 0.00]	[0.00 0.19]	[0.19 0.61]	[0.61 1.73]	[1.73 23.61]
chrYp11 chrYp11	-0.754	-2.221	-4.726	-0.551	0.333	37.194	0.467	-2.221	-3.631	-2.838	-2.843
chr19p12 chr19p12	0.252	-1.259	-0.701	-1.259	-2.128	-2.735	-3.517	17.348	0.683	-0.356	0.509
chrXq27 chrXq27	-0.382	-1.196	-1.673	-1.196	15.756	1.947	-1.673	-2.323	-1.196	-1.673	0.366
chr7q34 chr7q34	-0.594	-2.146	-2.146	-1.461	6.790	1.286	0.353	5.041	-3.063	-0.759	-1.193
chr13q31 chr13q31	-0.324	-1.275	-0.938	-2.990	-0.475	13.283	-0.676	0.279	-1.706	-0.475	0.574
chr5p15 chr5p15	-0.285	-0.381	-0.285	-1.265	-1.024	-5.246	10.020	1.197	-0.501	-1.265	0.417
chr17q12 chr17q12	0.439	-0.938	0.745	-0.395	-2.955	-5.681	-1.921	4.871	0.745	1.377	0.742
chr11p11 chr11p11	-0.607	1.028	0.274	0.509	0.509	-3.119	9.091	-0.607	-3.824	-0.607	-1.036
chr2q22 chr2q22	-0.240	-0.605	-1.924	-1.330	-0.240	10.945	-0.605	0.560	-0.908	-1.330	-0.391
chrXq13 chrXq13	1.403	-0.849	-0.651	-0.359	2.866	2.220	-6.014	-0.849	0.349	-1.727	0.774
chr2q21 chr2q21	0.403	-0.429	-1.604	-0.429	-0.579	9.875	-0.579	-0.766	-2.479	-0.579	0.690
chr5q13 chr5q13	-0.351	-0.485	1.020	-0.485	-2.825	-2.271	7.666	-0.351	0.820	-0.485	-1.126
chr6q22 chr6q22	0.594	-1.784	-0.291	0.312	8.119	-1.784	-1.784	-1.380	-0.291	-0.417	0.772
chr4q35 chr4q35	1.254	-1.706	-2.260	-1.706	0.997	-2.990	4.324	0.576	-0.324	0.771	-0.325
chrXq26 chrXq26	-0.773	-1.252	-1.252	0.500	1.676	1.944	-3.485	3.206	-0.446	-2.363	0.991
chr18p11 chr18p11	-0.683	-0.683	-0.538	-1.058	-0.417	-2.642	6.025	3.392	0.377	-0.856	-0.859
chr7p11 chr7p11	0.277	0.620	0.277	-0.505	0.277	8.316	-1.089	-1.089	-1.547	-1.089	-0.754
chr21q11 chr21q11	0.409	-1.864	-1.123	0.654	2.204	3.896	-0.675	-0.392	-1.864	-1.123	0.225
chr9p11 chr9p11	0.654	-1.123	-1.864	-1.864	-0.392	1.736	-1.864	2.721	0.226	0.226	0.956
chr12q21 chr12q21	-0.399	-1.274	-0.282	0.321	-2.067	-2.067	6.128	-0.981	0.321	0.321	1.434
chrXq21 chrXq21	-0.521	-0.719	-0.969	-0.252	1.609	5.694	-3.555	-0.368	-0.521	0.496	-0.721
chr14q31 chr14q31	0.246	-0.599	-2.278	-0.948	-1.465	-0.599	5.352	-0.364	1.600	-0.364	0.415
chr2q12 chr2q12	-1.484	-0.471	-0.301	-0.301	-1.484	7.186	-1.484	0.463	0.463	-0.471	-0.302
chr18q21 chr18q21	0.263	-2.038	1.054	0.457	0.352	-3.396	0.879	4.458	0.263	-1.146	-0.743
chrXp21 chrXp21	0.357	-2.859	-0.934	0.539	0.539	-0.251	0.539	-0.934	-1.361	-0.405	5.073
MT MT	0.359	0.614	0.359	-0.860	-0.860	-1.532	-1.532	-0.476	0.359	5.683	-0.477
chr10q23 chr10q23	0.845	-0.270	-0.768	-0.607	-0.270	5.537	-4.058	-0.959	0.334	-0.472	0.552
chr4q32 chr4q32	0.683	-0.701	-2.735	-0.507	0.683	-1.259	6.308	-0.507	-0.507	0.252	-0.358
chr21p11 chr21p11	1.089	-0.240	-0.240	-1.076	-1.076	-1.076	-0.520	3.506	-0.520	-1.076	1.576
chr9q13 chr9q13	1.370	0.240	-1.822	-0.649	0.684	4.006	-1.089	-0.373	-0.373	-1.822	0.239
chr4p15 chr4p15	-0.455	-0.455	-1.118	-0.628	-1.118	-2.377	5.656	-0.321	0.282	0.282	1.655
chr16q24 chr16q24	-0.282	1.191	1.710	1.710	-1.274	-5.224	-0.551	0.321	-0.282	-0.282	-0.283
chr11q14 chr11q14	-0.670	0.351	-0.362	0.351	-0.498	-0.670	6.521	-1.841	0.998	-0.883	-1.147
chrXq22 chrXq22	0.275	-0.773	-0.446	3.948	0.644	0.809	-3.485	-0.991	-0.593	-0.991	1.424
chr2q13 chr2q13	0.499	-2.112	-0.300	-1.326	-2.112	1.056	1.056	-0.300	-0.836	1.056	1.814
chr13q11 chr13q11	0.200	-0.952	-0.952	-0.952	0.200	4.845	-0.434	0.457	-0.434	-0.952	0.820
chr7p22 chr7p22	1.190	4.361	0.577	-0.596	-1.812	-0.809	-0.301	0.959	-0.596	-0.596	-2.319
chr15q25 chr15q25	-0.275	0.742	-0.275	-1.130	0.329	-4.899	2.454	0.445	-0.680	1.595	-0.516
chr4q12 chr4q12	0.243	0.243	0.382	0.382	-0.558	-3.232	4.265	-1.169	-0.558	-0.558	1.022
chr20p13 chr20p13	0.301	2.035	0.301	3.496	-1.075	-1.075	-2.942	0.755	-0.429	-0.429	-0.811
chr1q22 chr1q22	0.790	1.727	1.062	-0.908	-0.908	-1.330	-2.817	-0.240	1.062	1.062	-0.911
chr8p22 chr8p22	-1.781	-0.354	0.254	-0.354	-0.354	-1.781	2.353	-0.354	-1.056	1.861	1.038
chr14q23 chr14q23	-0.271	0.333	-0.551	-0.551	-1.011	-4.726	1.836	0.467	1.542	0.467	0.465
chr3p24 chr3p24	0.269	-0.695	-0.695	-3.027	0.269	3.782	-1.301	-0.695	0.749	0.558	0.968
chr15q26 chr15q26	1.556	-0.864	-0.864	-0.309	-0.411	-3.274	3.565	0.503	-0.535	0.949	-0.868
chr11p14 chr11p14	-0.364	0.246	-0.948	0.246	0.246	-2.278	5.352	0.416	-0.364	0.246	-0.950
chr4q25 chr4q25	-0.277	-0.909	0.326	-1.769	0.679	-2.433	3.005	0.326	-0.909	1.811	-0.278
chr10q24 chr10q24	-0.285	1.879	1.879	0.419	-0.381	-2.248	-3.764	0.318	0.676	0.539	-0.648
chr15q21 chr15q21	-1.218	-0.765	0.365	-0.593	-1.507	-2.244	2.396	-0.337	3.027	0.481	0.613
chr13q13 chr13q13	-0.558	0.558	-0.818	1.024	-0.558	4.807	-2.286	-0.818	-0.558	0.382	-0.369
chr15q22 chr15q22	-0.365	-0.254	0.486	-0.509	0.486	-5.100	1.530	-0.509	1.271	0.644	-0.511
chr2q33 chr2q33	-0.398	0.507	-0.516	-0.398	-1.025	3.814	-3.581	-0.826	0.636	0.507	0.777
chr20p12 chr20p12	0.827	0.323	-0.280	-0.584	-0.410	4.308	-2.496	-0.410	0.827	-1.457	-0.586
chr16q22 chr16q22	1.309	2.304	1.105	0.269	-1.170	-3.033	-1.440	-0.745	0.474	0.752	-0.448
chr4q22 chr4q22	0.357	-2.859	-0.251	0.763	0.763	-1.960	2.063	-0.934	-0.251	0.539	0.356
chr12q23 chr12q23	-1.628	-0.593	0.392	0.852	-0.320	-2.029	1.514	-1.293	0.523	3.045	-0.595
chr3p22 chr3p22	-0.955	-0.750	0.276	0.276	0.276	1.867	-4.621	0.276	1.377	0.787	0.373
chr14q21 chr14q21	-0.956	-1.334	0.857	-0.956	-0.457	-2.507	2.466	0.636	1.402	0.301	0.300
chr10q11 chr10q11	-0.262	-0.467	0.344	-0.467	-2.171	5.398	-0.353	-0.262	-0.973	-0.774	0.718
chr3p25 chr3p25	-0.832	0.483	4.872	-0.636	-0.636	1.430	-1.702	-0.349	-0.349	-0.832	-0.479
chr6q21 chr6q21	0.322	0.795	0.611	0.322	4.493	-0.772	-2.252	-1.032	-0.404	-0.404	-0.775
chr5q22 chr5q22	0.638	-0.599	1.232	-1.465	0.246	-2.278	1.600	-0.599	1.600	-0.599	-0.366
chr16q12 chr16q12	-0.640	0.301	-1.225	0.301	-0.895	-1.225	4.471	0.301	-1.225	0.441	1.048
chr5q33 chr5q33	0.762	-0.633	0.976	0.291	0.291	-4.435	-0.451	0.419	-0.867	0.976	0.973
chr9q31 chr9q31	-1.020	-0.301	0.923	-0.776	2.575	1.645	-2.663	-0.776	0.731	-0.423	-0.582
chr8q11 chr8q11	-0.421	-0.646	-0.263	-0.421	-0.263	-1.391	6.220	-0.421	-0.421	-0.646	0.341
chr8q21 chr8q21	-0.414	-0.309	-1.378	0.293	-0.891	-2.045	3.026	1.380	-1.115	0.975	0.507
chr9q21 chr9q21	0.399	-0.849	-1.058	-0.849	-0.401	2.642	-3.244	0.647	0.514	1.155	0.512
chr6q14 chr6q14	0.889	0.672	-0.832	-1.149	2.841	-1.560	-1.149	-1.149	0.337	1.138	0.336
chr12q12 chr12q12	-1.499	-0.381	-0.976	-0.381	0.397	-2.320	1.956	0.397	1.190	0.233	0.875
chr18q12 chr18q12	-0.418	-0.279	-0.605	0.472	-0.279	-3.854	1.108	1.108	-0.853	1.384	0.323
chr17q11 chr17q11	0.840	0.840	-0.542	-0.706	-1.420	-2.592	-0.301	2.543	1.454	-0.408	-0.544
chr12q14 chr12q14	0.335	0.335	0.477	-2.462	0.477	-3.215	1.628	-0.270	0.648	0.648	-0.271
chr2q24 chr2q24	-0.365	0.828	-1.555	-0.254	0.353	4.424	-0.922	-0.365	-1.555	0.353	-0.367
chr14q22 chr14q22	1.565	-0.750	0.390	-0.350	-1.963	-1.446	2.261	-0.750	1.264	-0.350	-0.352
chr15q15 chr15q15	1.323	0.301	0.551	-0.565	-1.579	-2.449	-0.417	0.551	2.784	-0.565	-0.302
chr8p21 chr8p21	-0.725	0.332	0.459	1.468	-0.725	-4.051	-0.388	0.332	0.459	1.468	0.330
