GO	[-4.46 -0.87]	[-0.87 -0.59]	[-0.59 -0.36]	[-0.36 -0.19]	[-0.19 -0.02]	[-0.02 0.00]	[0.00 0.16]	[0.16 0.37]	[0.37 0.66]	[0.66 1.29]	[1.29 7.82]
GNF2_HPX GNF2_HPX	1.724	-0.375	-2.932	-1.180	-3.625	4.672	-0.515	-2.365	-0.912	-0.515	6.628
GNF2_HPN GNF2_HPN	1.484	-0.256	-2.899	-1.158	-3.589	4.735	-0.502	-1.867	-1.158	-0.677	6.708
GNF2_LCAT GNF2_LCAT	1.024	0.342	-2.569	-1.244	-3.228	5.417	-0.716	-2.569	-0.952	-0.378	5.925
CAR_HPX CAR_HPX	0.667	0.463	-2.120	-3.045	-3.045	6.631	-0.713	-0.713	-0.473	-1.044	3.674
GNF2_GSTM1 GNF2_GSTM1	1.175	0.393	-2.697	-0.916	-2.697	4.526	-0.916	-2.091	-0.916	-0.481	5.538
GNF2_MLF1 GNF2_MLF1	-0.339	-1.430	-1.948	-2.641	-1.036	7.654	-0.339	-1.430	-0.339	0.266	3.648
GNF2_DNM1 GNF2_DNM1	1.161	-0.735	-1.527	-1.527	-1.527	2.222	-2.157	-0.490	-0.735	-0.735	8.607
MORF_IL4 MORF_IL4	-0.499	-1.513	-1.513	-2.591	-1.513	6.979	0.670	-0.641	-0.810	-0.286	4.037
MORF_LCAT MORF_LCAT	2.090	-0.489	-2.865	-1.840	-1.455	4.799	0.362	-1.137	-1.840	0.492	2.090
GNF2_CCNA1 GNF2_CCNA1	-0.588	-0.889	-1.901	-1.901	-0.889	4.750	0.238	-1.901	0.388	0.238	4.170
GNF2_TST GNF2_TST	0.632	0.462	-1.473	-1.106	-2.523	3.919	-0.588	-1.106	-1.106	-0.588	4.890
MORF_WNT1 MORF_WNT1	1.812	-0.875	-2.627	-2.028	-1.176	4.187	0.420	-1.176	-1.176	0.420	2.501
GCM_PTPRU GCM_PTPRU	-0.365	0.416	-1.473	-0.365	-1.473	4.755	-0.953	0.416	-2.290	-0.953	2.999
MORF_CTSB MORF_CTSB	-1.131	-1.388	-0.565	-2.883	-1.131	5.987	0.370	0.276	-0.565	-0.327	3.245
MORF_MAP2K7 MORF_MAP2K7	-0.506	-1.576	-0.506	-2.737	-1.576	5.410	-0.506	0.317	-0.831	0.683	3.116
GNF2_HCK GNF2_HCK	-1.185	-2.867	-1.185	-0.279	-1.604	-0.860	-0.279	-0.279	0.870	4.709	2.827
GNF2_KISS1 GNF2_KISS1	-0.785	-0.473	-0.473	-1.264	-1.264	4.787	-0.473	-1.264	-0.785	-0.271	4.133
GNF2_CEBPA GNF2_CEBPA	1.558	-0.330	-1.793	-0.529	-2.667	1.213	-0.330	-0.814	-0.529	-0.814	5.053
GNF2_IGFBP1 GNF2_IGFBP1	-0.431	-0.218	-0.798	-1.454	-1.454	5.256	-0.218	-0.798	-0.798	-0.431	2.491
GNF2_MYL3 GNF2_MYL3	-0.672	-0.672	-0.672	-1.287	-0.672	3.572	0.264	-0.672	-1.287	-0.342	4.311
GNF2_TIMP2 GNF2_TIMP2	-0.704	-0.412	-0.412	-1.162	-1.162	3.823	-0.412	-1.162	-1.162	-0.228	4.472
GNF2_RTN1 GNF2_RTN1	-0.536	-0.316	0.722	-1.368	-1.368	1.372	-2.164	-0.316	0.286	-0.868	5.102
GNF2_CARD15 GNF2_CARD15	-0.629	-1.974	-0.940	-0.252	-1.974	-0.629	-0.406	-0.629	0.766	3.997	2.971
GNF2_EGFR GNF2_EGFR	0.247	0.247	-0.703	-1.329	-1.329	2.187	-0.363	-0.703	-1.329	0.247	4.165
GNF2_MMP11 GNF2_MMP11	-0.600	-0.336	-0.336	-1.027	-1.027	4.276	-0.336	-1.027	-1.027	-0.600	3.618
GNF2_RAB3A GNF2_RAB3A	1.337	-0.863	-1.537	-0.863	-0.863	0.942	-1.537	-0.250	-0.250	-0.250	4.211
GNF2_MMP1 GNF2_MMP1	-1.329	-0.363	-0.703	-1.329	0.247	1.188	-0.363	-0.703	-0.703	0.480	4.941
GNF2_AF1Q GNF2_AF1Q	-0.492	-0.492	1.152	-1.038	-1.038	2.258	-1.038	0.398	-0.492	-1.038	2.258
GNF2_MYL2 GNF2_MYL2	0.247	-0.363	-0.703	-1.329	-1.329	3.446	0.247	-0.703	-0.703	-0.363	2.786
GNF2_TTN GNF2_TTN	0.685	-1.079	-0.241	-1.079	-1.079	2.804	-0.241	-0.521	-1.079	-0.241	2.156
GNF2_CDH3 GNF2_CDH3	-0.551	-0.551	-1.121	-1.121	-1.121	2.060	0.346	-0.551	0.346	-0.260	3.384
GNF2_TM4SF2 GNF2_TM4SF2	0.371	-0.521	-1.079	-1.079	-0.521	2.156	-1.079	-0.521	-0.241	-0.241	3.524
MORF_PTPRR MORF_PTPRR	-1.059	-1.419	-0.555	-1.419	-1.059	4.536	-0.260	0.346	-0.555	0.493	2.012
GNF2_MAPT GNF2_MAPT	0.502	0.285	-0.318	-0.994	-0.994	0.785	-1.704	-0.318	-0.575	-0.575	5.119
GNF2_SERPINB5 GNF2_SERPINB5	-0.280	-0.581	-1.162	-1.162	-1.162	1.970	0.324	-0.581	0.324	-0.280	3.251
GNF2_CYP2B6 GNF2_CYP2B6	0.817	0.334	-0.473	-0.785	-2.039	1.142	-0.785	-0.473	-0.473	-0.473	3.521
MORF_CD8A MORF_CD8A	-0.570	-0.570	-1.012	-1.012	-1.680	2.325	-0.292	1.179	-1.313	0.755	2.002
MORF_PDCD1 MORF_PDCD1	-0.490	-0.735	-0.735	-1.527	-0.490	2.222	0.288	0.288	-1.527	0.644	2.647
GNF2_CD14 GNF2_CD14	0.215	-1.412	-0.408	-0.408	-0.766	-0.766	-0.408	-0.766	0.717	2.585	2.020
GNF2_CDKN1C GNF2_CDKN1C	-0.551	-0.260	-0.551	-0.551	-0.551	2.060	-0.260	-0.551	-1.121	-0.260	3.384
