	[-0.86 -0.67]	[-0.67 -0.34]	[-0.34 -0.17]	[-0.17 -0.03]	[-0.03 0.00]	[0.00 0.00]	[0.00 0.08]	[0.08 0.24]	[0.24 0.50]	[0.50 1.04]	[1.04 1.23]
GOBP_NUCLEOSOME_ASSEMBLY	6.367000000000001	4.957	0.266	0.815	-1.053	-0.8170000000000001	-0.622	-1.339	-1.339	-2.576	-2.099
GOBP_NUCLEOSOME_ORGANIZATION	4.848	4.08	1.008	1.412	-1.268	-1.026	-0.382	-1.026	-1.8769999999999998	-3.193	-2.266
GOBP_DNA_REPLICATION_DEPENDENT_NUCLEOSOME_ORGANIZATION	4.1419999999999995	4.1419999999999995	0.247	-0.7020000000000001	-0.7020000000000001	-0.7020000000000001	-0.363	-0.7020000000000001	-1.325	-0.7020000000000001	-1.329
GOBP_RDNA_HETEROCHROMATIN_ASSEMBLY	4.0569999999999995	2.782	-0.5	0.898	-0.892	-0.892	-0.5	-0.5	-1.574	-0.5	-1.578
GOBP_NEGATIVE_REGULATION_OF_GENE_EXPRESSION_EPIGENETIC	4.002	4.002	-0.509	0.8290000000000001	-1.208	-1.558	0.48700000000000004	-1.208	-0.365	-1.208	-2.5180000000000002
GOBP_CHROMATIN_ORGANIZATION_INVOLVED_IN_REGULATION_OF_TRANSCRIPTION	3.633	4.421	0.514	1.018	-2.34	-1.9080000000000001	-0.319	-0.758	-0.319	-1.234	-2.863
GOBP_HETEROCHROMATIN_ORGANIZATION	2.338	2.338	0.996	0.996	-2.326	-1.675	-0.382	0.36700000000000005	-0.244	-1.198	-3.285
GOBP_REGULATION_OF_CELL_KILLING	0.39799999999999996	-1.7380000000000002	-1.3030000000000002	-1.7380000000000002	-0.335	-0.961	-1.7380000000000002	1.226	-0.695	3.7939999999999996	3.779
GOBP_REGULATION_OF_LEUKOCYTE_MEDIATED_CYTOTOXICITY	-0.244	-1.198	-1.198	-1.198	-0.5770000000000001	-1.198	-1.198	0.996	-0.382	3.2060000000000004	3.6719999999999997
GOBP_POSITIVE_REGULATION_OF_LEUKOCYTE_PROLIFERATION	-0.28300000000000003	-0.696	-1.806	-0.696	-0.696	-1.4509999999999998	-1.1520000000000001	-0.527	1.571	2.7489999999999997	3.438
GOBP_LEUKOCYTE_MEDIATED_CYTOTOXICITY	-0.507	-1.261	-0.7020000000000001	-0.95	-0.507	-1.6480000000000001	-1.261	1.111	0.368	2.6460000000000004	3.4189999999999996
GOBP_INTERFERON_GAMMA_PRODUCTION	0.49700000000000005	-0.97	-1.285	-2.7739999999999996	-1.676	0.49700000000000005	-2.1630000000000003	-0.252	1.084	2.9760000000000004	3.362
GOBP_CYTOKINE_PRODUCTION_INVOLVED_IN_IMMUNE_RESPONSE	0.47200000000000003	-0.606	-1.176	-1.176	-0.418	-1.176	-1.591	-0.27899999999999997	0.652	2.398	3.202
GOBP_CELL_KILLING	-0.344	-3.072	-1.7830000000000001	-1.192	0.903	0.591	-0.76	0.591	-0.76	2.006	3.188
GOBP_REGULATION_OF_PRODUCTION_OF_MOLECULAR_MEDIATOR_OF_IMMUNE_RESPONSE	-0.266	-0.502	-1.112	-1.406	-0.266	-2.1719999999999997	-0.37	-0.6659999999999999	0.945	2.191	3.1689999999999996
GOBP_CARBOHYDRATE_DERIVATIVE_CATABOLIC_PROCESS	-0.698	-0.698	-0.873	0.368	-0.698	-3.148	-1.315	-1.905	0.894	6.879	3.034
GOBP_RESPONSE_TO_INTERFERON_GAMMA	-0.813	-3.5610000000000004	-1.2409999999999999	-1.507	0.309	-1.507	-1.507	0.6509999999999999	1.796	4.999	2.8760000000000003
GOBP_POSITIVE_REGULATION_OF_CELL_KILLING	0.28800000000000003	-1.181	-2.612	-0.7859999999999999	-0.507	-0.7859999999999999	-0.7859999999999999	0.6759999999999999	-0.507	3.923	2.8710000000000004
GOBP_POSITIVE_REGULATION_OF_LEUKOCYTE_MEDIATED_IMMUNITY	0.473	-0.376	-0.943	-1.5830000000000002	-0.523	-2.0140000000000002	-1.2309999999999999	0.628	0.628	2.0869999999999997	2.75
GOBP_COLLAGEN_CATABOLIC_PROCESS	-1.9480000000000002	-0.728	-1.1909999999999998	-1.1909999999999998	0.598	0.37	-0.728	-0.431	-0.431	3.6919999999999997	2.555
GOBP_DETECTION_OF_EXTERNAL_BIOTIC_STIMULUS	-0.462	-0.9940000000000001	-0.462	-0.462	-0.462	-0.204	-0.462	-0.9940000000000001	-0.204	3.05	2.352
GOBP_NEGATIVE_REGULATION_OF_CELL_ACTIVATION	-0.35	-0.738	-3.236	-1.3730000000000002	-0.585	-0.457	-0.35	-0.457	-0.457	6.688	2.347
GOBP_EXTRACELLULAR_MATRIX_DISASSEMBLY	0.33899999999999997	-0.614	-0.887	-1.739	0.33899999999999997	-1.252	0.938	-1.252	-0.266	2.233	2.2230000000000003
GOBP_CHONDROITIN_SULFATE_CATABOLIC_PROCESS	-0.19899999999999998	-0.58	-0.58	-0.58	-0.58	-0.19899999999999998	-0.58	-0.58	0.434	2.2119999999999997	2.208
GOBP_POSITIVE_REGULATION_OF_CD4_POSITIVE_ALPHA_BETA_T_CELL_DIFFERENTIATION	-0.7020000000000001	-1.325	-0.363	-0.363	-0.363	-0.7020000000000001	-1.325	0.247	0.48	2.773	2.1719999999999997
GOBP_AMINOGLYCAN_CATABOLIC_PROCESS	0.373	-0.605	-0.389	-1.331	-0.24	-0.389	-0.909	-1.331	-0.389	3.509	2.112
GOBP_RESPONSE_TO_EPINEPHRINE	-0.621	-0.223	-0.621	-0.621	-0.223	-0.621	-0.621	-0.621	0.8240000000000001	2.07	2.065
GOBP_COLLAGEN_METABOLIC_PROCESS	-0.479	-1.594	-0.909	-1.594	0.5429999999999999	0.271	-1.213	0.271	0.271	3.55	2.024
