GO	[-4.20 -0.45]	[-0.45 -0.21]	[-0.21 -0.12]	[-0.12 -0.05]	[-0.05 0.00]	[0.00 0.00]	[0.00 0.08]	[0.08 0.17]	[0.17 0.35]	[0.35 0.70]	[0.70 4.85]
MODULE_92 MODULE_92	-0.292	-1.478	-1.838	-3.371	-0.541	12.837	-3.371	-4.099	-0.923	2.097	3.392
MODULE_113 MODULE_113	2.910	0.301	-1.516	-3.341	-0.437	3.751	-4.410	-2.574	-0.437	0.786	2.145
GNF2_HCK GNF2_HCK	-1.178	-2.850	-0.855	-0.606	-0.606	-3.866	-1.594	1.700	0.867	5.741	2.383
MODULE_345 MODULE_345	1.198	-2.612	-2.077	-1.639	-2.077	1.198	-2.077	-0.552	0.772	1.723	5.641
GNF2_HPX GNF2_HPX	2.639	-0.904	-1.169	-1.877	-0.512	3.759	-3.593	-1.169	-1.169	0.341	4.132
MODULE_357 MODULE_357	1.248	-0.595	-3.323	-2.366	0.726	2.706	-1.709	-2.366	-0.254	0.969	2.270
MODULE_234 MODULE_234	2.083	0.259	-1.432	-2.240	-0.348	3.064	-1.432	-1.432	0.259	-1.432	2.533
GNF2_MYL3 GNF2_MYL3	0.837	-0.671	-0.671	-1.285	-1.285	2.272	-0.671	-1.285	-0.341	-0.671	5.064
MODULE_248 MODULE_248	0.550	-0.310	-1.717	-2.709	-0.796	2.555	-0.436	-0.596	-0.436	0.906	2.195
