GO	[-3.55 -0.39]	[-0.39 -0.22]	[-0.22 -0.13]	[-0.13 -0.07]	[-0.07 -0.01]	[-0.01 0.00]	[0.00 0.07]	[0.07 0.15]	[0.15 0.29]	[0.29 0.70]	[0.70 6.79]
MORF_NPM1 MORF_NPM1	-4.626	2.259	3.239	11.678	3.984	-3.213	0.292	-1.466	-2.668	-6.825	-6.825
GNF2_FBL GNF2_FBL	-4.066	1.623	6.230	10.730	2.508	-1.805	-1.146	-1.447	-2.735	-6.182	-4.973
GNF2_EIF3S6 GNF2_EIF3S6	-3.946	0.877	2.953	13.885	3.346	-1.949	-0.666	-1.523	-3.946	-5.074	-3.946
MORF_ACTG1 MORF_ACTG1	-5.798	0.922	3.648	11.715	2.216	-3.735	0.568	-0.968	-2.456	-3.032	-5.798
MORF_TPT1 MORF_TPT1	-4.269	1.118	2.367	14.436	2.012	-4.269	-0.386	-2.454	-1.874	-2.454	-4.269
GNF2_DAP3 GNF2_DAP3	-3.907	1.650	2.278	11.144	1.951	-2.440	0.271	-0.874	-2.440	-5.032	-3.907
MORF_PRKDC MORF_PRKDC	-4.145	6.643	2.767	3.417	1.227	-3.532	0.438	0.334	-0.615	-4.145	-8.029
GCM_NPM1 GCM_NPM1	-1.396	0.596	4.063	5.006	6.035	-1.806	-0.291	-1.806	-2.943	-4.862	-4.862
MORF_ANP32B MORF_ANP32B	-3.239	2.206	2.206	3.093	5.292	-3.239	0.729	1.064	-2.758	-4.419	-7.038
GCM_APEX1 GCM_APEX1	-1.749	2.541	4.660	2.541	5.152	-1.749	-0.555	-1.022	-3.673	-4.777	-4.777
MORF_EIF4A2 MORF_EIF4A2	-4.615	0.568	1.629	7.458	4.936	-2.456	0.427	-0.292	-1.245	-4.615	-4.615
MORF_NME2 MORF_NME2	-4.364	0.966	1.918	5.678	2.208	-3.613	3.565	-1.313	-2.014	-1.042	-6.525
GCM_ACTG1 GCM_ACTG1	-2.569	1.259	4.016	5.417	4.016	-2.036	0.342	-1.244	-3.228	-3.228	-5.202
GCM_TPT1 GCM_TPT1	-2.010	0.342	3.913	9.979	1.306	-1.401	-0.423	-2.010	-2.919	-2.919	-2.919
MORF_FBL MORF_FBL	-1.627	3.946	4.808	1.569	2.801	-3.100	0.539	-0.432	-3.808	-3.808	-4.694
MORF_G22P1 MORF_G22P1	-1.694	3.153	3.153	3.153	2.505	-3.541	1.009	-0.407	-1.694	-5.004	-5.978
MORF_PPP1CC MORF_PPP1CC	-2.788	3.416	2.418	3.416	3.416	-3.343	0.938	-1.005	-1.258	-3.343	-5.735
MORF_DNMT1 MORF_DNMT1	-1.447	6.965	2.363	2.722	1.434	-3.014	-0.312	-1.447	-0.835	-3.829	-4.947
MORF_DAP3 MORF_DAP3	-4.316	2.301	3.211	0.387	4.266	-2.258	0.775	1.542	-0.855	-3.149	-6.915
GCM_CSNK2B GCM_CSNK2B	-2.351	1.488	4.259	3.783	3.333	-1.783	-1.340	-0.349	-1.340	-4.142	-4.142
MORF_MAP2K7 MORF_MAP2K7	4.190	-1.288	-3.249	-4.531	-1.909	9.879	-1.288	-1.288	0.317	-0.286	1.435
MORF_RFC4 MORF_RFC4	-3.475	5.475	3.382	2.051	1.769	-2.861	-0.311	-0.750	-0.571	-2.345	-5.133
MORF_RAB1A MORF_RAB1A	-4.179	-0.628	0.325	-0.795	1.206	-3.030	4.084	7.045	-0.372	0.427	-5.733
GNF2_ST13 GNF2_ST13	-1.793	-0.330	2.370	7.796	3.337	-1.793	-0.529	-1.217	-2.667	-1.793	-2.667
MORF_PSMC1 MORF_PSMC1	-3.532	2.467	0.857	-0.780	3.417	-2.536	4.512	1.033	-0.780	-1.471	-6.710
MORF_LCAT MORF_LCAT	7.332	-1.455	-0.875	-1.455	-0.875	3.124	-4.417	-2.865	-1.137	-0.353	3.921
MORF_CTBP1 MORF_CTBP1	-4.853	1.786	0.729	1.535	3.326	-1.956	1.303	1.535	-0.640	-1.956	-7.082
MORF_CTSB MORF_CTSB	2.918	-0.723	-2.428	-4.711	-1.687	10.008	-1.131	-1.388	-0.565	0.276	1.779
MORF_EIF3S6 MORF_EIF3S6	-3.156	0.856	2.196	3.704	1.315	-1.549	0.253	2.904	-3.156	-1.978	-5.117
MORF_JUND MORF_JUND	-2.667	-0.330	0.653	9.351	1.944	-2.667	0.653	-0.529	-1.217	-1.793	-2.667
GNF2_HDAC1 GNF2_HDAC1	-2.732	1.701	1.147	4.457	5.458	-1.248	-2.122	0.260	-1.637	-2.122	-3.518
CAR_HPX CAR_HPX	2.277	-1.044	-1.495	-2.120	-3.045	4.767	-1.495	-1.495	-1.495	0.301	5.981
MORF_UNG MORF_UNG	-2.230	4.499	6.945	0.413	0.828	-3.172	-0.341	-0.779	-1.590	-1.590	-2.230
MORF_IL4 MORF_IL4	4.037	-1.009	-1.824	-5.771	-1.824	6.979	-1.009	-1.242	0.317	0.317	1.618
MORF_RAF1 MORF_RAF1	-3.518	0.260	2.733	-1.248	3.547	-3.518	0.912	3.990	-0.690	-0.937	-3.518
GNF2_HPX GNF2_HPX	2.669	-0.692	-1.504	-1.504	-2.365	5.132	-1.504	-1.504	-2.932	0.340	5.612
MORF_RPA2 MORF_RPA2	-2.182	2.400	1.618	-0.286	1.861	-3.596	0.670	4.412	-0.810	-1.824	-5.771
MORF_RRM1 MORF_RRM1	-1.874	4.052	1.685	3.158	1.685	-2.454	-0.260	-0.386	-1.059	-3.210	-4.269
MORF_PPP1CA MORF_PPP1CA	-2.848	2.346	0.900	-0.490	3.689	-1.602	2.981	1.092	-1.041	-2.368	-5.816
MORF_EI24 MORF_EI24	-3.919	2.342	3.784	1.019	1.481	-3.201	1.481	-1.066	0.265	-1.066	-4.814
MORF_RAD23B MORF_RAD23B	-6.140	1.123	0.476	-0.450	2.363	-1.789	4.055	1.123	0.609	-0.955	-5.157
CAR_IGFBP1 CAR_IGFBP1	1.913	-1.010	-1.543	-1.543	-2.374	4.540	-0.647	-1.543	-2.374	-0.235	5.180
MORF_HAT1 MORF_HAT1	-2.537	2.142	4.154	1.381	1.616	-1.741	1.166	0.500	-1.741	-3.032	-5.081
MORF_CDC10 MORF_CDC10	-3.303	0.459	1.930	0.954	2.548	-2.703	0.766	2.888	0.339	-3.303	-4.933
MORF_RAD21 MORF_RAD21	-3.186	1.061	1.061	-0.800	5.100	-1.249	1.263	2.869	-0.627	-3.186	-4.459
MORF_WNT1 MORF_WNT1	5.701	-1.176	-1.176	-0.875	-0.638	3.728	-3.403	-2.028	-1.554	-0.638	3.294
MORF_ERH MORF_ERH	-1.371	3.684	1.017	0.322	3.684	-1.777	1.017	0.454	-1.043	-4.820	-3.712
GNF2_NPM1 GNF2_NPM1	-2.083	0.482	4.291	4.860	0.941	-0.692	0.314	-1.017	-1.464	-3.003	-3.003
MORF_PRKAR1A MORF_PRKAR1A	-3.201	-0.825	-0.628	-0.468	3.784	-2.117	2.672	4.194	0.370	-0.468	-4.814
GNF2_MLF1 GNF2_MLF1	5.783	0.266	-1.948	-1.430	-2.641	3.648	-1.948	-1.430	-1.948	0.405	1.964
MORF_CDH4 MORF_CDH4	3.755	-0.529	-2.395	-3.662	-0.930	7.629	-0.709	-1.201	-0.930	-0.709	1.426
MORF_AP3D1 MORF_AP3D1	-5.457	0.889	1.343	0.700	1.343	-2.214	1.894	1.103	0.535	-0.820	-5.457
MORF_MAP2K2 MORF_MAP2K2	-4.378	3.565	1.288	0.506	0.848	-2.274	2.128	0.506	-0.645	-0.476	-5.542
MORF_PTPN11 MORF_PTPN11	-2.059	1.475	3.238	2.454	1.774	-1.200	0.746	-0.467	-1.200	-3.441	-4.523
GNF2_HPN GNF2_HPN	1.757	-0.502	-2.334	-1.158	-1.867	5.200	-1.480	-1.480	-2.334	0.479	5.200
MORF_PPP2CA MORF_PPP2CA	-2.700	0.932	1.400	-0.585	4.213	-3.372	1.400	2.284	-1.033	-1.033	-4.220
GCM_MLL GCM_MLL	-2.084	0.811	0.512	2.781	2.469	-3.001	1.643	0.512	0.811	-3.574	-5.043
MORF_CCNI MORF_CCNI	-2.678	1.002	1.275	5.122	1.275	-1.981	-0.755	1.581	-1.060	-1.981	-3.677
MORF_CD8A MORF_CD8A	0.954	-0.413	-1.680	-4.181	-2.125	5.203	-1.313	-1.012	-0.767	0.755	4.728
MORF_RAD54L MORF_RAD54L	-2.523	6.520	0.832	0.832	1.063	-1.936	0.632	-0.280	-0.280	-2.523	-4.353
GCM_RAB10 GCM_RAB10	-5.004	-0.407	2.505	-0.697	2.820	-4.209	1.009	2.820	0.667	-2.058	-0.888
MORF_EPHA7 MORF_EPHA7	6.318	-1.267	-0.758	-0.570	-0.988	4.001	-2.487	-3.772	-0.988	-0.302	1.599
MORF_PCNA MORF_PCNA	-1.317	4.454	5.002	0.313	0.660	-1.816	-0.289	0.313	-1.317	-3.466	-2.491
MORF_TERF2IP MORF_TERF2IP	-2.311	0.596	0.992	-0.419	1.497	-3.751	2.450	4.063	-0.419	-1.806	-3.751
GNF2_LCAT GNF2_LCAT	1.806	-0.527	-2.036	-0.952	-2.036	4.462	-1.244	-1.244	-2.569	0.342	5.417
GNF2_PA2G4 GNF2_PA2G4	-0.847	0.367	5.972	2.785	1.287	-1.686	0.367	-1.686	-1.206	-1.686	-3.298
GNF2_TPT1 GNF2_TPT1	-1.579	0.900	1.283	5.570	0.900	-1.579	0.584	-1.579	-1.579	-1.579	-1.579
GNF2_CASP1 GNF2_CASP1	-2.153	-0.707	-2.153	-2.153	0.251	-2.767	-0.958	1.978	0.686	2.318	5.909
MORF_SART1 MORF_SART1	-1.187	0.942	2.433	4.543	0.942	-1.187	0.287	-0.315	-2.625	-2.625	-2.625
GNF2_RBBP6 GNF2_RBBP6	-1.432	0.715	0.971	2.837	5.564	-0.991	-0.670	-0.670	-0.670	-2.961	-2.961
MORF_FRK MORF_FRK	6.547	-0.937	-1.637	-0.690	-0.690	3.128	-2.732	-2.732	-0.496	-0.346	1.410
MORF_BCL2L11 MORF_BCL2L11	2.038	-0.434	-1.687	-4.009	-1.388	4.326	-2.031	-0.910	-0.723	0.927	3.589
MORF_UBE2N MORF_UBE2N	-2.215	1.965	3.137	1.060	1.965	-0.448	0.615	-0.301	-2.943	-2.943	-2.943
GNF2_RAN GNF2_RAN	-1.402	1.660	3.717	1.660	1.660	-1.915	0.811	-1.402	-1.011	-1.915	-3.593
MORF_PSMC2 MORF_PSMC2	-2.872	-0.761	-0.394	-0.761	1.562	-0.555	7.332	1.863	-0.272	-1.749	-2.872
GCM_PSME1 GCM_PSME1	-0.987	0.836	2.057	2.862	3.789	-1.373	-0.475	-0.475	-1.373	-2.565	-3.551
GNF2_CARD15 GNF2_CARD15	-0.406	-0.940	-0.940	-1.370	-0.252	-2.877	-1.974	0.357	0.540	0.766	9.345
GNF2_CCNA1 GNF2_CCNA1	3.624	0.238	-1.308	-1.901	-1.901	3.112	-1.901	-1.308	-1.901	0.821	2.194
MORF_IL9 MORF_IL9	3.714	0.324	-0.860	-0.609	-0.420	2.053	-3.888	-2.867	-1.185	-0.609	3.257
GNF2_KPNB1 GNF2_KPNB1	-2.120	0.463	1.519	4.205	1.880	-1.044	0.463	0.463	-2.120	-3.045	-2.120
MORF_PTPRR MORF_PTPRR	3.158	-0.260	-1.874	-2.454	-1.059	7.927	-1.419	-1.059	-0.386	-0.386	-0.260
MORF_PRKCA MORF_PRKCA	1.241	-0.374	-2.267	-3.217	-1.885	7.322	-1.268	-0.816	-0.278	0.698	1.460
GNF2_APEX1 GNF2_APEX1	-1.160	3.782	2.884	1.433	0.675	-0.592	0.336	-0.838	-1.160	-3.846	-2.829
MORF_DEAF1 MORF_DEAF1	-1.543	2.358	3.372	0.589	1.913	-1.010	0.589	-1.543	-1.010	-2.374	-2.374
MORF_CUL1 MORF_CUL1	-2.961	0.971	1.604	-0.670	4.378	-2.047	0.328	1.268	-0.276	-2.047	-2.047
GNF2_KISS1 GNF2_KISS1	1.142	-2.039	-0.785	-1.264	-1.264	6.985	-1.264	-1.264	-0.785	0.547	1.521
MORF_FLT1 MORF_FLT1	1.205	-1.653	-1.290	-3.300	-0.555	5.772	-0.992	-1.653	-0.555	2.366	0.977
MORF_PRDX3 MORF_PRDX3	-3.551	1.701	2.057	0.618	0.836	-1.882	2.057	0.435	-0.987	-0.695	-3.551
GNF2_MYL3 GNF2_MYL3	2.893	-0.342	-1.287	-1.287	-0.672	3.572	-1.287	-1.287	-1.287	-0.672	2.277
GCM_DFFA GCM_DFFA	-3.372	0.300	1.671	0.932	1.965	-1.706	2.284	-0.302	0.932	-1.706	-4.220
MORF_RAB3A MORF_RAB3A	5.036	-1.488	-1.085	-1.085	-1.085	1.543	-1.488	-2.014	-0.775	0.245	3.993
GNF2_MSH6 GNF2_MSH6	-1.287	0.837	6.872	-0.672	1.245	-1.287	0.264	-0.342	-1.287	-1.287	-1.287
MORF_CDC16 MORF_CDC16	-1.527	1.161	2.222	1.832	2.647	-1.527	0.644	-0.735	-1.070	-2.157	-3.087
MORF_MTA1 MORF_MTA1	-3.134	1.761	1.761	0.248	1.761	-2.385	0.372	2.855	-1.366	-1.014	-2.385
MORF_ESPL1 MORF_ESPL1	-1.127	3.052	3.052	1.333	0.499	-2.541	0.499	-0.741	-0.741	-1.685	-2.541
MORF_MAP3K14 MORF_MAP3K14	4.726	-1.153	-0.874	-0.471	-0.874	3.400	-1.920	-2.440	-1.153	-0.471	2.278
GNF2_HCK GNF2_HCK	-0.860	-1.185	-0.860	-1.604	-0.609	-2.867	-0.609	0.655	0.870	0.870	8.284
MORF_DCC MORF_DCC	7.523	-0.725	-0.979	-0.725	-1.297	1.939	-0.979	-2.802	-0.725	-0.525	1.348
GNF2_TIMP2 GNF2_TIMP2	0.923	-1.913	-0.704	-1.162	-1.162	5.897	-1.162	-1.913	-0.412	0.626	1.686
GNF2_MMP11 GNF2_MMP11	1.087	-1.746	-0.600	-1.027	-1.027	5.730	-1.027	-1.746	-1.027	0.477	1.939
MORF_FEN1 MORF_FEN1	-1.829	3.260	4.352	0.629	0.629	-2.709	-0.345	-0.839	-0.548	-0.839	-1.829
GNF2_DNM1 GNF2_DNM1	3.598	0.446	-3.087	-0.490	-1.527	2.222	-1.527	-2.157	-0.490	0.288	1.832
MORF_RFC1 MORF_RFC1	-2.697	1.737	0.545	0.545	-0.916	-1.609	0.726	2.782	2.059	-1.609	-3.480
GCM_GSPT1 GCM_GSPT1	-2.368	0.729	1.303	0.900	1.786	-3.409	1.786	-0.490	0.729	-0.269	-4.853
GNF2_XRCC5 GNF2_XRCC5	-1.558	0.855	4.586	1.785	0.622	-0.507	0.622	-0.757	-1.097	-3.129	-2.194
GNF2_EGFR GNF2_EGFR	1.188	-1.329	-0.703	-0.703	-1.329	5.773	-1.329	-1.329	-0.363	-0.363	1.653
GNF2_GSTM1 GNF2_GSTM1	1.175	-0.672	-1.224	-0.916	-1.609	3.182	-1.224	-0.916	-2.091	0.393	5.538
MORF_RAB5A MORF_RAB5A	-2.215	0.301	-0.903	-0.645	1.060	-1.236	3.137	3.137	0.615	-0.448	-3.973
GNF2_CEBPA GNF2_CEBPA	0.653	-0.529	-0.814	-1.793	-0.814	1.558	-2.667	-0.814	-0.529	0.274	7.064
GNF2_IGFBP1 GNF2_IGFBP1	1.033	-1.454	-0.431	-0.798	-1.454	5.256	-0.798	-1.454	-0.798	-0.431	2.491
GCM_MYST2 GCM_MYST2	-2.452	0.682	2.242	0.682	1.699	-2.940	0.538	0.309	2.242	-2.032	-2.940
MORF_GSPT1 MORF_GSPT1	-2.039	1.142	3.521	1.950	0.334	-2.039	0.817	-0.785	-0.785	-0.785	-2.039
MORF_TNFRSF6 MORF_TNFRSF6	0.592	-0.478	-1.579	-4.032	-1.931	4.120	-0.807	-0.627	0.345	0.919	3.023
MORF_THPO MORF_THPO	0.954	0.310	-1.313	-4.181	-0.570	6.744	-1.012	-0.767	-0.413	-0.413	1.179
MORF_GMPS MORF_GMPS	-1.403	1.326	1.716	2.154	1.716	-1.403	0.456	-0.332	-1.403	-2.206	-2.206
MORF_PPP6C MORF_PPP6C	-2.523	-0.280	-0.280	-0.412	2.275	-1.106	4.393	0.832	0.632	-1.473	-3.287
MORF_MSH2 MORF_MSH2	-1.649	2.630	3.129	0.330	1.752	-2.499	-0.274	-0.274	-0.717	-1.649	-1.649
GNF2_TNFRSF1B GNF2_TNFRSF1B	-1.793	-0.529	-1.217	-1.217	0.440	-2.667	-0.814	0.910	0.910	0.653	5.691
GNF2_PECAM1 GNF2_PECAM1	-0.624	-1.508	-0.981	-0.981	0.613	-2.332	-1.508	0.880	0.880	0.397	5.983
MORF_PAPSS1 MORF_PAPSS1	-3.249	-0.270	1.970	-0.399	1.354	-1.905	1.354	1.648	0.855	-1.083	-3.249
GCM_DDX5 GCM_DDX5	-1.829	2.310	1.891	1.175	1.175	-0.548	-0.839	0.422	-0.345	-2.709	-2.709
GNF2_SPRR1B GNF2_SPRR1B	-0.204	-0.204	-0.463	-0.463	-0.996	8.742	-0.996	-0.996	-0.996	-0.463	0.426
MORF_SMC1L1 MORF_SMC1L1	-1.157	2.497	2.978	0.704	1.292	-1.157	-0.765	0.479	-1.157	-2.583	-1.721
MORF_RPA1 MORF_RPA1	-1.649	1.044	1.376	-0.274	4.240	-1.649	0.330	0.758	-1.098	-2.499	-1.098
MORF_SNRP70 MORF_SNRP70	-1.721	0.301	-0.301	4.052	1.652	-1.721	0.704	0.975	-0.765	-1.157	-2.583
GNF2_S100A4 GNF2_S100A4	-1.196	-0.432	-1.196	-0.731	0.598	-1.955	-1.955	2.079	-0.242	0.598	4.355
GCM_HMGA2 GCM_HMGA2	1.287	-2.007	-0.699	-1.221	-0.932	4.077	-1.575	-0.513	-0.699	-0.513	4.077
GNF2_CD1D GNF2_CD1D	-0.373	-1.830	-0.652	-0.652	0.239	-1.830	-1.094	0.239	0.685	0.431	7.003
MORF_PHB MORF_PHB	-0.952	1.259	1.520	-0.716	0.342	-3.228	1.024	4.016	-0.378	-1.601	-2.036
GNF2_NS GNF2_NS	-0.961	0.822	2.615	1.601	0.822	-0.961	1.181	-0.961	-1.663	-1.663	-1.663
GNF2_CDC20 GNF2_CDC20	-1.508	-1.508	-0.624	-0.382	0.233	-1.508	-0.624	1.197	4.033	2.921	-1.508
MORF_KDR MORF_KDR	0.615	-0.448	-0.903	-2.943	-1.236	3.137	-1.664	-0.301	-0.645	0.442	4.055
GNF2_TST GNF2_TST	1.063	-0.815	-1.473	-0.815	-1.106	2.647	-0.815	-1.106	-1.473	0.323	5.411
GCM_PFN1 GCM_PFN1	-2.122	1.060	1.420	1.829	2.789	-0.840	-0.514	-0.514	-0.514	-1.333	-2.122
MORF_USP5 MORF_USP5	-2.164	-0.316	1.021	0.286	1.772	-1.368	0.477	3.248	-0.316	-2.164	-1.368
GNF2_CCNB2 GNF2_CCNB2	-1.543	-1.010	-0.647	-0.400	-0.235	-1.543	-0.647	0.848	3.937	3.372	-1.543
MORF_BECN1 MORF_BECN1	-1.966	0.311	1.036	0.311	1.036	-2.558	2.597	2.230	-0.426	-1.129	-2.558
GCM_HBP1 GCM_HBP1	-2.919	-0.423	1.003	1.003	0.740	-0.423	2.449	1.003	-0.423	-1.401	-2.919
MORF_TERF1 MORF_TERF1	-1.278	0.850	0.605	0.405	2.700	-1.278	2.251	0.405	-0.864	-1.865	-2.751
GNF2_CD33 GNF2_CD33	-0.301	-1.333	-1.333	-0.840	0.301	-2.122	-0.840	0.301	0.499	1.060	5.932
GNF2_MYL2 GNF2_MYL2	2.187	-0.363	-0.703	-1.329	-0.703	2.786	-1.329	-1.329	-0.703	-0.363	2.187
GNF2_MLH1 GNF2_MLH1	-1.027	1.087	3.008	0.750	1.939	-1.746	0.269	-0.600	-1.746	-1.027	-1.027
MORF_MBD4 MORF_MBD4	-1.882	0.289	-0.475	-0.314	2.444	-0.695	2.057	1.701	0.289	-0.987	-3.551
GNF2_SPINK1 GNF2_SPINK1	1.583	-0.241	0.685	-1.079	-0.521	3.524	-1.079	-1.079	-1.079	-1.079	0.685
GCM_NUMA1 GCM_NUMA1	-2.290	2.030	0.245	0.416	0.416	-0.953	1.238	-0.365	2.030	-1.473	-2.290
GCM_RAD21 GCM_RAD21	-1.537	3.526	0.942	1.797	0.359	-0.863	-0.477	-0.250	-0.477	-1.537	-1.537
MORF_EIF4E MORF_EIF4E	-2.565	1.701	0.836	0.289	1.090	-1.882	0.435	2.057	0.435	-1.882	-1.882
MORF_TPR MORF_TPR	-1.146	-0.275	1.623	-0.275	0.446	-1.805	3.201	1.897	-0.382	-1.146	-3.337
GNF2_CCNA2 GNF2_CCNA2	-1.937	-0.391	-0.240	-0.608	-0.240	-1.339	-0.914	1.385	4.083	1.742	-1.937
GNF2_MKI67 GNF2_MKI67	-0.581	-1.162	-0.581	-1.162	0.324	-0.581	-1.162	0.324	4.798	1.970	-0.581
GNF2_RRM1 GNF2_RRM1	-1.459	0.559	3.579	0.256	-0.352	-1.459	-1.459	1.002	1.919	-0.352	-2.678
MORF_SP3 MORF_SP3	-2.304	-0.369	-0.369	-0.561	1.323	-0.561	1.652	3.804	0.382	-1.178	-2.304
MORF_PPP2R5B MORF_PPP2R5B	0.637	-0.726	-1.424	-2.537	-1.741	2.142	-0.319	-1.152	-0.319	2.142	2.742
GNF2_HMMR GNF2_HMMR	-1.196	-0.731	-0.242	-0.242	0.370	-1.955	-1.196	0.598	4.355	1.629	-1.196
GCM_CBFB GCM_CBFB	-0.649	2.449	0.740	2.030	1.306	-0.423	-0.649	-0.649	-0.423	-2.010	-2.919
GNF2_MCM5 GNF2_MCM5	-0.741	2.562	1.333	1.701	1.009	-2.541	-0.472	-0.741	-0.287	-1.127	-1.685
MORF_DAP MORF_DAP	-2.304	0.776	-0.561	-0.369	1.031	-0.824	2.017	2.017	-0.561	0.382	-3.256
GNF2_RFC4 GNF2_RFC4	-1.649	1.752	3.129	0.520	0.330	-2.499	-0.453	0.758	-0.274	-0.717	-1.649
GCM_MAX GCM_MAX	-1.287	-0.672	0.509	4.311	0.264	-0.672	1.726	-0.342	-0.342	-1.287	-1.287
MORF_PPP2R5E MORF_PPP2R5E	-2.453	-0.278	1.490	-0.278	1.185	-1.289	0.915	2.609	0.326	-1.783	-1.783
MORF_CDK2 MORF_CDK2	-1.017	2.333	1.231	0.314	1.929	-2.083	0.314	0.314	-0.692	-0.456	-3.003
GCM_ERBB2IP GCM_ERBB2IP	-2.541	-0.472	2.111	0.499	0.499	-2.541	0.730	0.730	-0.287	1.009	-1.685
GNF2_RTN1 GNF2_RTN1	1.372	0.286	-0.868	-1.368	-0.868	0.722	-2.164	-0.868	-0.868	1.772	2.712
GCM_DENR GCM_DENR	-2.081	1.469	0.317	0.784	0.784	-1.298	2.869	-0.493	-0.493	-0.493	-2.081
MORF_NF1 MORF_NF1	0.551	-1.648	-1.077	-0.855	-1.077	3.239	-1.648	-0.387	-0.855	2.579	1.728
GNF2_CDC2 GNF2_CDC2	-1.721	-0.301	-0.301	-1.157	0.301	-1.157	-0.301	0.301	4.052	2.497	-1.721
GNF2_TTN GNF2_TTN	2.804	-1.079	-1.079	-0.521	-0.521	0.685	-1.079	-1.079	-0.521	0.685	2.156
MORF_BAG5 MORF_BAG5	-2.290	0.245	0.245	0.245	2.493	-0.365	2.030	0.914	-0.953	-0.602	-2.290
MORF_ETV3 MORF_ETV3	0.880	-1.247	-0.839	-1.829	0.262	3.260	-1.829	-0.548	-0.839	1.175	1.513
MORF_RAGE MORF_RAGE	3.528	-0.532	-1.470	-1.470	-0.913	2.156	-0.913	-0.703	-1.470	1.345	0.913
GNF2_SERPINI2 GNF2_SERPINI2	1.216	-0.204	0.773	-0.996	-0.463	3.061	-0.996	-0.996	-0.996	-0.996	0.773
GCM_RAF1 GCM_RAF1	-1.788	2.916	1.872	0.253	1.044	-0.355	0.253	-0.626	-1.060	-1.788	-0.626
GNF2_CD14 GNF2_CD14	0.215	-1.412	-0.766	-0.766	1.082	-1.412	-0.766	-0.408	0.717	0.215	4.629
GNF2_MCL1 GNF2_MCL1	-1.543	-0.235	-1.010	-1.010	-0.647	-1.543	-1.010	1.512	0.848	1.157	3.372
GCM_CRKL GCM_CRKL	-2.667	0.910	1.213	0.653	-0.330	-2.667	1.213	0.440	0.910	-0.529	-1.217
MORF_BMI1 MORF_BMI1	-1.719	1.252	0.727	0.971	0.727	-1.719	0.353	1.252	0.521	-0.870	-3.340
MORF_ZNF10 MORF_ZNF10	6.387	-1.403	-0.558	-0.896	-0.558	0.272	-0.558	-1.403	-0.332	0.456	0.693
GNF2_RRM2 GNF2_RRM2	-0.961	-0.550	-0.300	-0.300	0.302	-1.663	-0.961	0.302	5.264	1.181	-0.961
GCM_CSNK1A1 GCM_CSNK1A1	-1.496	-0.830	0.647	0.380	1.395	-0.454	3.643	-0.830	-0.830	0.380	-1.496
GNF2_PPP6C GNF2_PPP6C	-1.621	0.555	1.231	1.664	1.664	-0.928	0.320	-0.283	-0.283	-1.621	-1.621
GCM_CHUK GCM_CHUK	-0.991	0.500	-0.276	0.328	1.604	-0.991	2.837	-0.991	0.971	-0.670	-2.961
MORF_CASP10 MORF_CASP10	0.427	-0.302	-2.343	-1.421	-0.817	2.067	-0.817	0.300	-1.421	2.770	1.465
GNF2_CENPF GNF2_CENPF	-1.721	-0.490	0.704	-1.157	-0.301	-1.157	-0.301	0.704	3.497	1.652	-1.721
GNF2_UBE2I GNF2_UBE2I	-1.094	1.377	1.002	2.827	0.685	-1.094	0.239	0.239	-1.094	-1.830	-1.094
GNF2_FOS GNF2_FOS	-0.318	-0.994	-1.704	-0.994	0.285	-1.704	-0.318	0.285	1.133	1.133	3.103
GNF2_GLTSCR2 GNF2_GLTSCR2	-1.287	0.264	1.726	2.893	0.837	-0.342	0.264	-0.672	-1.287	-0.672	-1.287
GNF2_PCNA GNF2_PCNA	-1.339	1.385	0.561	0.372	-0.391	-1.339	-0.608	0.561	3.040	-0.240	-2.835
MORF_XPC MORF_XPC	-1.098	-0.453	-0.274	-1.649	1.752	-1.098	2.170	1.752	0.758	-0.717	-1.649
MORF_ITGA2 MORF_ITGA2	1.561	0.397	-1.508	-1.508	-0.981	4.033	-0.624	-0.981	-0.624	0.397	0.613
GNF2_CDKN1C GNF2_CDKN1C	1.508	-1.121	-0.551	-0.551	-0.551	2.060	-1.121	-1.121	-0.551	0.346	2.060
GNF2_CKS2 GNF2_CKS2	-1.298	0.317	0.784	0.522	0.317	-2.081	-0.812	0.317	1.889	1.469	-2.081
GNF2_ESPL1 GNF2_ESPL1	-0.798	-0.431	-0.431	-0.798	-0.431	-1.454	-0.798	1.455	3.100	1.942	-0.798
GNF2_HAT1 GNF2_HAT1	-0.812	0.317	4.027	0.784	0.522	-2.081	-0.286	0.522	-0.286	-1.298	-1.298
GCM_PPP1CC GCM_PPP1CC	-0.624	1.971	1.197	1.197	1.561	-0.382	-0.624	-0.382	-0.981	-1.508	-2.332
GNF2_H2AFX GNF2_H2AFX	-0.672	-0.672	-0.342	-0.672	0.509	-0.672	-0.672	-0.342	5.109	1.245	-1.287
GNF2_SMC4L1 GNF2_SMC4L1	-0.675	0.862	1.743	0.638	0.301	-2.528	-1.345	0.862	1.121	0.301	-2.528
MORF_ATOX1 MORF_ATOX1	-1.719	-0.398	-0.398	-0.598	1.252	-1.233	3.175	0.971	0.353	0.521	-2.379
GCM_RAN GCM_RAN	-0.680	0.292	1.778	-0.533	0.628	-3.692	0.775	0.499	2.301	-0.533	-1.894
GNF2_ELAC2 GNF2_ELAC2	-0.704	0.626	0.923	2.148	2.148	-0.412	-0.228	-0.704	-1.162	-1.913	-1.162
MORF_STK17A MORF_STK17A	1.671	-1.382	-0.538	-0.888	-0.697	2.820	-0.888	-1.694	-0.888	1.930	0.828
GNF2_DEK GNF2_DEK	-0.670	1.465	1.118	1.858	0.817	-1.039	-0.247	0.362	-0.670	-2.416	-1.578
GCM_UBE2N GCM_UBE2N	-1.271	0.502	1.983	0.817	0.649	-2.403	0.649	0.378	1.219	-0.782	-2.924
GNF2_MSH2 GNF2_MSH2	-0.581	0.324	3.993	0.324	0.980	-1.162	-0.280	0.324	-1.162	-0.581	-1.162
MORF_BUB1B MORF_BUB1B	-1.865	2.251	0.850	1.138	0.605	-0.864	-0.360	-0.360	0.605	-0.568	-2.751
MORF_LTK MORF_LTK	1.897	-1.146	-1.447	-0.688	-1.146	2.845	-0.688	-0.895	-0.895	1.371	1.141
MORF_DMPK MORF_DMPK	1.102	-0.461	-1.210	-2.622	-0.972	4.006	-0.601	-0.770	0.353	1.102	0.465
GNF2_MBD4 GNF2_MBD4	-1.038	0.398	-0.222	2.258	2.258	-1.038	0.398	-1.038	-0.222	-1.038	-0.492
GCM_MAP4K4 GCM_MAP4K4	-2.032	-0.293	0.682	0.414	-0.293	-3.508	0.414	0.538	3.549	0.414	-0.682
GNF2_IL2RB GNF2_IL2RB	0.961	0.226	-1.128	-0.393	-1.128	0.655	-1.872	-0.393	-1.128	1.746	2.218
GNF2_G22P1 GNF2_G22P1	-0.830	0.987	1.395	1.395	0.380	-0.830	1.395	-0.454	-0.830	-1.496	-1.496
GCM_FANCL GCM_FANCL	-0.996	1.749	2.366	0.773	-0.204	-0.996	0.426	-0.463	-0.996	-0.463	-0.996
GNF2_CDH3 GNF2_CDH3	0.346	-0.551	-0.551	-1.121	-1.121	2.060	0.346	-0.551	-0.551	-0.551	3.384
GNF2_ITGB2 GNF2_ITGB2	-1.543	0.379	-1.543	-1.543	0.379	-0.647	-0.400	1.913	-0.647	1.913	1.512
GNF2_MMP1 GNF2_MMP1	-0.703	-1.329	-0.703	-0.703	0.247	1.188	-1.329	-0.703	1.653	0.480	2.187
GCM_ZNF198 GCM_ZNF198	-2.343	0.580	0.580	0.580	0.300	-2.343	0.968	-0.302	2.770	-0.302	-1.421
GNF2_CKS1B GNF2_CKS1B	-1.537	-0.250	2.894	-0.863	-0.250	-1.537	0.359	0.615	1.337	-0.250	-0.863
MORF_RAB11A MORF_RAB11A	-1.068	0.346	0.542	-0.435	1.080	-1.614	1.804	1.080	0.542	-0.694	-2.458
GNF2_SERPINB5 GNF2_SERPINB5	0.324	-0.581	-0.581	-1.162	-1.162	2.576	0.324	-0.581	-0.581	-0.280	2.576
GNF2_DENR GNF2_DENR	-1.333	2.286	0.301	1.420	1.829	0.301	-0.514	-0.514	-0.840	-1.333	-1.333
GNF2_MSN GNF2_MSN	-0.463	-0.996	-0.996	-0.996	1.216	-0.463	-0.204	1.749	1.216	0.773	-0.996
GNF2_CENPE GNF2_CENPE	-0.994	-0.994	-0.575	-0.575	-0.318	-0.575	0.285	0.502	5.119	0.785	-0.994
GNF2_CD7 GNF2_CD7	0.900	-0.266	-0.895	0.339	-0.895	-0.501	-1.579	-0.501	-0.895	2.234	2.234
MORF_GPX4 MORF_GPX4	-1.473	0.416	0.245	-0.602	0.416	-1.473	2.030	0.639	0.639	0.914	-2.290
GNF2_MAPT GNF2_MAPT	0.502	0.285	-1.704	-0.994	-0.994	1.542	-0.994	-0.994	0.502	1.542	1.133
MORF_THRA MORF_THRA	0.948	-2.248	-0.580	-1.437	-0.349	2.564	-0.580	-0.580	0.258	0.435	1.281
GNF2_RAB3A GNF2_RAB3A	0.615	0.615	-1.537	-0.250	-1.537	2.316	-0.863	-0.863	-0.477	0.942	0.615
GNF2_MCM4 GNF2_MCM4	-1.403	0.693	1.326	0.272	0.693	-2.206	-0.896	0.984	0.984	0.272	-1.403
GNF2_TNFSF10 GNF2_TNFSF10	-0.641	0.540	-0.641	-0.641	-1.246	-1.246	-0.641	0.540	0.540	0.882	3.007
MORF_RAB6A MORF_RAB6A	-1.308	0.238	-0.588	-0.375	0.821	-0.889	0.583	4.170	-0.375	0.388	-1.901
GNF2_CDH11 GNF2_CDH11	-0.222	-1.038	-1.038	-0.222	-0.492	-0.222	-0.492	-1.038	0.398	1.664	2.929
GNF2_STAT6 GNF2_STAT6	-1.206	0.751	-1.206	-1.206	-0.384	-1.206	-0.244	1.968	1.968	1.287	-0.847
MORF_PDCD1 MORF_PDCD1	-0.314	0.288	-0.490	-1.070	-0.735	4.676	-0.735	-1.527	-0.490	0.644	0.883
GNF2_CASP4 GNF2_CASP4	-0.463	-0.204	-0.996	-0.996	-0.204	-0.463	-0.204	2.366	-0.996	2.366	-0.204
CAR_MLANA CAR_MLANA	0.717	-0.626	-1.788	-1.788	0.253	1.044	-1.060	0.253	0.253	1.429	1.044
GNF2_FEN1 GNF2_FEN1	0.233	0.880	1.561	0.233	0.397	-2.332	-0.624	0.613	0.613	0.233	-2.332
GNF2_BUB1B GNF2_BUB1B	-1.264	-0.473	1.142	0.334	0.817	-2.039	-0.785	0.547	1.142	1.142	-1.264
GNF2_FGR GNF2_FGR	-0.703	-1.329	-0.703	-0.703	0.795	-0.703	-0.363	0.247	0.480	0.247	4.165
GNF2_AF1Q GNF2_AF1Q	1.152	-0.222	-0.492	-1.038	-0.492	0.398	-1.038	-1.038	-0.492	1.664	1.664
MORF_TTN MORF_TTN	-0.301	0.499	-0.514	-2.122	-0.840	4.555	-0.301	-0.301	-0.301	-0.301	0.301
GCM_IL6ST GCM_IL6ST	-2.248	0.435	0.258	-0.349	-0.349	-2.248	1.663	0.435	1.281	0.258	0.258
MORF_BUB1 MORF_BUB1	-1.368	1.021	0.477	1.372	1.372	-1.368	-0.316	-0.316	0.477	-0.316	-2.164
GNF2_PTPN4 GNF2_PTPN4	1.142	-0.271	-0.785	-0.271	-1.264	-0.785	-1.264	-0.473	-0.473	1.521	2.952
MORF_ORC1L MORF_ORC1L	-0.252	0.357	-0.940	-0.252	-0.629	-1.974	0.766	3.467	0.766	-1.370	-0.252
MORF_REV3L MORF_REV3L	-1.614	-0.435	1.420	0.787	-0.435	-0.694	1.420	0.542	0.542	-0.260	-2.458
MORF_MYL3 MORF_MYL3	0.500	-0.276	-2.047	-0.991	-0.670	2.837	-0.670	-0.670	-0.439	0.715	1.604
GCM_SMARCD1 GCM_SMARCD1	0.810	-1.129	-0.426	-1.129	-0.291	1.577	-1.966	-0.291	-0.426	-0.291	2.991
GCM_BMPR2 GCM_BMPR2	-0.695	-0.695	0.618	0.618	0.618	-3.551	1.090	0.618	1.090	-0.475	-0.695
