GO	[-18.69 -0.84]	[-0.84 -0.36]	[-0.36 -0.18]	[-0.18 -0.06]	[-0.06 0.00]	[0.00 0.04]	[0.04 0.18]	[0.18 0.39]	[0.39 0.66]	[0.66 1.17]	[1.17 19.61]
HIVEP1_TARGET_GENES HIVEP1_TARGET_GENES	-1.583	-0.418	0.415	7.725	-0.418	-1.979	1.327	0.551	-3.027	-0.418	-0.755
CREB3L2_TARGET_GENES CREB3L2_TARGET_GENES	-2.071	0.321	3.420	2.011	-0.743	-1.276	2.011	-0.551	-0.282	-0.399	-3.271
KCCGNSWTTT_UNKNOWN KCCGNSWTTT_UNKNOWN	-0.372	-1.827	0.359	1.137	1.137	-0.536	3.170	1.407	-2.398	-0.751	-2.404
RUVBL1_TARGET_GENES RUVBL1_TARGET_GENES	-1.731	-0.258	3.230	2.542	1.175	-2.144	0.778	-0.652	-0.851	-0.489	-2.152
CCGNMNNTNACG_UNKNOWN CCGNMNNTNACG_UNKNOWN	-0.775	-0.775	0.265	3.913	-0.340	-2.216	0.413	2.098	0.824	-1.580	-1.584
TOX4_TARGET_GENES TOX4_TARGET_GENES	-0.334	-0.913	2.810	1.718	0.270	-1.680	2.512	0.594	-2.411	-1.131	-1.393
YBX3_TARGET_GENES YBX3_TARGET_GENES	-2.657	0.506	3.474	2.792	-1.181	-2.196	-0.430	0.646	0.284	-0.430	-0.741
TMTCGCGANR_UNKNOWN TMTCGCGANR_UNKNOWN	-1.104	-0.518	0.708	4.042	0.708	-3.070	0.558	1.280	-1.381	-0.284	-1.387
ZNF354B_TARGET_GENES ZNF354B_TARGET_GENES	-2.203	0.335	0.441	3.122	-1.230	-0.479	1.047	2.500	-2.203	-0.269	-1.236
SREBP1_01 SREBP1_01	-1.926	-0.486	0.336	0.575	-0.486	-0.365	5.169	1.284	-0.365	-0.634	-2.813
ZBTB1_TARGET_GENES ZBTB1_TARGET_GENES	-0.896	-0.301	-0.641	3.533	-0.446	-0.896	3.533	0.613	-0.641	-1.226	-1.655
TCTATGA_MIR376A_MIR376B TCTATGA_MIR376A_MIR376B	0.468	-0.442	-0.289	-0.934	0.658	-0.442	3.885	1.770	-1.803	-0.652	-2.479
KRCTCNNNNMANAGC_UNKNOWN KRCTCNNNNMANAGC_UNKNOWN	0.459	0.459	5.102	0.676	-2.612	-0.507	-0.315	-1.181	-0.786	-0.507	-0.316
SUPT16H_TARGET_GENES SUPT16H_TARGET_GENES	2.018	-0.634	1.078	1.078	-0.365	-2.331	2.018	-0.268	-2.331	-0.365	-1.286
MIR500A_5P MIR500A_5P	0.310	0.555	-0.402	1.803	-1.474	-0.921	3.047	1.302	-1.832	-0.712	-1.480
TFAM_TARGET_GENES TFAM_TARGET_GENES	6.428	-0.331	-0.331	-0.331	0.273	-0.331	-0.331	-0.331	-0.331	-0.331	-0.332
KAT2A_TARGET_GENES KAT2A_TARGET_GENES	-0.981	-0.690	3.271	1.686	-0.473	-2.547	-0.473	-0.313	1.083	0.290	-0.984
ZA_Q9UM89_TARGET_GENES ZA_Q9UM89_TARGET_GENES	-0.859	0.847	0.847	1.460	1.827	-1.854	0.250	-0.359	-0.565	0.250	-2.742
MIR5591_5P MIR5591_5P	1.642	0.702	1.642	0.478	-0.301	-1.712	0.478	-1.151	-2.570	-0.762	0.476
GCGNNANTTCC_UNKNOWN GCGNNANTTCC_UNKNOWN	-2.350	-0.311	3.871	0.291	-0.311	-1.098	1.165	0.413	0.561	-0.443	-1.849
MSX1_TARGET_GENES MSX1_TARGET_GENES	-0.582	-1.444	2.313	2.608	-0.942	-2.550	-0.446	1.313	0.269	-0.446	-0.338
MIR505_3P MIR505_3P	0.380	0.380	0.702	0.906	-0.345	-0.685	2.331	0.527	-3.485	0.261	-2.107
MIR6848_3P MIR6848_3P	1.606	0.267	0.405	-0.505	-0.730	-1.419	1.299	0.267	0.405	1.024	-3.616
AGCATTA_MIR155 AGCATTA_MIR155	1.586	-0.610	-1.063	1.867	-2.188	-0.448	1.327	1.586	-0.610	-0.610	-1.374
MIR657 MIR657	1.261	-2.944	-0.437	0.713	1.593	1.261	0.328	-0.437	-1.424	-0.986	-0.277
MIR6779_5P MIR6779_5P	-0.479	1.460	0.868	0.868	-0.620	-0.992	0.707	1.945	-0.992	-0.479	-3.721
MIR6833_5P MIR6833_5P	1.384	-0.580	0.301	-1.322	-0.301	-0.778	5.503	-0.580	-0.778	-0.423	-0.782
MIR514B_5P MIR514B_5P	0.662	0.662	-0.533	2.165	-0.533	-0.689	1.642	1.193	-2.440	-1.361	-1.368
MIR676_3P MIR676_3P	2.272	-0.300	-0.300	0.302	1.056	0.302	0.499	-0.837	-2.114	0.499	-2.118
HOXA7_TARGET_GENES HOXA7_TARGET_GENES	-1.303	0.750	0.558	2.162	0.269	-2.297	1.226	-0.961	-0.961	1.226	-0.965
MIR4645_3P MIR4645_3P	2.468	-0.634	-0.868	0.763	-0.312	-3.371	0.419	0.763	1.221	-0.634	-0.872
MIR1243 MIR1243	-0.301	2.039	0.302	0.478	-1.712	-0.301	1.642	-0.489	-1.712	-1.712	0.968
MCM2_TARGET_GENES MCM2_TARGET_GENES	-1.643	0.558	2.391	1.999	-2.289	-0.558	0.382	-0.558	-0.819	0.558	-0.370
MIR513C_5P MIR513C_5P	0.561	0.561	-0.497	1.986	-0.647	-0.647	1.986	1.261	-2.358	-1.300	-1.306
SGCGSSAAA_E2F1DP2_01 SGCGSSAAA_E2F1DP2_01	-0.441	-0.751	0.789	1.164	-0.751	-1.827	4.171	0.493	-0.328	-0.581	-1.496
MIR499A_3P MIR499A_3P	0.789	-0.581	0.631	0.375	0.375	-0.957	0.493	4.171	-1.827	-0.957	-1.496
MIR4300 MIR4300	1.793	0.785	1.076	0.541	-0.260	-1.606	0.346	-1.063	-2.446	-0.691	0.539
MAPK3_TARGET_GENES MAPK3_TARGET_GENES	0.702	-0.887	-0.266	1.517	-0.266	-0.887	1.858	0.938	-1.739	0.339	-2.405
MIR4728_3P MIR4728_3P	0.368	0.883	0.512	1.647	-0.702	-0.702	1.365	1.110	-0.950	-2.132	-2.138
MIR183_3P MIR183_3P	1.030	-0.573	-1.632	-0.725	-1.354	-0.342	2.393	1.874	1.216	-0.903	-1.118
MIR6843_3P MIR6843_3P	1.567	0.257	0.390	-0.521	-0.750	-1.053	1.265	0.257	0.390	0.996	-3.658
CRGAARNNNNCGA_UNKNOWN CRGAARNNNNCGA_UNKNOWN	-1.906	-0.411	0.389	0.920	-1.906	-0.228	0.625	2.642	-0.228	-0.702	-0.229
MIR548AV_3P MIR548AV_3P	0.959	-0.717	0.285	1.835	-0.318	-2.495	0.633	1.360	0.633	-2.495	-0.722
CCAGGTT_MIR490 CCAGGTT_MIR490	-2.653	-0.329	1.206	1.206	0.440	-0.329	0.907	-0.527	-1.211	-1.211	1.202
MIR302A_5P MIR302A_5P	0.753	-0.559	0.277	1.511	-0.897	-2.385	2.263	1.295	-1.658	-0.326	-0.718
MIR6744_3P MIR6744_3P	-0.527	0.275	0.440	-2.653	-0.527	-1.783	0.907	1.548	-0.329	1.548	0.273
ZNF239_TARGET_GENES ZNF239_TARGET_GENES	1.934	0.403	-0.430	0.681	-1.450	-1.450	1.031	-0.218	-0.218	0.403	-1.453
MIR654_3P MIR654_3P	0.966	-0.397	1.557	-0.864	0.353	-3.318	0.725	-0.255	-1.225	-0.255	0.962
MIR499B_3P MIR499B_3P	0.755	-0.607	0.602	0.469	0.355	-0.991	0.469	4.069	-1.533	-0.991	-1.540
MIR3921 MIR3921	1.175	-2.636	2.542	0.470	0.470	-1.093	-0.360	1.175	-0.360	-1.093	-0.855
MIR4757_5P MIR4757_5P	-0.315	0.288	-0.315	-2.612	-0.507	-1.747	0.939	1.594	-0.315	1.594	0.286
PIAS4_TARGET_GENES PIAS4_TARGET_GENES	-0.527	1.930	2.810	0.440	-1.211	-1.783	-0.329	0.651	-0.527	-0.527	-0.813
MIR1273H_5P MIR1273H_5P	-0.309	1.513	0.767	1.301	-0.843	-1.548	0.497	1.742	-0.843	-0.527	-2.634
MIR147A MIR147A	0.971	-2.570	-0.301	0.478	-0.489	-1.151	2.039	0.971	-1.151	0.302	0.300
MIR6742_3P MIR6742_3P	0.412	0.576	1.544	-0.324	-0.475	-2.994	1.256	-0.940	-1.709	0.772	0.573
MIR2467_3P MIR2467_3P	0.956	1.623	-1.029	-0.621	-1.612	-1.296	-0.348	3.129	-0.621	-0.621	0.611
MIR3689A_3P_MIR3689B_3P_MIR3689C MIR3689A_3P_MIR3689B_3P_MIR3689C	-0.405	1.408	0.820	0.997	-0.533	-1.099	0.523	1.642	-0.876	-0.405	-3.494
GTTNYYNNGGTNA_UNKNOWN GTTNYYNNGGTNA_UNKNOWN	-1.933	0.267	1.024	0.783	-0.730	-0.730	1.945	1.299	0.405	-0.730	-1.938
TGTATGA_MIR4853P TGTATGA_MIR4853P	-1.543	-0.319	0.660	1.018	-0.580	-0.435	2.586	1.711	-0.974	-1.908	-0.584
EMX1_TARGET_GENES EMX1_TARGET_GENES	0.278	-0.550	-0.325	0.894	-1.078	-1.590	2.186	3.050	-0.873	-0.427	-1.084
MIR5009_5P MIR5009_5P	2.341	-0.645	-1.005	1.504	-1.005	-0.645	1.504	-0.234	0.380	-1.536	-0.647
MIR30B_3P MIR30B_3P	-0.415	1.384	0.803	0.978	-0.545	-1.117	0.510	1.615	-0.892	-0.309	-3.526
MIR342_3P MIR342_3P	0.515	-2.445	1.088	0.263	-0.885	-0.482	3.289	0.376	0.376	-1.507	-0.345
MIR1276 MIR1276	2.417	-1.117	-2.050	1.384	-0.703	-1.691	0.392	1.171	0.510	-0.545	0.290
MIR4653_5P MIR4653_5P	1.128	-2.697	2.463	0.445	0.583	-1.132	-0.380	1.128	-0.380	-0.885	-0.890
AR_03 AR_03	0.815	-1.034	0.815	-0.668	-1.571	-0.668	-0.416	0.815	2.277	-1.571	0.812
MIR4423_3P MIR4423_3P	2.171	0.282	-1.368	1.093	-1.739	-1.739	-0.610	1.586	-0.448	0.534	0.280
GAGCCTG_MIR484 GAGCCTG_MIR484	0.649	-0.790	-0.790	-0.568	-1.074	-0.568	3.057	-1.888	1.631	0.477	0.333
MIR1825 MIR1825	0.758	0.936	0.463	1.135	-2.454	-0.822	0.758	1.594	-0.635	-0.635	-2.019
MIR4724_3P MIR4724_3P	2.638	-0.266	-1.252	1.210	-0.887	-0.887	1.517	0.502	-0.412	-0.887	-1.256
MIR7158_5P MIR7158_5P	0.937	-0.454	-0.288	2.312	-0.454	-0.688	0.315	1.224	-2.986	-0.454	-0.456
MIR4499 MIR4499	1.008	0.322	-1.033	1.008	-1.033	-1.033	1.803	2.119	-0.773	-1.033	-1.038
MIR302D_5P MIR302D_5P	-0.843	-0.407	0.767	0.293	-0.672	0.623	3.790	0.767	-1.044	-0.527	-2.225
MIR4701_5P MIR4701_5P	-1.635	1.193	-1.276	0.969	-0.551	-1.635	-0.743	0.969	0.969	-0.551	1.707
GGCNKCCATNK_UNKNOWN GGCNKCCATNK_UNKNOWN	0.413	-0.828	0.938	2.329	0.291	-0.443	1.698	0.291	-1.098	-1.843	-1.437
MIR4302 MIR4302	0.595	-0.743	0.595	1.442	-2.604	-0.282	0.595	0.769	0.769	-2.604	-0.284
MIR433_3P MIR433_3P	2.974	-0.373	-2.896	0.612	0.341	-0.373	0.465	0.783	-0.373	-1.486	-0.376
