GO	[-5.41 -0.81]	[-0.81 -0.35]	[-0.35 -0.01]	[-0.01 0.00]	[0.00 0.00]	[0.00 0.00]	[0.00 0.00]	[0.00 0.03]	[0.03 0.42]	[0.42 1.02]	[1.02 5.77]
MIR4684_3P MIR4684_3P	-0.432	-0.219	0.681	-1.460	-0.801	1.459	1.035	-1.460	-0.801	-0.801	2.527
MIR4436A MIR4436A	-0.665	2.709	-0.248	-0.665	-0.665	-0.665	-0.665	1.947	-0.248	0.762	-0.659
SGCGSSAAA_E2F1DP2_01 SGCGSSAAA_E2F1DP2_01	-2.345	-1.517	0.396	-0.628	2.944	0.396	0.396	0.231	-0.987	0.231	1.220
MIR6797_5P MIR6797_5P	0.230	0.452	-1.376	1.588	-0.738	-1.376	1.588	0.755	0.230	0.230	-1.364
HEN1_02 HEN1_02	-0.280	-0.280	-1.166	0.323	-0.280	2.586	1.439	-0.582	-1.166	-1.166	0.616
MIR7157_3P MIR7157_3P	-0.681	0.409	-0.394	2.759	-0.681	-0.681	0.655	-1.880	1.754	-0.681	-0.387
MIR3974 MIR3974	0.235	-0.379	-0.873	-0.873	-0.873	2.047	1.441	-0.873	0.235	0.932	-0.374
MIR5699_3P MIR5699_3P	-0.273	0.706	0.706	3.382	-0.706	-0.273	-0.273	-0.706	-0.273	-0.706	-0.700
MIR490_3P MIR490_3P	0.187	-0.457	-0.457	1.880	0.578	1.880	-0.457	-0.457	-0.457	-0.457	-0.453
