GO	[-8.51 -0.57]	[-0.57 -0.44]	[-0.44 -0.21]	[-0.21 -0.10]	[-0.10 -0.02]	[-0.02 0.00]	[0.00 0.07]	[0.07 0.17]	[0.17 0.33]	[0.33 0.85]	[0.85 8.56]
MIR6715B_3P MIR6715B_3P	-0.331	-2.219	0.273	2.455	3.550	-3.442	-0.331	1.068	-0.831	-1.767	0.522
MIR371A_5P MIR371A_5P	-0.762	-2.581	0.737	2.279	1.748	-1.193	2.279	-1.193	0.591	0.353	-3.637
MIR7161_5P MIR7161_5P	-0.371	-2.520	0.830	6.369	0.426	-1.772	0.678	-0.371	-0.786	-0.278	-1.199
MIR4255 MIR4255	-2.028	-1.101	2.452	3.420	0.402	-2.443	-0.878	1.193	0.661	-0.690	-0.872
MIR132_3P MIR132_3P	-1.772	-1.468	0.325	2.377	3.970	-2.978	-0.278	0.426	0.325	-0.371	-0.480
MIR5100 MIR5100	-2.198	-1.227	-0.301	3.532	0.817	-0.447	1.617	-0.301	0.301	-2.921	0.303
MIR1244 MIR1244	0.558	-0.696	-0.696	2.529	-0.336	-1.304	0.749	1.820	-4.070	0.398	-0.488
MIR4753_5P MIR4753_5P	-1.509	-0.994	0.564	3.122	2.802	-3.136	-0.270	-0.480	-0.363	0.564	-0.786
MIR199B_5P MIR199B_5P	-0.278	-3.166	1.026	1.915	1.435	-3.166	1.026	0.551	0.326	-0.806	-0.801
ACTGCAG_MIR173P ACTGCAG_MIR173P	-0.668	0.543	0.543	3.134	1.717	-2.673	0.270	0.392	0.270	-2.072	-1.589
MIR199A_5P MIR199A_5P	-0.285	-3.196	1.007	1.885	1.410	-3.196	1.007	0.539	0.317	-0.647	-0.816
MIR212_3P MIR212_3P	-1.408	-1.408	0.262	2.199	3.753	-2.892	0.262	0.457	0.351	-0.344	-0.580
MIR5703 MIR5703	1.864	-2.955	0.646	1.171	0.392	-3.519	0.510	-0.546	0.392	-0.894	1.178
MIR148A_5P MIR148A_5P	-1.384	-1.384	3.564	1.767	0.775	-2.289	0.594	-0.418	0.311	-0.792	-0.579
MIR4434 MIR4434	1.642	-2.925	0.819	0.996	0.402	-3.487	0.522	-0.534	0.402	-0.878	1.200
MIR4436B_5P MIR4436B_5P	-1.016	-1.633	2.070	2.378	1.783	-1.016	-0.320	-0.320	-0.320	0.283	-2.509
MIR520E_5P MIR520E_5P	-1.830	-2.226	0.788	2.752	0.788	-2.226	0.788	0.276	1.163	-0.328	-0.748
MIR548AV_3P MIR548AV_3P	-1.193	-2.154	1.289	0.902	3.204	-2.581	0.463	0.463	-0.458	-0.762	0.466
MIR4418 MIR4418	-0.735	-1.232	0.310	1.882	3.576	-0.959	0.310	1.353	-0.735	-1.560	-1.226
MIR548AY_3P MIR548AY_3P	-1.006	-2.364	0.379	0.845	3.342	-0.399	1.151	0.379	-1.006	-0.399	-1.003
MIR154_3P MIR154_3P	-1.029	-1.829	0.508	0.897	3.600	-2.400	-1.029	-0.373	0.508	0.508	0.511
MIR548AT_3P MIR548AT_3P	-1.093	-2.489	0.330	1.039	3.101	-0.452	1.039	0.519	-1.093	-0.452	-0.712
AACATTC_MIR4093P AACATTC_MIR4093P	-2.119	-1.074	1.433	1.433	-0.350	-1.074	0.796	-2.609	0.986	1.433	-0.347
MIR509_5P MIR509_5P	-1.046	-1.602	0.327	1.725	3.555	-0.375	0.561	0.706	-0.648	-2.361	-0.644
MIR4649_3P MIR4649_3P	-0.753	-0.598	1.373	1.588	0.547	-3.816	-0.272	-1.394	2.066	0.333	-0.464
MIR4711_3P MIR4711_3P	0.502	0.502	-1.253	0.339	1.517	-1.740	-1.253	-2.401	0.502	1.858	0.705
MIR522_3P MIR522_3P	-0.278	-2.665	0.850	0.691	1.915	-2.231	2.181	-1.011	0.326	-0.634	-0.275
MIR509_3_5P MIR509_3_5P	-1.028	-1.580	0.336	1.754	3.250	-0.366	0.574	0.722	-0.635	-2.334	-0.630
MIR142_3P MIR142_3P	-0.733	-3.015	0.939	3.289	0.276	-0.733	-0.327	0.372	1.561	-0.570	-1.149
MIR487A_3P MIR487A_3P	-1.052	-1.408	0.492	0.873	3.538	-2.434	-1.052	-0.385	0.492	0.492	0.495
MIR634 MIR634	0.596	-0.711	-1.005	1.645	3.206	-1.005	0.596	-1.902	-1.392	0.278	0.280
TAATGTG_MIR323 TAATGTG_MIR323	-1.781	-1.447	0.395	2.832	1.674	-1.163	1.431	-0.723	0.395	-0.923	-0.416
MIR548U MIR548U	-0.339	-2.400	0.975	4.722	-0.339	-1.012	0.629	-0.459	-0.791	0.266	-0.604
MIR624_5P MIR624_5P	-1.121	-0.830	-0.424	2.562	2.562	-0.830	0.312	-0.291	0.447	0.312	-2.528
MIR1537_5P MIR1537_5P	0.262	-1.508	0.870	1.597	2.204	0.262	-1.165	0.376	0.376	-0.483	-3.081
MIR4511 MIR4511	-1.469	-1.183	3.124	0.645	0.284	-0.569	1.645	0.805	-1.469	0.284	-1.462
MIR224_3P MIR224_3P	-0.392	-2.721	0.816	0.662	1.856	-1.903	2.117	-0.837	0.409	-0.837	0.312
MIR2116_5P MIR2116_5P	-0.818	-1.683	0.369	4.104	1.008	-2.091	-0.623	0.369	-0.623	0.369	0.499
MIR3663_5P MIR3663_5P	1.365	-2.156	-0.316	-1.363	1.762	-1.363	1.017	0.286	0.720	-0.316	-0.532
MIR5001_5P MIR5001_5P	1.955	-2.388	1.697	-0.510	-0.846	-1.064	-0.846	-1.064	0.423	1.697	0.696
MIR6814_5P MIR6814_5P	3.320	-1.705	-0.738	0.646	0.344	-1.705	0.838	0.838	0.481	-1.310	-0.734
MIR4782_3P MIR4782_3P	0.410	-0.728	-0.301	1.513	0.540	-4.125	2.348	-0.940	0.301	0.301	-0.410
MIR6766_3P MIR6766_3P	0.421	-0.713	-0.292	1.541	0.421	-4.089	2.385	-0.922	0.310	0.310	-0.399
MIR762 MIR762	2.313	-1.762	1.777	-0.747	-0.943	-0.943	-0.747	-1.446	0.604	1.312	0.609
MIR219A_5P MIR219A_5P	0.527	-0.567	-0.310	1.486	0.399	-4.161	2.311	-0.958	0.292	0.292	-0.421
MIR1301_5P MIR1301_5P	1.365	-0.865	-0.865	-0.535	2.205	1.365	0.286	0.720	-1.363	-1.363	-0.862
ATAGGAA_MIR202 ATAGGAA_MIR202	-0.260	-0.771	0.667	1.373	2.712	-1.859	0.873	0.346	-0.771	-1.859	-0.767
MIR619_5P MIR619_5P	-0.407	-0.407	2.837	0.426	0.728	-2.427	-1.232	0.728	1.353	-1.232	-0.731
GTCTTCC_MIR7 GTCTTCC_MIR7	-1.302	-0.277	-0.498	5.111	0.561	-1.953	-0.375	0.561	0.327	-0.498	-0.644
MIR3614_3P MIR3614_3P	-0.301	-1.152	-0.489	2.952	-0.301	0.478	1.641	-1.713	-0.762	-1.152	0.705
MIR22_5P MIR22_5P	-1.363	-2.609	-0.478	1.966	0.482	-0.835	-0.638	2.582	0.257	0.257	0.632
MIR4481 MIR4481	-0.342	0.504	-0.342	1.524	1.524	-4.331	-0.641	-0.849	-0.342	0.660	0.508
GAGCCAG_MIR149 GAGCCAG_MIR149	0.597	-1.408	-2.670	1.628	1.151	-1.758	-0.267	0.760	0.944	0.457	-0.663
MIR433_3P MIR433_3P	-0.703	-1.900	0.955	3.681	0.955	-0.703	0.451	-0.526	0.451	-1.189	-0.917
MIR6715A_3P MIR6715A_3P	-1.202	-0.958	-0.328	0.493	3.081	-0.958	0.630	1.381	-0.582	-2.226	0.635
MIR6808_3P MIR6808_3P	-0.574	-1.700	-0.318	0.783	1.535	-1.700	-0.574	0.285	1.129	-0.574	1.133
ACACTGG_MIR199A_MIR199B ACACTGG_MIR199A_MIR199B	-0.276	-0.856	1.090	0.896	0.571	-3.666	1.090	-0.856	1.538	-0.378	-0.851
MIR6502_5P MIR6502_5P	1.319	-0.893	-0.893	-0.556	2.140	1.319	0.272	0.692	-1.397	-1.397	-0.554
MIR8057 MIR8057	-0.982	-1.364	0.615	1.686	1.367	0.435	0.615	0.435	0.435	-1.869	-1.863
MIR1825 MIR1825	0.292	-0.556	2.515	2.832	0.660	-1.781	-0.723	-0.723	-0.310	-0.556	-1.157
MIR34B_3P MIR34B_3P	-0.357	-1.650	0.683	1.364	2.287	-0.951	-0.508	1.110	0.251	-2.134	-0.505
MIR603 MIR603	0.392	-0.546	2.417	0.392	0.510	-2.470	1.171	0.977	-1.119	-0.415	-1.685
MIR6512_5P MIR6512_5P	-0.312	-0.829	0.561	3.054	0.561	-1.433	1.165	-0.613	-2.352	-0.443	0.416
MIR374B_3P MIR374B_3P	2.227	-2.639	0.349	0.470	1.658	-1.733	-0.360	-0.490	0.349	0.613	-0.847
MIR6501_3P MIR6501_3P	0.742	-1.783	2.462	-0.515	1.127	-0.887	-0.275	1.599	-1.430	-0.887	-0.512
MIR6720_5P MIR6720_5P	-0.486	-0.656	0.255	0.255	1.765	-0.486	-2.278	-1.440	2.373	1.246	-0.483
MIR618 MIR618	-2.144	-0.314	-0.314	1.817	1.467	-1.065	-0.488	1.817	-0.488	-1.065	0.290
AAGGGAT_MIR188 AAGGGAT_MIR188	-1.091	-1.091	0.428	-0.753	3.484	-1.549	-0.506	1.427	0.428	0.276	-0.325
MIR320A_5P MIR320A_5P	1.993	-1.238	0.380	-0.493	1.993	-0.930	-2.103	0.905	-0.346	-0.930	0.530
MIR561_5P MIR561_5P	-3.463	-0.320	1.458	1.017	1.458	-0.759	1.017	-0.976	-0.320	-0.436	-0.432
MIR6512_3P MIR6512_3P	-0.448	-0.611	-0.321	0.282	1.585	-0.448	-2.190	-1.370	2.497	1.327	-0.607
MIR337_3P MIR337_3P	-0.645	-1.143	-0.333	0.388	4.637	-1.483	0.530	0.530	-0.645	0.388	-0.862
MIR4445_5P MIR4445_5P	-0.555	0.941	0.941	1.200	0.941	-0.792	0.941	-2.734	-0.555	-1.506	-0.246
