GO	[-10.12 -0.99]	[-0.99 -0.56]	[-0.56 -0.26]	[-0.26 0.00]	[0.00 0.00]	[0.00 0.00]	[0.00 0.05]	[0.05 0.35]	[0.35 0.75]	[0.75 1.94]	[1.94 11.51]
KRCTCNNNNMANAGC_UNKNOWN KRCTCNNNNMANAGC_UNKNOWN	0.250	3.150	1.458	0.604	-2.736	-2.736	-0.566	-0.566	-1.854	-0.859	2.678
MIR7974 MIR7974	-0.750	-1.965	2.261	0.557	-1.447	-2.656	-1.447	0.759	0.759	0.390	2.661
GCCNNNWTAAR_UNKNOWN GCCNNNWTAAR_UNKNOWN	0.292	0.526	-0.956	1.482	-0.567	-4.153	-1.881	0.292	0.399	1.036	2.313
MIR6724_5P MIR6724_5P	-0.434	0.457	-0.434	-0.434	-0.953	-0.434	0.200	-0.953	1.835	-0.953	3.192
MIR1343_5P MIR1343_5P	0.458	0.787	-0.388	0.458	-3.224	-1.608	-0.726	1.469	-0.726	0.331	2.373
MIR6773_5P MIR6773_5P	-0.524	0.858	-0.283	-0.925	-0.925	-0.925	-0.524	-0.283	0.858	-0.925	4.632
GATA_Q6 GATA_Q6	0.559	-0.457	-1.371	0.842	0.559	-1.651	-1.128	-0.918	-0.585	0.692	4.266
EVI1_01 EVI1_01	-0.663	0.762	-0.663	-0.247	-0.663	-0.247	-0.663	-0.663	-0.247	0.762	3.560
MIR939_5P MIR939_5P	0.331	0.990	-0.273	0.458	-3.224	-1.608	-0.726	0.990	-0.537	0.458	2.051
