GO	[-4.93 -0.54]	[-0.54 -0.26]	[-0.26 -0.14]	[-0.14 -0.04]	[-0.04 0.00]	[0.00 0.03]	[0.03 0.13]	[0.13 0.28]	[0.28 0.54]	[0.54 1.07]	[1.07 6.79]
KRAS.LUNG.BREAST_UP.V1_UP KRAS.LUNG.BREAST_UP.V1_UP	1.524	0.283	-4.690	-0.785	0.524	3.441	-2.523	-2.040	-1.018	0.855	2.378
CTIP_DN.V1_UP CTIP_DN.V1_UP	2.344	-0.499	-3.556	-4.418	0.629	1.225	-0.499	-1.850	0.478	-0.362	3.793
ESC_J1_UP_LATE.V1_UP ESC_J1_UP_LATE.V1_UP	-0.309	-1.621	-3.889	-0.869	-0.411	0.504	-0.869	0.504	-1.331	3.266	5.518
MEL18_DN.V1_DN MEL18_DN.V1_DN	0.927	-1.787	-1.787	-1.787	-1.433	-0.888	-0.888	-0.515	2.164	1.875	4.721
MEK_UP.V1_UP MEK_UP.V1_UP	1.307	-1.048	-1.283	-1.555	-1.283	-2.226	-1.048	0.293	1.521	2.541	3.133
HOXA9_DN.V1_UP HOXA9_DN.V1_UP	-2.555	0.317	-0.998	-0.380	-2.151	-2.151	1.171	1.374	0.817	0.817	2.632
PTEN_DN.V1_UP PTEN_DN.V1_UP	1.323	-1.351	-2.815	-1.980	1.121	-0.318	0.285	-0.702	-0.549	1.323	2.889
NOTCH_DN.V1_DN NOTCH_DN.V1_DN	1.162	-0.402	-2.316	-1.932	-0.301	0.400	-1.599	-0.301	0.400	0.973	3.292
KRAS.KIDNEY_UP.V1_DN KRAS.KIDNEY_UP.V1_DN	0.629	-0.886	-1.466	-1.148	-0.362	1.739	-0.672	-0.886	-0.886	2.030	2.021
