GO	[-4.68 -0.45]	[-0.45 -0.21]	[-0.21 -0.12]	[-0.12 -0.05]	[-0.05 0.00]	[0.00 0.00]	[0.00 0.07]	[0.07 0.17]	[0.17 0.34]	[0.34 0.73]	[0.73 6.53]
MORF_PRKDC MORF_PRKDC	-3.796	1.012	4.115	4.893	1.650	-4.479	5.305	0.541	-3.796	-7.565	-7.583
MORF_RFC4 MORF_RFC4	-3.306	3.916	3.916	4.747	0.928	-4.930	3.916	-0.888	-6.132	-6.132	-4.042
MORF_NPM1 MORF_NPM1	-6.469	-1.995	-0.348	0.259	1.896	-1.995	6.525	10.919	-0.348	-4.322	-6.485
MORF_PPP1CC MORF_PPP1CC	-5.521	1.440	6.039	6.039	0.396	-3.180	3.921	-1.167	-1.167	-6.764	-5.536
MORF_ANP32B MORF_ANP32B	-6.675	-0.278	0.680	4.007	2.122	-3.520	8.838	1.005	-0.623	-4.834	-8.007
GNF2_EIF3S6 GNF2_EIF3S6	-3.725	-2.922	-1.058	-0.291	3.585	-2.922	4.943	10.771	-0.291	-4.831	-4.843
MORF_ACTG1 MORF_ACTG1	-5.544	-1.825	-0.657	-0.487	1.252	-1.825	6.167	12.078	0.362	-4.383	-5.557
MORF_TPT1 MORF_TPT1	-4.119	-4.119	-1.332	-0.715	1.199	-2.337	5.766	13.116	0.385	-2.337	-4.129
MORF_RAD21 MORF_RAD21	-4.233	0.499	1.367	4.871	2.114	-5.997	5.288	1.598	-2.086	-4.233	-7.287
MORF_HAT1 MORF_HAT1	-5.798	0.876	3.583	11.322	1.492	-4.840	1.267	-1.049	-1.049	-4.840	-4.073
MORF_G22P1 MORF_G22P1	-5.600	-0.442	1.627	7.858	1.627	-2.699	5.024	0.633	-1.836	-4.654	-6.865
MORF_CDC10 MORF_CDC10	-3.884	-0.340	5.451	2.315	1.729	-4.773	2.640	2.640	-2.097	-5.964	-5.979
MORF_EIF4A2 MORF_EIF4A2	-4.422	-1.852	1.003	2.033	1.741	-2.874	5.124	7.130	-2.874	-3.559	-5.600
MORF_AP3D1 MORF_AP3D1	-5.166	-0.524	0.473	2.778	2.426	-4.034	7.449	1.509	-0.945	-4.034	-5.179
MORF_DNMT1 MORF_DNMT1	-3.687	1.811	2.129	6.576	1.011	-2.263	3.229	-0.775	-4.789	-4.789	-3.697
MORF_DAP3 MORF_DAP3	-3.333	0.285	1.546	5.924	1.122	-4.620	4.294	1.784	-1.645	-3.333	-7.753
MORF_RPA2 MORF_RPA2	-6.316	0.993	1.623	2.133	3.026	-3.829	4.839	1.869	-3.241	-3.829	-4.530
GNF2_FBL GNF2_FBL	-4.734	-0.330	2.047	0.837	3.029	-3.139	2.681	4.190	-0.610	-5.922	-5.937
MORF_CTBP1 MORF_CTBP1	-4.580	-0.310	0.396	3.547	2.533	-3.817	6.998	0.826	-0.420	-3.817	-6.780
MORF_RRM1 MORF_RRM1	-4.161	1.445	2.442	6.816	0.924	-2.371	3.243	-1.803	-3.115	-4.161	-3.124
MORF_RAD23B MORF_RAD23B	-2.907	0.310	0.678	3.492	2.212	-7.143	4.629	1.937	-1.653	-1.347	-7.160
MORF_NME2 MORF_NME2	-5.008	-1.480	-0.714	0.888	1.550	-2.266	6.470	8.025	-0.714	-2.266	-5.022
GCM_MYST2 GCM_MYST2	-2.343	1.291	5.652	4.795	0.336	-5.758	0.576	1.519	-1.286	-2.817	-7.034
MORF_EI24 MORF_EI24	-3.703	0.311	1.359	4.863	1.359	-5.754	7.333	-0.407	-1.564	-3.006	-3.715
MORF_PPP2CA MORF_PPP2CA	-4.034	-0.263	0.629	3.967	3.153	-5.166	4.405	1.018	-1.235	-3.203	-5.179
GCM_ACTG1 GCM_ACTG1	-4.873	-0.430	0.578	1.739	2.742	-2.326	3.528	4.872	-2.326	-3.764	-4.885
MORF_RAB1A MORF_RAB1A	-3.928	-0.549	0.285	0.938	1.784	-5.439	5.924	4.294	0.771	-2.819	-6.453
MODULE_92 MODULE_92	-0.320	-2.042	-1.638	-5.880	-0.442	11.157	-3.106	-2.042	-0.786	2.393	3.431
GNF2_RAN GNF2_RAN	-3.534	1.086	5.337	7.802	0.435	-1.872	-0.692	0.289	-3.534	-2.552	-3.542
MORF_UBE2N MORF_UBE2N	-3.868	-0.418	3.229	6.917	0.472	-2.851	2.804	0.325	-1.595	-3.868	-3.877
GNF2_DAP3 GNF2_DAP3	-4.747	-0.757	2.170	1.280	1.280	-2.232	1.280	7.229	-1.015	-3.649	-4.759
GNF2_RRM1 GNF2_RRM1	-2.627	3.617	1.611	6.930	0.785	-2.627	0.785	-1.031	-2.627	-3.617	-3.626
GCM_TPT1 GCM_TPT1	-2.741	-1.858	-1.858	-1.273	0.405	-0.860	4.230	11.398	0.405	-2.741	-1.863
MORF_PTPN11 MORF_PTPN11	-3.267	0.462	3.878	5.882	0.631	-2.507	2.624	-0.411	-2.507	-4.328	-3.276
GNF2_HDAC1 GNF2_HDAC1	-3.229	0.852	4.910	1.637	1.346	-4.286	1.637	1.346	-2.473	-3.229	-4.297
GCM_APEX1 GCM_APEX1	-3.419	-0.652	0.744	3.205	1.761	-2.644	3.628	3.205	-2.046	-3.419	-4.507
GCM_NPM1 GCM_NPM1	-3.457	-0.911	-0.479	0.270	0.932	-1.599	4.010	10.274	-0.669	-3.457	-3.467
MORF_PPP1CA MORF_PPP1CA	-3.817	-0.926	0.826	3.191	1.684	-4.580	5.583	1.684	-0.926	-1.167	-5.536
MODULE_289 MODULE_289	0.700	-3.062	-0.646	-3.062	-0.868	7.247	-3.879	-1.906	-0.469	0.272	7.224
MORF_FBL MORF_FBL	-3.559	-0.363	1.472	3.814	2.347	-2.315	5.598	-0.256	-2.315	-2.874	-4.434
MORF_PSMC1 MORF_PSMC1	-4.444	-0.373	0.694	2.197	1.928	-4.444	4.948	3.106	-1.255	-1.863	-4.459
MORF_MAP2K2 MORF_MAP2K2	-3.274	-0.552	-0.552	3.441	0.972	-3.274	9.014	0.446	-0.400	-1.280	-5.263
GNF2_SMC4L1 GNF2_SMC4L1	-3.450	3.417	2.961	4.955	0.468	-2.478	0.468	-0.653	-1.310	-3.450	-3.459
GCM_CSNK2B GCM_CSNK2B	-2.889	-1.204	0.633	1.357	0.842	-2.889	6.815	3.614	-1.204	-2.889	-3.919
GNF2_RBBP6 GNF2_RBBP6	-2.908	1.000	4.434	3.368	1.301	-2.908	-0.422	1.000	-2.908	-2.908	-2.915
MORF_RAF1 MORF_RAF1	-4.454	-0.451	2.479	3.261	0.980	-3.381	3.261	0.764	-0.312	-3.381	-4.465
MORF_ERH MORF_ERH	-4.580	-0.345	1.141	3.946	2.342	-2.107	3.946	0.380	-1.240	-2.713	-4.591
MORF_EIF3S6 MORF_EIF3S6	-3.841	-0.849	0.281	1.143	2.648	-1.461	5.716	2.298	-0.456	-3.841	-4.969
MORF_RAD54L MORF_RAD54L	-1.773	2.126	3.746	1.788	1.479	-3.077	2.126	-0.506	-2.337	-4.119	-4.129
GNF2_APEX1 GNF2_APEX1	-3.659	1.269	7.455	2.274	0.761	-1.970	0.256	-0.351	-0.752	-3.659	-3.668
MORF_PRKAR1A MORF_PRKAR1A	-3.006	-0.736	-0.553	0.311	1.615	-3.006	5.798	5.798	-0.292	-1.960	-4.590
GNF2_PA2G4 GNF2_PA2G4	-2.294	2.005	2.827	4.841	1.644	-1.173	-0.368	-0.559	-3.242	-3.242	-3.249
GCM_DDX5 GCM_DDX5	-2.574	1.645	1.287	2.961	2.484	-2.574	2.044	-1.153	-2.574	-2.574	-2.581
MORF_JUND MORF_JUND	-2.616	-2.616	-1.750	0.677	1.598	-1.183	2.889	7.139	-0.315	-1.750	-2.622
MORF_PCNA MORF_PCNA	-3.325	0.726	4.132	4.665	1.247	-2.367	0.521	-0.596	-0.866	-3.325	-3.333
MORF_TERF2IP MORF_TERF2IP	-3.534	0.252	0.885	2.298	3.043	-4.621	1.963	1.114	0.252	-2.138	-4.633
GCM_DFFA GCM_DFFA	-1.563	0.831	3.604	4.469	0.487	-3.995	-0.365	1.540	-0.695	-2.517	-5.137
MODULE_244 MODULE_244	-3.149	2.230	4.213	3.486	-0.269	-6.196	0.709	0.335	-0.363	-2.648	-1.849
MORF_PSMC2 MORF_PSMC2	-2.201	-0.381	0.647	0.841	2.563	-4.705	6.202	0.841	-0.537	-2.201	-3.621
GNF2_CCNA2 GNF2_CCNA2	-2.783	1.782	2.182	4.714	1.099	-1.893	0.820	-0.885	-1.893	-2.783	-2.789
MORF_CCNI MORF_CCNI	-3.576	-1.905	0.809	1.651	1.056	-1.394	4.700	2.375	-0.489	-2.590	-3.584
GNF2_PCNA GNF2_PCNA	-2.783	4.714	0.820	4.141	1.099	-1.893	0.582	-1.303	-1.893	-1.893	-2.789
MORF_PAPSS1 MORF_PAPSS1	-1.863	-0.260	1.112	1.997	2.347	-4.245	3.557	0.876	-1.053	-2.439	-4.255
GCM_MLL GCM_MLL	-3.372	1.765	1.765	4.390	0.894	-5.758	0.894	0.725	-1.031	-0.816	-4.038
GCM_RAB10 GCM_RAB10	-2.086	-0.318	3.713	2.702	0.963	-5.026	2.114	1.367	-0.912	-2.086	-4.248
MORF_CUL1 MORF_CUL1	-2.824	-0.911	1.380	2.556	0.561	-2.824	4.053	1.734	-1.930	-1.334	-2.831
GNF2_ST13 GNF2_ST13	-2.616	-1.183	-0.787	-0.315	1.598	-0.787	4.512	5.121	-0.508	-2.616	-2.622
MORF_ESPL1 MORF_ESPL1	-2.449	1.077	1.415	4.923	1.797	-1.608	1.077	-1.608	-1.608	-2.449	-2.455
MODULE_152 MODULE_152	-3.062	-0.469	-0.646	0.700	0.531	-1.487	9.023	0.895	0.700	-1.145	-5.011
MORF_BECN1 MORF_BECN1	-2.337	-1.332	0.730	2.126	2.491	-4.119	0.730	3.746	0.385	-2.337	-3.086
GCM_UBE2N GCM_UBE2N	-1.434	1.133	3.159	3.528	0.745	-4.930	-0.516	2.167	-1.137	-2.209	-3.318
GNF2_XRCC5 GNF2_XRCC5	-2.991	0.481	3.725	2.754	1.919	-2.074	0.690	0.314	-2.074	-2.074	-2.998
MORF_TPR MORF_TPR	-4.656	1.306	1.306	2.118	1.555	-5.838	1.306	0.538	0.292	-0.769	-3.083
MORF_TERF1 MORF_TERF1	-2.658	-0.329	1.935	3.316	1.551	-2.658	1.209	0.908	-1.213	-2.658	-2.664
MODULE_375 MODULE_375	0.597	-2.590	0.278	-2.590	-0.711	4.179	-2.590	-1.394	-0.711	-0.325	7.019
GNF2_CENPF GNF2_CENPF	-2.533	1.694	3.035	4.118	0.729	-1.679	0.499	-1.123	-1.123	-2.533	-2.539
GNF2_CCNB2 GNF2_CCNB2	-2.324	2.906	2.413	2.906	0.879	-1.503	0.397	-0.623	-2.324	-2.324	-2.330
MORF_GMPS MORF_GMPS	-2.116	-0.300	1.823	5.192	-0.513	-2.116	3.319	-0.838	-0.513	-2.116	-2.121
GNF2_CDC20 GNF2_CDC20	-2.283	2.482	2.022	3.526	1.235	-1.468	0.245	-0.600	-2.283	-2.283	-2.288
MORF_SMC1L1 MORF_SMC1L1	-2.491	0.520	2.616	6.828	0.520	-1.644	-0.452	-0.273	-0.715	-2.491	-2.497
GCM_PSME1 GCM_PSME1	-2.367	-0.255	0.353	0.726	0.968	-3.325	2.292	5.814	-0.866	-2.367	-2.374
GNF2_RFC3 GNF2_RFC3	-1.700	3.091	2.521	5.094	-0.991	-0.991	-0.574	-0.574	-1.700	-1.700	-1.705
MORF_UNG MORF_UNG	-3.033	0.463	4.173	5.314	0.666	-2.111	-0.301	-0.301	-1.039	-2.111	-2.117
MORF_BUB1B MORF_BUB1B	-1.750	1.989	2.889	3.936	-0.315	-2.616	1.247	-1.183	-2.616	-1.183	-1.755
GNF2_KPNB1 GNF2_KPNB1	-2.908	0.520	6.262	2.884	0.739	-2.002	-0.263	-0.422	-0.962	-1.395	-2.915
GNF2_CDC2 GNF2_CDC2	-2.533	2.102	3.035	3.558	0.316	-1.679	0.729	-0.739	-1.123	-2.533	-2.539
MODULE_62 MODULE_62	-1.905	-0.711	-1.905	0.809	0.278	-1.394	7.038	1.337	1.997	-2.590	-2.597
GCM_ZNF198 GCM_ZNF198	-1.362	1.252	1.518	4.078	0.612	-3.687	-0.567	2.129	-0.775	-1.362	-4.801
GNF2_FEN1 GNF2_FEN1	-2.324	4.617	0.879	1.963	0.613	-1.503	0.879	0.233	-2.324	-2.324	-2.330
GNF2_CKS1B GNF2_CKS1B	-1.534	2.884	4.193	2.884	-0.250	-1.534	-0.861	-0.861	-1.534	-1.534	-1.538
MORF_PPP6C MORF_PPP6C	-3.115	-1.008	0.525	1.445	4.634	-3.115	2.442	1.445	-1.008	-1.358	-2.379
GNF2_RFC4 GNF2_RFC4	-2.491	3.644	2.160	3.111	-0.452	-1.094	0.331	0.331	-1.644	-2.491	-2.497
MORF_DEAF1 MORF_DEAF1	-1.468	-0.600	1.605	2.482	1.235	-1.468	4.107	-0.365	-2.283	-2.283	-2.288
MODULE_124 MODULE_124	-1.654	0.614	2.696	3.109	-0.301	-3.952	1.056	1.324	-0.447	-2.926	-2.935
MORF_CDC16 MORF_CDC16	-2.038	-0.275	1.969	1.969	3.295	-2.038	1.597	-0.275	-0.987	-2.950	-2.957
MORF_FEN1 MORF_FEN1	-1.679	0.499	2.102	4.712	0.499	-1.123	1.329	-0.287	-2.533	-2.533	-2.539
GNF2_MCM4 GNF2_MCM4	-1.398	1.710	1.710	3.709	1.322	-1.398	0.693	-1.398	-2.200	-2.200	-2.205
MODULE_183 MODULE_183	-1.786	0.441	2.819	1.551	3.849	-1.786	0.441	0.275	-1.786	-2.658	-2.664
MORF_BMI1 MORF_BMI1	-3.242	0.382	1.644	1.318	1.644	-1.646	3.285	0.774	-2.294	-2.294	-2.301
MORF_BUB1 MORF_BUB1	-2.075	1.098	2.856	4.642	0.522	-1.295	0.522	-1.295	-2.075	-2.075	-1.299
MORF_MBD4 MORF_MBD4	-1.839	0.451	-0.458	1.733	3.350	-3.492	2.900	0.859	-0.672	-2.515	-2.523
GNF2_KISS1 GNF2_KISS1	-0.411	-0.228	-1.158	-1.908	-1.158	11.045	-1.908	-1.158	0.389	-0.228	0.387
MODULE_122 MODULE_122	2.513	-0.553	-1.564	-3.703	-0.553	0.917	-3.703	-1.960	0.567	1.893	3.985
GNF2_TPT1 GNF2_TPT1	-1.493	-1.493	-1.493	-0.829	0.985	-0.453	0.985	7.616	0.647	-1.493	-1.496
GNF2_HCK GNF2_HCK	-1.338	-2.515	-0.959	-0.959	-0.301	-3.492	-1.338	2.091	0.859	5.428	1.725
MORF_PHB MORF_PHB	-2.326	-0.430	1.455	1.455	1.455	-3.764	4.403	0.963	-1.411	-1.079	-2.966
MODULE_146 MODULE_146	0.509	-1.031	-0.537	-1.833	-0.373	5.066	-4.203	-1.833	-0.250	-0.373	4.544
MORF_IL4 MORF_IL4	2.197	-1.255	-0.635	-1.863	-1.536	7.654	-2.676	-0.808	-1.536	0.694	1.666
MORF_EIF4E MORF_EIF4E	-1.775	3.023	2.189	1.483	1.180	-3.409	0.680	-0.427	-0.634	-1.775	-3.417
MORF_PRDX3 MORF_PRDX3	-2.441	-0.634	-0.277	5.044	0.912	-2.441	2.591	0.680	-0.277	-1.282	-3.417
GNF2_TDG GNF2_TDG	-1.410	1.080	5.397	3.199	-0.407	-1.410	-0.765	-0.407	-1.410	-1.410	-1.413
MORF_DAP MORF_DAP	-3.158	-0.776	-0.523	1.392	0.413	-3.158	4.461	2.512	0.265	-0.523	-2.227
MORF_CDK2 MORF_CDK2	-2.908	0.520	1.301	3.368	-0.422	-2.908	2.435	1.000	-0.647	-2.002	-2.008
GNF2_DEK GNF2_DEK	-2.324	0.613	4.009	2.413	0.397	-2.324	0.613	0.397	-0.623	-2.324	-2.330
GCM_HBP1 GCM_HBP1	-2.783	0.582	2.182	3.600	-0.374	-2.783	1.099	0.820	-0.586	-1.303	-2.789
GNF2_MLH1 GNF2_MLH1	-1.700	0.784	5.094	3.091	-0.574	-0.991	-0.574	0.502	-1.700	-1.700	-1.705
GNF2_CASP1 GNF2_CASP1	-1.863	-2.439	-0.772	-1.411	-0.385	-3.191	-0.385	3.557	2.725	3.557	-0.262
MORF_SP3 MORF_SP3	-1.173	-0.559	1.644	0.559	3.285	-2.294	3.285	0.559	-1.646	-1.646	-3.249
GNF2_STAT6 GNF2_STAT6	-1.966	-1.966	0.765	-0.251	0.357	-2.866	1.340	4.525	2.073	-1.966	-1.370
GCM_RAN GCM_RAN	-0.585	0.459	3.441	1.062	0.884	-6.555	0.352	2.215	-0.344	-2.056	-2.463
GCM_CBFB GCM_CBFB	-1.966	1.687	0.765	3.968	0.540	-1.966	1.032	0.765	-1.966	-1.966	-2.873
MORF_SNRP70 MORF_SNRP70	-2.408	1.115	-0.247	1.115	1.850	-1.573	1.460	2.283	-1.573	-2.408	-2.414
GNF2_TIMP2 GNF2_TIMP2	-0.650	0.239	-1.091	-1.825	-1.091	9.592	-1.825	-1.091	0.431	0.431	0.429
GCM_GSPT1 GCM_GSPT1	-0.943	0.809	2.495	2.196	1.414	-3.851	0.647	1.414	-1.812	-1.474	-3.865
MORF_RAB5A MORF_RAB5A	-1.595	-1.178	-0.279	0.653	1.113	-3.868	5.189	1.700	-0.418	-0.279	-2.860
MORF_RPA1 MORF_RPA1	-1.679	0.499	2.549	3.035	1.006	-2.533	1.006	0.316	-1.679	-1.679	-2.539
MORF_MTA1 MORF_MTA1	-1.743	0.398	0.751	1.514	0.975	-4.077	4.286	0.975	-1.306	-1.306	-2.311
GNF2_HMMR GNF2_HMMR	-1.950	2.072	1.227	3.701	0.885	-1.192	0.370	-0.431	-1.950	-1.950	-1.955
GNF2_CKS2 GNF2_CKS2	-2.075	2.346	1.465	2.346	0.317	-1.295	1.098	0.317	-2.075	-2.075	-2.080
GNF2_MCM5 GNF2_MCM5	-1.644	0.757	4.816	1.745	1.041	-1.644	0.520	-0.715	-0.715	-2.491	-2.497
GNF2_HPX GNF2_HPX	2.183	-0.611	-1.745	-3.416	-0.448	4.040	-1.066	-1.745	-1.373	0.697	3.220
MORF_MSH2 MORF_MSH2	-2.449	1.415	2.686	1.797	0.542	-1.608	1.077	0.346	-1.065	-2.449	-2.455
GNF2_NPM1 GNF2_NPM1	-2.824	1.065	2.556	1.065	0.373	-0.606	1.380	1.065	-1.334	-2.824	-2.831
MORF_RFC1 MORF_RFC1	-1.923	0.462	3.017	0.829	1.315	-1.923	1.601	0.829	-0.411	-2.507	-4.339
GCM_PPP1CC GCM_PPP1CC	-1.433	0.435	0.946	4.207	0.946	-2.241	0.665	0.946	-2.241	-1.433	-2.247
MODULE_113 MODULE_113	2.301	-0.398	-0.791	-1.893	-1.076	4.415	-3.229	-1.437	-1.437	1.085	1.946
GNF2_MMP11 GNF2_MMP11	-0.549	-0.300	-0.958	-1.659	-0.958	9.553	-1.659	-0.958	0.528	0.302	0.300
GNF2_IGFBP1 GNF2_IGFBP1	-0.218	-0.430	-1.451	-1.451	-0.430	8.798	-1.451	-1.451	-0.218	0.403	0.401
GNF2_BUB1B GNF2_BUB1B	-1.260	1.139	2.939	1.943	1.139	-1.260	0.815	-0.783	-2.033	-2.033	-2.038
GNF2_TTK GNF2_TTK	-1.617	4.641	1.659	0.859	0.555	-0.926	0.555	-0.926	-1.617	-1.617	-1.621
MORF_IFNA1 MORF_IFNA1	1.377	0.533	-0.802	-2.155	-0.999	7.288	-2.155	-1.495	-1.495	0.986	0.660
MORF_ATOX1 MORF_ATOX1	-1.678	-0.383	-0.244	0.998	0.998	-3.283	1.957	3.217	-0.843	-0.244	-3.291
MORF_FLT1 MORF_FLT1	5.001	-1.537	-0.678	-1.963	-0.906	3.660	-1.537	-1.537	-0.906	1.306	0.497
MODULE_57 MODULE_57	-2.324	0.613	1.193	3.438	0.879	-2.324	1.193	0.233	-2.324	-0.623	-1.507
GCM_CRKL GCM_CRKL	-0.739	-0.739	2.549	1.694	-0.470	-2.533	1.694	2.102	-0.739	-1.679	-2.539
GCM_PFN1 GCM_PFN1	-1.992	-0.756	0.572	1.183	-0.256	-1.226	3.601	2.492	-0.451	-1.992	-1.996
MODULE_329 MODULE_329	2.856	-0.810	-0.810	-2.075	-1.295	4.642	-2.075	-0.810	-0.492	0.783	0.519
MORF_WNT1 MORF_WNT1	2.830	-0.522	-1.358	-2.371	-0.522	3.682	0.249	-4.161	-0.360	0.249	1.163
MODULE_197 MODULE_197	0.301	2.179	2.179	4.575	-1.676	-2.035	0.524	-0.534	-0.691	-2.035	-2.464
GNF2_HPN GNF2_HPN	1.911	-0.436	-1.349	-3.381	-0.436	3.682	-1.046	-1.349	-1.719	0.715	2.895
GNF2_MSH6 GNF2_MSH6	-1.285	1.243	2.271	4.296	-0.341	-0.671	-1.285	0.264	-1.285	-1.285	-1.288
MORF_MAP3K14 MORF_MAP3K14	2.427	-0.583	-1.793	-1.386	-0.291	5.954	-0.291	-3.725	-0.418	-0.583	0.591
GNF2_ELAC2 GNF2_ELAC2	-1.784	1.042	4.822	1.042	1.042	-1.784	0.254	-0.625	-1.058	-1.058	-1.788
GCM_RAF1 GCM_RAF1	-1.659	-0.549	1.178	2.074	2.606	-1.659	1.597	-0.300	-0.958	-1.659	-1.663
MORF_CCNF MORF_CCNF	-3.158	1.392	2.105	2.105	-0.341	-3.158	0.826	0.413	-0.523	-0.341	-2.227
MODULE_22 MODULE_22	-1.058	-0.625	-0.625	0.254	-0.625	-1.058	6.322	0.717	1.866	-1.784	-1.788
MODULE_239 MODULE_239	-1.411	0.578	1.455	2.049	-0.430	-3.764	2.383	1.739	-0.812	-1.411	-2.335
MODULE_357 MODULE_357	1.282	-0.843	-2.331	-1.678	-0.383	3.700	-0.843	-3.283	0.367	0.998	1.595
MORF_SART1 MORF_SART1	-2.366	-0.399	-0.399	2.347	0.847	-1.538	2.830	1.507	-0.399	-1.538	-2.372
CAR_HPX CAR_HPX	1.227	-0.454	-1.013	-2.991	0.314	3.725	-0.454	-2.991	-1.013	0.481	1.911
MODULE_29 MODULE_29	-1.077	-1.077	-1.077	-1.077	0.371	-0.520	2.152	4.300	1.090	-1.077	-1.080
GNF2_CARD15 GNF2_CARD15	-0.470	-1.123	-2.533	-1.123	-0.287	-2.533	-0.287	1.694	-0.287	4.712	1.323
MODULE_298 MODULE_298	-0.491	-1.036	-1.036	-1.036	1.661	6.299	-1.036	-0.491	-0.491	-1.036	0.725
MODULE_297 MODULE_297	1.602	-0.843	-2.331	-1.678	-0.383	3.217	-0.843	-3.283	0.367	0.998	1.595
MODULE_308 MODULE_308	-2.866	-1.365	4.525	2.495	-0.251	-1.966	0.765	-0.405	0.357	-1.365	-0.408
GNF2_GLTSCR2 GNF2_GLTSCR2	-0.610	-1.202	-1.202	-0.610	0.573	-1.202	1.367	4.611	1.367	-1.202	-1.205
MODULE_76 MODULE_76	0.463	-1.488	-1.488	-3.033	-0.301	1.870	-2.111	-1.039	1.512	2.263	1.505
MODULE_387 MODULE_387	3.024	-0.756	-0.756	-1.992	-1.226	4.220	-1.992	-0.756	-0.451	0.849	0.350
GNF2_LCAT GNF2_LCAT	1.934	0.272	-1.487	-3.062	-0.332	2.971	-1.145	-1.487	-1.906	0.895	2.590
MORF_CTSB MORF_CTSB	1.134	-0.327	-0.734	-1.430	-0.571	7.526	-2.536	-0.929	-1.745	0.944	0.482
MORF_MAP2K7 MORF_MAP2K7	1.680	-0.677	-0.677	-1.653	-0.677	7.827	-2.010	-0.863	-1.347	0.413	0.673
GNF2_HAT1 GNF2_HAT1	-2.033	-0.472	3.504	2.418	0.815	-0.783	0.546	0.334	-0.783	-2.033	-2.038
GNF2_DENR GNF2_DENR	-1.992	0.572	3.601	2.006	-0.756	-1.226	0.849	0.352	-0.256	-1.992	-1.996
GNF2_RRM2 GNF2_RRM2	-0.958	0.821	0.821	4.508	1.178	-0.958	0.528	-0.958	-1.659	-1.659	-1.663
GCM_RBM8A GCM_RBM8A	-0.577	0.750	1.957	4.211	-0.577	-3.283	-0.383	0.998	-0.577	-1.200	-2.337
CAR_IGFBP1 CAR_IGFBP1	1.235	0.245	-0.600	-2.283	-0.365	4.107	-1.468	-2.283	-0.950	0.245	2.014
GNF2_PPP6C GNF2_PPP6C	-1.576	-0.893	1.280	0.584	2.228	-1.576	1.724	1.280	-0.893	-1.576	-1.580
GNF2_CENPE GNF2_CENPE	-1.659	0.821	1.178	4.508	1.178	-0.958	-0.300	-0.549	-0.958	-1.659	-1.663
MORF_PPP2R5E MORF_PPP2R5E	-1.678	1.282	0.998	0.539	1.282	-2.331	1.957	0.998	-0.577	-1.678	-3.291
MODULE_68 MODULE_68	-0.491	-1.036	-1.036	-1.036	1.150	6.299	-1.036	-0.491	-0.222	-1.036	0.725
MORF_THPO MORF_THPO	1.169	0.738	-0.443	-1.436	-1.849	6.866	-1.436	-1.101	-1.436	0.940	-0.447
MORF_USP5 MORF_USP5	-1.992	-0.256	0.572	0.849	0.572	-1.992	3.024	2.006	-0.756	-1.226	-1.996
MORF_GSPT1 MORF_GSPT1	-1.192	0.598	2.072	4.332	0.885	-1.192	-0.431	-0.431	-0.729	-1.950	-1.955
MODULE_91 MODULE_91	-1.451	0.403	-0.430	1.937	1.937	-1.451	1.452	1.032	-1.451	-1.451	-1.455
MORF_PTPRR MORF_PTPRR	1.549	0.412	-0.942	-2.270	-0.678	6.518	-2.270	-0.678	-0.942	0.577	0.277
MORF_BAG5 MORF_BAG5	-1.364	-0.316	0.287	1.019	2.210	-1.364	2.699	1.019	-0.865	-2.158	-2.163
GNF2_MYL3 GNF2_MYL3	0.882	-0.320	-0.640	-1.243	-0.640	2.365	-1.243	-1.243	-1.243	-0.320	4.440
MODULE_154 MODULE_154	1.822	-0.732	-2.147	-1.520	-0.488	3.085	-0.732	-3.075	0.289	0.880	1.464
MODULE_261 MODULE_261	-1.713	0.773	1.868	1.549	0.577	-3.002	0.577	0.279	1.549	-1.713	-3.011
MODULE_126 MODULE_126	-3.697	1.732	1.988	1.732	0.344	-3.119	0.725	-0.262	0.725	-0.609	-2.200
GNF2_NS GNF2_NS	-1.617	0.555	2.149	2.149	1.228	-0.926	0.320	0.320	-1.617	-1.617	-1.621
GNF2_ESPL1 GNF2_ESPL1	-0.797	1.937	1.937	1.937	1.032	-1.451	-0.430	-0.430	-1.451	-1.451	-1.455
MORF_CDH4 MORF_CDH4	1.121	-0.596	-0.436	-1.349	-0.311	4.994	-3.381	-1.046	-1.349	0.549	1.615
GCM_RAD21 GCM_RAD21	-1.534	0.615	0.941	2.309	2.309	-1.534	0.359	-0.250	-0.861	-1.534	-1.538
GNF2_CD1D GNF2_CD1D	0.320	-0.926	-1.617	-0.525	-0.926	-1.617	-0.525	2.149	-0.283	5.387	-0.284
MODULE_324 MODULE_324	1.656	-1.693	-2.137	-1.693	-0.780	1.389	-1.326	-0.581	0.301	0.733	4.583
GNF2_MBD4 GNF2_MBD4	-1.036	-0.491	-1.036	1.661	-0.222	-1.036	1.661	3.663	-1.036	-0.491	-1.038
GNF2_TNFRSF1B GNF2_TNFRSF1B	-0.623	-1.503	-0.978	-0.978	0.397	-2.324	-0.978	2.906	0.879	3.438	0.232
GNF2_GSTM1 GNF2_GSTM1	1.798	-0.312	-1.169	-3.381	-0.312	1.498	-1.169	-1.169	-1.169	0.980	3.248
MORF_CD8A MORF_CD8A	0.940	-0.311	-0.614	-2.992	0.291	4.338	-1.849	-1.101	-1.436	1.424	0.934
MODULE_28 MODULE_28	-1.243	0.283	-0.320	1.799	2.365	-1.243	1.799	0.283	-1.243	-1.243	-1.246
GNF2_EGFR GNF2_EGFR	-0.363	-0.363	-0.702	-1.327	-0.702	7.563	-1.327	-0.702	0.480	-0.363	0.478
MODULE_382 MODULE_382	-0.279	-1.160	-1.160	-1.160	0.607	5.643	-1.160	-0.580	0.607	-0.580	0.605
MORF_PRKCA MORF_PRKCA	1.222	0.413	-0.395	-2.907	-1.085	5.467	-1.085	-0.863	-1.653	0.840	0.673
GNF2_ANP32B GNF2_ANP32B	-1.493	0.985	2.984	1.392	0.647	-1.493	0.381	-0.234	-0.829	-1.493	-1.496
MODULE_292 MODULE_292	1.066	-1.537	-1.963	-1.190	-0.678	0.664	-1.963	-0.906	1.306	0.852	4.517
MORF_LCAT MORF_LCAT	3.004	-0.762	-1.303	-1.005	0.433	3.388	-0.567	-4.150	-0.291	0.311	0.429
GCM_SUFU GCM_SUFU	0.276	0.276	2.571	1.123	-0.506	-3.116	-0.506	1.776	0.276	-0.506	-3.124
GNF2_UBE2I GNF2_UBE2I	-1.058	0.453	-0.354	0.254	1.426	-1.784	3.497	1.426	-1.058	-1.058	-1.788
GNF2_RPA1 GNF2_RPA1	-1.119	-0.550	5.849	0.645	0.645	-1.119	0.347	-0.260	-0.550	-1.119	-1.122
GNF2_DNM1 GNF2_DNM1	0.520	0.520	-1.395	-1.395	-0.962	2.020	-0.962	-2.908	-0.422	1.642	2.426
GNF2_BUB3 GNF2_BUB3	-1.119	0.347	2.056	4.135	0.645	-1.119	-0.550	-0.550	-0.550	-1.119	-1.122
MODULE_97 MODULE_97	-0.877	0.633	1.995	2.749	0.313	-2.889	0.842	0.313	0.313	-2.169	-2.176
MORF_THRA MORF_THRA	0.272	-0.556	-0.893	-1.398	-1.398	3.709	-1.398	-0.893	-0.556	0.982	3.137
MODULE_426 MODULE_426	1.408	-0.301	-0.458	-1.338	-1.839	1.733	-1.839	0.301	-2.515	1.116	2.470
MORF_ITGA2 MORF_ITGA2	0.946	0.435	-0.578	-2.241	-0.921	5.503	-0.578	-0.921	-1.433	0.665	0.257
GNF2_G22P1 GNF2_G22P1	-1.368	0.755	4.010	0.755	0.453	-1.368	0.231	0.453	-0.733	-1.368	-1.371
MODULE_277 MODULE_277	-0.921	0.665	3.064	0.946	1.278	-2.241	0.259	-0.348	0.259	-2.241	-1.437
MORF_REV3L MORF_REV3L	-1.538	2.347	0.847	1.507	-0.645	-2.366	0.588	-0.645	0.588	0.380	-2.372
MODULE_436 MODULE_436	1.169	-0.614	-1.849	-0.830	-1.101	0.413	-2.992	-0.614	0.738	1.424	3.878
GNF2_CYP2B6 GNF2_CYP2B6	2.492	0.352	-1.226	-1.992	-1.226	0.572	-0.756	-1.226	-0.756	1.183	2.484
MODULE_316 MODULE_316	2.020	-0.647	-0.962	-2.002	-0.422	1.301	-0.647	-2.908	-0.263	0.739	2.426
GNF2_PECAM1 GNF2_PECAM1	-0.783	-2.033	-0.472	-0.783	0.334	-2.033	-0.783	1.516	0.334	3.504	1.135
MODULE_182 MODULE_182	-0.660	1.028	1.586	2.262	0.290	-2.964	0.595	0.290	0.595	-2.236	-2.244
GCM_MAP4K4 GCM_MAP4K4	0.447	0.725	2.315	0.725	0.447	-4.024	0.447	0.725	0.336	-0.636	-4.038
GNF2_TYK2 GNF2_TYK2	-1.368	-0.385	0.231	1.580	-0.385	-1.368	3.314	0.755	0.453	-1.368	-1.371
GNF2_TST GNF2_TST	2.039	-0.250	-1.031	-3.153	-0.373	1.411	-0.753	-1.031	-1.384	0.509	3.172
MORF_GPX4 MORF_GPX4	-1.364	-0.535	-0.865	0.287	-0.535	-1.364	4.418	1.019	0.477	1.019	-2.163
MODULE_433 MODULE_433	1.041	-1.094	-1.094	-1.644	0.331	3.111	-2.491	-0.273	-0.715	1.745	0.517
GCM_TPR GCM_TPR	-0.610	-0.300	1.880	3.833	0.303	-1.202	0.303	-1.202	0.303	-1.202	-1.205
MODULE_403 MODULE_403	-1.125	1.323	0.655	3.911	0.410	-1.867	0.226	0.226	-0.392	-1.867	-1.128
MORF_PPP2R4 MORF_PPP2R4	-1.329	-0.300	-0.513	1.058	0.302	-2.116	1.416	3.319	-0.513	0.302	-2.121
MORF_BCL2L11 MORF_BCL2L11	1.817	0.277	-0.734	-0.929	-0.571	3.316	-2.112	-1.745	-1.745	1.817	0.766
MODULE_36 MODULE_36	-1.365	-0.858	0.440	0.440	3.020	-2.074	2.373	-0.378	0.900	-0.276	-3.065
MODULE_248 MODULE_248	0.811	-1.589	-1.589	-2.549	-0.524	2.097	-0.263	-1.235	-0.377	2.097	2.086
MODULE_323 MODULE_323	-1.608	-0.692	2.221	0.786	1.077	-2.449	1.077	1.077	-0.260	-1.608	-1.069
GNF2_SMC2L1 GNF2_SMC2L1	-1.327	1.186	1.650	2.777	0.795	-0.702	-0.363	-0.702	-0.702	-1.327	-1.330
MODULE_201 MODULE_201	3.024	-0.756	-0.756	-1.226	-0.451	3.024	-1.992	-1.226	-0.256	0.572	0.350
MODULE_345 MODULE_345	1.196	-0.891	-2.046	-0.891	-0.891	0.560	-2.644	-0.465	0.560	1.761	3.192
GNF2_CD14 GNF2_CD14	-0.341	-0.671	-1.285	-0.671	-0.341	-1.285	-0.671	1.243	-0.671	5.089	0.834
MODULE_274 MODULE_274	2.189	-0.427	-0.912	-1.282	-0.912	5.044	-1.775	-0.912	-0.427	0.326	0.482
GNF2_MYD88 GNF2_MYD88	-1.503	-1.503	-0.382	-0.623	0.879	-2.324	0.397	3.438	1.555	0.397	-0.626
GNF2_DDX5 GNF2_DDX5	-1.679	0.316	-0.287	0.729	3.035	-1.679	2.102	0.729	-1.123	-0.739	-1.684
GNF2_CD33 GNF2_CD33	-0.228	-0.703	-1.908	-1.158	-0.411	-1.908	-0.411	1.681	0.921	3.203	0.387
MORF_XPC MORF_XPC	-0.739	0.499	0.499	1.006	1.694	-2.533	2.102	-0.287	-0.470	-0.739	-2.539
MODULE_352 MODULE_352	-0.663	0.362	4.524	1.293	0.362	-0.663	-0.663	-0.663	-0.663	-0.663	-0.664
MODULE_287 MODULE_287	1.183	-0.756	-0.451	-1.226	-0.451	3.024	-1.226	-1.992	-0.756	0.572	2.000
GCM_HDAC1 GCM_HDAC1	-1.534	0.359	1.335	1.335	0.359	-1.534	2.309	0.359	-0.861	-0.861	-1.538
MODULE_116 MODULE_116	-1.202	-0.610	-1.202	-0.300	0.573	-0.610	3.833	0.303	1.880	-1.202	-0.612
MODULE_108 MODULE_108	-0.270	-1.260	-0.783	-2.033	-0.270	3.504	-1.260	-0.783	0.334	1.943	0.812
GCM_CSNK1A1 GCM_CSNK1A1	-0.765	-0.765	1.515	2.577	-0.765	-0.765	0.427	2.015	-0.407	-1.410	-1.413
MODULE_263 MODULE_263	-0.525	-0.926	-1.617	-1.617	0.320	3.943	-0.926	-0.525	0.555	0.555	1.224
GNF2_CDKN1C GNF2_CDKN1C	-0.260	0.347	-1.119	-1.119	-0.550	4.135	-1.119	-1.119	1.033	-0.260	0.642
MODULE_180 MODULE_180	2.658	-1.264	-2.138	-0.952	-0.703	0.512	-0.703	-0.357	-1.264	2.298	1.953
GNF2_BNIP2 GNF2_BNIP2	-1.368	-0.385	-0.385	0.755	0.755	-1.368	1.580	2.096	0.453	-1.368	-1.371
GNF2_CDH3 GNF2_CDH3	0.347	-1.119	-0.550	-1.119	-0.550	2.056	-0.260	-1.119	-1.119	1.505	2.051
GNF2_S100A4 GNF2_S100A4	-0.574	-1.700	-1.700	-0.318	0.502	-1.700	-0.318	1.131	0.784	3.091	0.283
GNF2_BUB1 GNF2_BUB1	-1.077	0.684	1.581	2.152	1.090	-1.077	-0.240	-0.240	-1.077	-1.077	-1.080
MODULE_149 MODULE_149	-1.493	-0.234	-0.453	-0.829	1.392	-1.493	3.629	0.985	0.381	-0.829	-0.831
GNF2_H2AFX GNF2_H2AFX	-1.285	0.837	0.509	2.271	1.243	-0.671	0.837	-0.341	-1.285	-1.285	-1.288
GNF2_RAB3A GNF2_RAB3A	0.216	0.216	-0.765	-1.410	-1.410	2.015	-0.407	-1.410	-0.407	1.080	2.570
GCM_NCAM1 GCM_NCAM1	0.332	-0.538	2.732	2.058	-0.538	-4.072	-0.538	0.995	-0.538	0.332	-1.264
MODULE_85 MODULE_85	2.346	0.522	-1.295	-2.075	-1.295	-0.492	-0.810	-0.492	0.317	2.856	0.519
MODULE_332 MODULE_332	-0.625	0.254	1.042	4.137	-0.354	-1.058	1.426	-0.625	-0.625	-1.784	-1.061
MODULE_259 MODULE_259	1.323	0.410	-1.125	-1.867	-1.125	-1.125	-0.676	0.226	-0.392	3.298	1.318
MODULE_321 MODULE_321	-2.679	0.270	1.168	0.393	-2.076	-2.679	-0.334	0.393	1.433	1.168	1.161
GNF2_CEBPA GNF2_CEBPA	1.694	-0.287	-1.123	-2.533	-0.287	0.499	-0.739	-1.679	-0.287	0.729	3.025
GNF2_TTN GNF2_TTN	2.797	-0.520	-0.520	-1.077	-0.520	2.797	-1.077	-1.077	-0.520	-0.240	0.682
MODULE_234 MODULE_234	2.082	-0.348	-1.433	-0.921	1.278	1.278	-2.241	-1.433	-0.348	-0.348	1.272
MODULE_512 MODULE_512	2.395	-0.453	-0.453	-1.493	-0.829	2.984	-1.493	-0.453	-0.453	0.985	-0.455
GNF2_MCL1 GNF2_MCL1	-1.398	-2.200	-0.556	-0.893	0.693	-1.398	-0.332	2.145	1.710	1.322	0.270
MORF_IL9 MORF_IL9	1.461	-0.391	-0.813	-2.069	0.505	1.780	-0.391	-3.785	0.505	0.350	0.912
GNF2_SPRR1B GNF2_SPRR1B	0.457	-0.953	-0.434	-0.953	0.822	4.856	-0.953	-0.953	0.200	-0.434	0.199
GCM_BCL2L1 GCM_BCL2L1	-1.451	0.403	1.452	2.484	0.403	-1.451	0.403	0.681	-0.797	-0.797	-1.455
GCM_CHUK GCM_CHUK	-0.911	0.792	1.734	0.561	0.561	-1.930	1.734	0.792	-0.606	-1.930	-1.935
GCM_MAX GCM_MAX	-1.285	1.723	2.271	0.264	0.837	-1.285	0.264	0.264	-0.341	-1.285	-1.288
GNF2_MKI67 GNF2_MKI67	-1.119	1.033	1.505	1.505	1.505	-0.550	-0.260	-0.550	-1.119	-1.119	-1.122
MODULE_337 MODULE_337	-1.036	2.283	0.816	2.283	-0.416	-1.573	0.565	-0.247	-0.668	-0.416	-2.414
MODULE_358 MODULE_358	-1.146	0.397	1.355	2.054	0.397	-2.257	0.579	-0.354	1.355	-1.146	-2.264
GCM_ERBB2IP GCM_ERBB2IP	-1.243	-0.836	1.171	2.751	0.423	-1.243	1.171	0.262	0.423	-0.546	-2.706
MODULE_79 MODULE_79	0.325	-0.418	-0.855	-2.136	-0.418	0.325	-2.851	0.325	0.472	1.700	3.217
MODULE_170 MODULE_170	0.457	-0.432	-0.877	-2.169	-0.290	-0.290	-2.889	0.313	0.457	1.661	3.156
GNF2_MSH2 GNF2_MSH2	-1.160	0.979	1.434	1.434	0.607	-0.580	-0.580	0.979	-1.160	-1.160	-1.163
MORF_RAB11A MORF_RAB11A	-1.036	0.565	1.115	0.363	0.816	-1.573	2.283	0.816	-0.668	-1.036	-2.414
MODULE_165 MODULE_165	-0.843	-0.843	-0.383	-2.331	0.367	1.282	-2.331	0.367	-0.244	1.602	2.336
GNF2_SERPINB5 GNF2_SERPINB5	0.324	-0.580	-0.580	-1.160	-0.580	2.570	-0.279	-1.160	-1.160	0.979	1.960
GNF2_FOS GNF2_FOS	-0.250	-0.477	-1.534	-0.861	-0.861	-1.534	-0.477	1.792	1.335	2.309	0.357
MORF_RAB3A MORF_RAB3A	3.828	-0.959	-0.672	-1.338	0.451	1.733	0.451	-1.839	-1.338	-0.301	0.448
GCM_SMARCC1 GCM_SMARCC1	-0.234	-0.234	1.863	1.392	-0.829	-1.493	2.395	-0.453	-0.829	-1.493	-0.455
MORF_TNFRSF6 MORF_TNFRSF6	1.547	-0.276	-0.276	-1.365	-0.378	3.371	-2.074	-1.365	-1.365	1.311	0.436
MODULE_164 MODULE_164	0.542	-1.608	-1.608	-1.608	-0.692	2.221	-0.692	-0.434	2.221	0.542	0.782
MODULE_307 MODULE_307	-0.491	-0.491	-1.036	0.398	-0.491	-1.036	0.398	1.661	3.663	-0.491	-1.038
MODULE_128 MODULE_128	0.350	-0.391	-0.813	-2.069	-0.391	-0.257	-2.776	0.350	0.505	1.461	3.341
MODULE_367 MODULE_367	0.929	-1.202	0.929	-0.300	-0.610	0.929	-1.202	-1.202	0.573	-1.202	1.875
GNF2_ITGB2 GNF2_ITGB2	-0.921	-1.433	-0.348	-0.578	-0.348	-2.241	-0.578	1.657	2.552	1.278	0.433
MODULE_171 MODULE_171	0.873	-0.343	-1.934	-0.887	-0.887	0.682	-2.453	-0.662	0.516	1.898	2.545
GNF2_SELL GNF2_SELL	-1.125	-1.125	0.226	0.410	0.226	-1.867	0.226	1.740	3.298	-1.125	0.225
MODULE_288 MODULE_288	0.941	-1.534	-0.861	-0.861	0.615	2.309	-1.534	-0.477	-0.477	-0.250	1.786
MODULE_199 MODULE_199	1.555	0.233	-0.978	-2.324	-0.978	-0.623	-0.978	0.233	0.233	2.413	1.549
GNF2_HLA_C GNF2_HLA_C	-0.861	-1.534	0.359	0.359	-0.250	-1.534	0.359	0.941	2.309	0.941	-1.538
GCM_CDH5 GCM_CDH5	0.427	-0.765	-1.410	0.216	-0.407	4.611	0.216	-0.765	-1.410	0.717	0.215
MODULE_208 MODULE_208	1.254	-0.850	-1.517	-1.146	-0.850	1.006	-1.984	-0.850	1.006	1.532	1.827
GCM_PTK2 GCM_PTK2	0.301	1.859	0.896	-0.980	0.896	-3.039	-0.753	0.896	1.332	-0.567	-1.996
MODULE_159 MODULE_159	-1.200	-0.244	0.539	0.539	2.766	-2.331	1.602	0.539	-0.383	-0.843	-1.684
MORF_CSNK1D MORF_CSNK1D	-1.243	-0.546	0.262	1.171	1.883	-1.822	0.423	0.628	0.878	0.262	-2.706
GNF2_MYL2 GNF2_MYL2	0.837	-0.341	-0.671	-1.285	-0.341	1.723	-1.285	-1.285	-0.341	0.509	2.265
MODULE_115 MODULE_115	-1.077	-0.240	0.371	-0.520	2.152	-1.077	2.797	0.371	-0.520	-1.077	-0.522
MODULE_107 MODULE_107	0.938	-1.013	-2.074	-0.454	-1.013	0.938	-0.454	-0.689	-0.689	0.938	3.713
MORF_PPP5C MORF_PPP5C	-0.731	0.405	1.302	2.324	-0.505	-2.627	0.785	1.302	-0.731	-0.731	-1.428
MODULE_61 MODULE_61	-1.992	0.849	2.006	1.569	-0.256	-0.756	0.572	-0.256	-1.992	-0.451	-0.453
GNF2_CD48 GNF2_CD48	-0.994	-0.994	0.427	0.427	-0.994	-0.994	0.773	1.746	1.215	0.427	-0.997
GCM_DENR GCM_DENR	-1.158	-0.411	1.681	-0.228	0.389	-1.158	2.140	0.626	0.626	-1.908	-1.162
GNF2_CBFB GNF2_CBFB	-1.202	-0.610	0.929	1.367	0.573	-1.202	1.880	0.573	-0.610	-0.610	-1.205
GNF2_FGR GNF2_FGR	-1.160	-1.160	-0.279	-0.580	-0.279	-1.160	-0.580	2.570	0.324	1.434	0.976
MODULE_121 MODULE_121	0.773	-0.678	-0.678	-2.270	-0.678	0.773	-1.280	-0.678	0.412	3.879	0.768
MODULE_86 MODULE_86	-1.024	0.269	1.085	0.750	0.477	-1.742	1.481	-1.024	1.085	-0.336	-1.746
MORF_EPHA7 MORF_EPHA7	1.842	-0.331	-0.626	-2.776	0.384	3.184	-0.331	-1.772	-0.461	0.384	0.270
MODULE_491 MODULE_491	-1.583	0.265	0.265	1.392	-0.776	-1.119	0.600	2.105	1.392	-0.523	-2.227
MODULE_158 MODULE_158	-1.024	1.085	2.439	1.481	-0.336	-1.024	0.477	-0.336	-0.336	-1.024	-1.746
MODULE_368 MODULE_368	0.656	-0.746	0.304	-0.746	-0.298	3.187	-0.298	-0.746	-0.746	-0.746	1.127
MODULE_189 MODULE_189	-0.953	0.200	2.476	1.284	0.457	-0.434	-0.434	-0.953	0.822	-0.953	-0.955
MODULE_125 MODULE_125	-1.058	1.042	2.360	1.426	0.254	-1.058	0.453	-0.354	-0.354	-1.058	-1.788
GNF2_PAK2 GNF2_PAK2	-0.580	-0.580	0.324	0.324	0.979	-1.160	0.324	3.242	0.324	-1.160	-1.163
GCM_MSN GCM_MSN	-1.077	-0.520	0.371	2.152	0.684	-1.077	1.090	0.371	0.371	-1.077	-1.080
MODULE_397 MODULE_397	-1.264	2.658	0.685	1.653	-0.703	-2.138	0.885	0.368	-0.703	-0.357	-1.271
MORF_TTN MORF_TTN	-0.256	1.183	-0.451	-1.226	0.572	3.601	-0.256	-0.451	-1.992	-0.756	-0.257
GNF2_CD53 GNF2_CD53	-1.158	-1.158	-0.228	0.626	-0.411	-1.908	0.921	1.274	1.681	0.626	-1.162
MODULE_247 MODULE_247	0.403	-0.218	-0.430	-0.430	-1.451	0.403	-0.797	-1.451	-0.430	2.484	1.931
MORF_RAB6A MORF_RAB6A	-0.836	0.262	-0.344	0.628	0.878	-1.822	2.751	1.171	-0.344	-0.836	-1.827
MORF_PDCD1 MORF_PDCD1	1.421	-0.374	-0.374	-1.893	0.389	3.600	-0.586	-0.885	-0.374	0.582	-1.308
MODULE_430 MODULE_430	-2.200	0.456	3.146	0.272	-0.556	-1.398	0.693	-0.332	0.272	0.693	-0.897
GNF2_MAPT GNF2_MAPT	0.899	0.899	-0.500	-0.893	-0.893	1.280	-1.576	-1.576	-0.266	0.584	1.276
MODULE_238 MODULE_238	-0.259	1.603	-1.052	-0.482	-1.052	-0.259	-3.611	0.347	1.140	0.347	1.854
MODULE_568 MODULE_568	-1.426	-0.275	0.328	1.597	-0.987	-0.987	0.500	1.969	1.263	-0.438	-2.044
MODULE_87 MODULE_87	-0.650	-0.373	1.000	1.000	-0.373	-1.825	1.802	-0.373	1.000	-0.373	-1.830
MODULE_545 MODULE_545	0.609	-0.324	-0.787	-0.787	-0.324	3.863	0.279	-0.324	-0.787	-0.787	0.607
MORF_SS18 MORF_SS18	-1.036	-0.247	1.460	0.816	0.816	-1.573	2.283	-0.247	-0.416	-1.036	-1.578
MODULE_127 MODULE_127	-1.077	0.371	2.152	1.581	0.371	-0.520	-0.520	-1.077	0.684	-0.520	-1.080
MODULE_525 MODULE_525	-0.811	0.275	0.652	2.819	0.441	-1.786	0.441	0.275	0.908	-1.213	-1.791
MORF_KDR MORF_KDR	0.998	-0.752	-0.351	-2.664	0.761	2.274	-0.752	-1.055	-0.752	1.269	0.387
MODULE_214 MODULE_214	1.505	0.347	-0.260	-1.119	0.347	0.347	-1.119	-1.119	-1.119	0.645	1.501
MODULE_318 MODULE_318	-0.580	2.570	-0.580	2.570	-0.580	-1.160	0.607	-0.580	-0.279	-0.580	-0.582
MODULE_392 MODULE_392	-0.746	1.129	0.656	2.403	0.656	-0.298	-0.746	-0.746	-0.298	-0.746	-0.747
MODULE_400 MODULE_400	-0.298	-0.746	-0.746	-0.746	0.656	2.403	-0.298	-0.746	-0.746	0.656	1.127
GNF2_SMC1L1 GNF2_SMC1L1	-0.520	0.371	1.090	0.684	2.797	-1.077	-0.240	-0.240	-0.520	-1.077	-1.080
GNF2_TM4SF2 GNF2_TM4SF2	1.090	-0.240	-0.520	-0.520	-1.077	1.090	-1.077	-1.077	-0.520	1.581	1.086
GCM_CSNK1D GCM_CSNK1D	-0.671	-0.671	0.837	0.509	0.837	-1.285	0.837	1.243	0.509	-1.285	-1.288
GNF2_MLF1 GNF2_MLF1	-0.489	-0.711	-1.007	-0.489	0.597	4.700	-0.711	-1.007	-1.007	0.597	0.804
MODULE_81 MODULE_81	-0.829	0.256	0.256	-0.351	2.151	-0.829	2.151	0.256	-0.351	-0.829	-0.831
MORF_UBE2A MORF_UBE2A	-0.451	0.352	0.849	0.572	1.569	-1.226	0.572	1.183	-0.756	-1.226	-1.996
GCM_TEC GCM_TEC	0.837	-0.671	-1.285	0.264	-1.285	1.723	0.264	0.264	-1.285	0.264	1.239
GCM_ANP32B GCM_ANP32B	-1.410	0.216	0.717	1.080	0.717	-0.765	1.515	0.717	-0.765	-0.765	-1.413
MODULE_223 MODULE_223	-0.291	-1.303	-1.005	-1.666	-1.005	0.949	-0.412	-0.567	1.418	2.642	0.943
MODULE_301 MODULE_301	0.301	1.521	-0.942	-0.555	-0.942	0.301	-3.408	0.411	0.869	-0.301	2.051
GCM_BMPR2 GCM_BMPR2	-0.412	-0.266	2.240	0.703	0.339	-2.404	0.703	0.940	-0.266	-1.742	-0.893
