GO	[-5.46 -0.67]	[-0.67 -0.36]	[-0.36 -0.20]	[-0.20 -0.07]	[-0.07 0.00]	[0.00 0.01]	[0.01 0.12]	[0.12 0.28]	[0.28 0.55]	[0.55 1.06]	[1.06 6.41]
TMTCGCGANR_UNKNOWN TMTCGCGANR_UNKNOWN	-1.536	-0.346	1.336	4.888	1.123	-3.944	2.378	0.356	0.356	-3.298	-3.969
KRCTCNNNNMANAGC_UNKNOWN KRCTCNNNNMANAGC_UNKNOWN	10.528	2.237	-0.566	-0.566	-0.566	-0.359	-1.855	-2.738	-1.855	-0.359	-0.867
GCGNNANTTCC_UNKNOWN GCGNNANTTCC_UNKNOWN	-1.255	1.222	-0.963	2.378	-0.727	-4.064	2.378	2.378	-0.388	0.459	-5.222
SGCGSSAAA_E2F1DP2_01 SGCGSSAAA_E2F1DP2_01	0.435	8.461	3.570	-0.497	-0.648	-2.363	-1.302	-0.375	-1.603	-0.829	-1.620
KCCGNSWTTT_UNKNOWN KCCGNSWTTT_UNKNOWN	-0.889	0.281	2.428	2.428	-0.322	-2.042	1.463	0.743	-0.322	-3.413	-2.056
GGAANCGGAANY_UNKNOWN GGAANCGGAANY_UNKNOWN	-1.623	0.528	0.907	1.686	0.261	-2.708	1.686	0.907	1.139	-2.708	-2.118
GCGSCMNTTT_UNKNOWN GCGSCMNTTT_UNKNOWN	-1.424	1.263	2.815	1.263	-0.667	-2.946	1.263	0.500	-0.667	-0.667	-2.047
ACAWNRNSRCGG_UNKNOWN ACAWNRNSRCGG_UNKNOWN	-0.527	-0.527	5.007	2.815	0.441	-1.784	-0.527	-0.810	0.275	-1.211	-1.794
AAGWWRNYGGC_UNKNOWN AAGWWRNYGGC_UNKNOWN	-1.187	0.365	2.507	4.075	-1.187	-2.480	0.663	-0.354	0.663	-0.905	-1.974
GATA_Q6 GATA_Q6	0.342	-0.350	-0.739	-3.244	-0.739	2.654	-1.979	0.443	-0.457	-0.350	4.622
NRSF_01 NRSF_01	1.259	1.259	-0.475	-2.266	-0.324	3.870	-0.940	-2.266	-1.278	-0.475	0.989
GKCGCNNNNNNNTGAYG_UNKNOWN GKCGCNNNNNNNTGAYG_UNKNOWN	-0.738	1.006	2.099	1.693	-0.738	-1.677	1.006	0.499	-0.287	-1.677	-2.542
TTTNNANAGCYR_UNKNOWN TTTNNANAGCYR_UNKNOWN	6.656	1.499	-0.351	-0.486	-0.867	0.256	-1.126	-0.656	-1.126	-0.656	-0.665
SREBP1_01 SREBP1_01	-0.910	-0.425	1.364	-0.557	0.285	-1.137	0.961	2.693	1.594	-2.988	-1.421
MEF2_01 MEF2_01	0.329	-0.886	-0.886	-1.134	-0.682	3.517	-0.515	-0.515	-0.886	-0.380	3.487
CRGAARNNNNCGA_UNKNOWN CRGAARNNNNCGA_UNKNOWN	-0.451	-1.225	0.849	2.490	-0.755	-1.225	3.021	-0.256	-0.755	-0.755	-0.455
AGCYRWTTC_UNKNOWN AGCYRWTTC_UNKNOWN	1.894	-0.482	-3.910	-0.661	-1.165	-0.343	1.090	-0.661	0.873	0.873	0.672
RRCCGTTA_UNKNOWN RRCCGTTA_UNKNOWN	-0.350	0.559	2.270	0.998	0.761	-1.449	0.391	0.761	-1.053	-1.053	-2.675
YNTTTNNNANGCARM_UNKNOWN YNTTTNNNANGCARM_UNKNOWN	1.916	0.315	-2.988	-1.012	-0.688	1.916	-0.688	-0.288	-0.288	-0.288	0.929
HMEF2_Q6 HMEF2_Q6	1.055	-2.037	-1.297	-1.016	-0.441	3.066	-1.016	-0.441	0.524	0.283	1.505
AR_03 AR_03	-0.668	0.816	-0.668	-0.668	-0.668	-1.571	-1.035	3.266	-0.416	1.849	0.359
CCGNMNNTNACG_UNKNOWN CCGNMNNTNACG_UNKNOWN	-1.198	0.540	0.750	1.281	-0.382	-2.327	0.997	1.600	-0.842	0.367	-1.687
CAGNWMCNNNGAC_UNKNOWN CAGNWMCNNNGAC_UNKNOWN	-0.730	1.026	-1.934	-1.420	0.784	3.151	-0.730	0.577	-1.029	0.267	0.400
TAANNYSGCG_UNKNOWN TAANNYSGCG_UNKNOWN	-0.911	1.179	1.817	2.587	-0.426	-1.772	-0.426	-0.633	0.485	-0.633	-1.291
GGCNKCCATNK_UNKNOWN GGCNKCCATNK_UNKNOWN	-1.930	-0.482	1.333	1.894	0.377	-2.448	1.333	0.681	-0.343	-0.885	-0.489
GGCNRNWCTTYS_UNKNOWN GGCNRNWCTTYS_UNKNOWN	-0.981	0.290	-0.473	1.689	-1.364	-1.364	2.041	2.041	-0.473	-0.313	-0.990
AACYNNNNTTCCS_UNKNOWN AACYNNNNTTCCS_UNKNOWN	0.359	1.409	2.390	-1.029	-0.536	-1.829	0.899	0.689	-0.250	-1.029	-1.393
TGASTMAGC_NFE2_01 TGASTMAGC_NFE2_01	-0.672	-0.844	-0.407	-1.552	-0.844	-0.407	0.625	-0.407	-0.672	3.142	2.509
AR_Q2 AR_Q2	1.196	-0.744	0.971	-1.637	-0.744	0.446	-2.074	0.971	-0.744	2.017	-0.287
