GO	[-7.99 -0.74]	[-0.74 -0.34]	[-0.34 -0.15]	[-0.15 0.00]	[0.00 0.00]	[0.00 0.00]	[0.00 0.04]	[0.04 0.22]	[0.22 0.51]	[0.51 1.06]	[1.06 6.74]
TMTCGCGANR_UNKNOWN TMTCGCGANR_UNKNOWN	-1.531	-0.346	5.271	9.169	-6.892	-5.644	-1.531	2.990	1.560	-2.740	-3.939
SETBP1_TARGET_GENES SETBP1_TARGET_GENES	-1.094	1.115	6.728	4.241	-7.684	-6.391	-1.634	3.528	0.491	-0.547	-5.412
SGCGSSAAA_E2F1DP2_01 SGCGSSAAA_E2F1DP2_01	-0.647	12.969	3.908	1.056	-5.762	-7.017	-1.298	-0.374	-0.497	-0.827	-1.604
GCGNNANTTCC_UNKNOWN GCGNNANTTCC_UNKNOWN	-1.607	1.746	0.991	1.746	-4.054	-5.186	-2.040	9.630	-0.537	0.991	-5.195
TOX4_TARGET_GENES TOX4_TARGET_GENES	-0.472	2.131	3.653	2.404	-7.893	-5.586	-2.089	3.653	1.206	-0.960	-2.949
ZBED4_TARGET_GENES ZBED4_TARGET_GENES	-2.381	2.518	2.828	1.951	-7.059	-5.801	-2.381	3.155	0.548	0.424	-0.512
GGAANCGGAANY_UNKNOWN GGAANCGGAANY_UNKNOWN	-2.099	0.702	2.689	3.075	-3.481	-4.562	-1.236	3.916	2.327	-2.702	-2.104
MYBL1_TARGET_GENES MYBL1_TARGET_GENES	-1.608	3.003	3.003	3.991	-2.699	-8.226	-0.710	1.234	0.876	-1.093	-2.295
KCCGNSWTTT_UNKNOWN KCCGNSWTTT_UNKNOWN	-1.188	0.559	4.509	3.183	-3.406	-4.479	0.281	1.458	1.191	-3.406	-2.043
ZBTB5_TARGET_GENES ZBTB5_TARGET_GENES	-1.285	2.113	2.390	0.987	-4.482	-5.289	-2.713	3.660	2.113	-0.293	-1.575
MCM3_TARGET_GENES MCM3_TARGET_GENES	-2.883	1.055	1.459	3.400	-3.997	-3.997	-1.147	5.251	1.459	-0.928	-1.706
AAGWWRNYGGC_UNKNOWN AAGWWRNYGGC_UNKNOWN	-1.954	1.062	4.494	3.631	-5.061	-3.118	-1.530	0.849	1.300	-0.495	-1.960
ZZZ3_TARGET_GENES ZZZ3_TARGET_GENES	-0.660	2.201	1.328	4.113	-3.900	-5.020	0.263	2.900	-1.162	-0.884	-1.931
RUVBL1_TARGET_GENES RUVBL1_TARGET_GENES	-2.224	1.220	4.114	2.757	-5.214	-4.412	-0.804	1.911	0.849	-1.247	-0.493
ZNF667_TARGET_GENES ZNF667_TARGET_GENES	-2.224	5.520	2.115	1.831	-4.942	-2.724	-0.902	0.904	0.904	-0.527	-2.231
GTF3A_TARGET_GENES GTF3A_TARGET_GENES	-2.251	-1.610	-2.251	-0.796	3.337	5.480	3.337	-1.610	-0.354	-0.796	-1.614
CREB3L2_TARGET_GENES CREB3L2_TARGET_GENES	-0.812	1.583	4.433	1.583	-5.394	-2.730	-1.737	1.326	0.695	0.282	-2.191
TSHZ1_TARGET_GENES TSHZ1_TARGET_GENES	-0.595	6.031	0.862	0.706	-5.549	-4.030	-1.423	0.568	1.036	1.227	-1.430
ARHGAP35_TARGET_GENES ARHGAP35_TARGET_GENES	-1.841	0.937	3.049	3.049	-3.786	-3.786	-1.430	0.937	0.736	1.164	-2.354
HOXD11_TARGET_GENES HOXD11_TARGET_GENES	-1.131	1.351	1.597	1.863	-4.007	-4.007	-1.426	2.458	3.130	-0.884	-1.785
GGCNKCCATNK_UNKNOWN GGCNKCCATNK_UNKNOWN	-1.925	-0.343	2.900	3.687	-3.900	-3.900	-1.162	3.283	0.376	-0.482	-0.484
ZNF595_TARGET_GENES ZNF595_TARGET_GENES	-1.475	1.232	6.072	1.232	-3.690	-3.690	-0.537	0.246	1.232	-1.076	-0.773
HOXA7_TARGET_GENES HOXA7_TARGET_GENES	-0.417	0.439	5.391	0.594	-4.812	-3.709	-1.381	2.076	1.218	-0.581	-1.058
IRX2_TARGET_GENES IRX2_TARGET_GENES	-1.728	0.691	1.254	2.585	-4.478	-3.096	-1.728	3.980	1.996	-0.887	-0.695
ACAWNRNSRCGG_UNKNOWN ACAWNRNSRCGG_UNKNOWN	-0.526	-0.329	6.965	3.831	-1.782	-2.652	-1.210	-0.526	0.651	-1.210	-1.786
KRCTCNNNNMANAGC_UNKNOWN KRCTCNNNNMANAGC_UNKNOWN	6.037	5.397	0.405	-0.859	-0.565	-1.270	-1.853	-1.853	-1.853	-0.359	-0.861
SREBP1_01 SREBP1_01	-0.907	0.382	1.831	1.148	-2.072	-4.204	-1.134	2.675	4.811	-1.711	-1.406
E2F_Q2 E2F_Q2	-1.008	0.691	1.433	1.911	-3.156	-3.735	-1.526	5.293	1.026	-0.490	-1.532
ETF_Q6 ETF_Q6	-1.841	0.561	1.998	3.445	-2.347	-3.786	-2.347	1.998	0.736	0.561	-1.101
DNMT1_TARGET_GENES DNMT1_TARGET_GENES	-0.760	2.001	2.274	1.085	-5.103	-3.638	-1.463	2.274	1.085	-0.760	-0.460
PCGF6_TARGET_GENES PCGF6_TARGET_GENES	-1.331	2.119	4.033	1.376	-2.818	-2.818	-0.909	1.376	-0.605	-0.389	-1.334
ZNF547_TARGET_GENES ZNF547_TARGET_GENES	-1.232	1.226	2.909	0.827	-4.187	-5.097	-1.232	0.388	1.979	0.388	0.510
TAANNYSGCG_UNKNOWN TAANNYSGCG_UNKNOWN	-1.279	1.477	6.796	0.910	-1.769	-2.434	-2.434	0.326	0.679	-0.426	-1.283
MAZ_Q6 MAZ_Q6	-2.968	1.389	1.847	0.543	-3.492	-2.512	-2.512	2.371	1.609	0.998	-0.373
BCL6B_TARGET_GENES BCL6B_TARGET_GENES	-1.008	0.457	4.794	0.588	-2.769	-3.963	-0.261	1.780	0.346	1.097	-2.777
AACWWCAANK_UNKNOWN AACWWCAANK_UNKNOWN	1.377	1.896	0.944	2.186	-4.864	-3.254	-2.663	0.760	0.339	0.457	-0.871
AACYNNNNTTCCS_UNKNOWN AACYNNNNTTCCS_UNKNOWN	-0.250	1.703	2.760	0.508	-3.141	-4.188	-1.027	2.381	0.687	-0.751	-1.384
ZNF584_TARGET_GENES ZNF584_TARGET_GENES	-0.309	0.634	1.135	1.135	-6.352	-3.278	-0.686	4.290	0.293	0.389	-0.539
RRCCGTTA_UNKNOWN RRCCGTTA_UNKNOWN	-0.521	1.264	2.656	3.078	-3.648	-1.447	-0.750	1.566	-0.521	-0.750	-2.661
PAX5_01 PAX5_01	-1.294	-0.348	1.378	0.259	-2.940	-2.422	-1.983	5.973	1.156	0.954	-0.624
STTTCRNTTT_IRF_Q6 STTTCRNTTT_IRF_Q6	-1.183	0.436	1.206	0.692	-5.586	-2.089	-2.485	1.017	1.206	2.693	0.687
GKCGCNNNNNNNTGAYG_UNKNOWN GKCGCNNNNNNNTGAYG_UNKNOWN	-1.675	2.540	2.540	1.325	-1.675	-1.675	-0.287	1.325	0.316	-1.675	-2.532
MXD1_TARGET_GENES MXD1_TARGET_GENES	-0.481	1.591	2.129	1.352	-3.589	-2.971	-0.634	1.591	1.850	-1.633	-1.639
GCGSCMNTTT_UNKNOWN GCGSCMNTTT_UNKNOWN	-1.423	1.592	5.486	-0.275	-1.423	-2.942	-0.275	0.966	0.500	-0.667	-2.037
HDAC8_TARGET_GENES HDAC8_TARGET_GENES	-0.812	0.533	3.596	0.881	-3.399	-2.730	-0.812	3.208	0.881	-1.061	-1.066
ZBTB1_TARGET_GENES ZBTB1_TARGET_GENES	-0.754	2.501	2.868	-0.392	-2.840	-4.728	-1.011	1.274	0.467	-0.392	0.464
ZNF622_TARGET_GENES ZNF622_TARGET_GENES	-0.389	0.560	3.008	0.560	-1.925	-2.818	-2.818	2.119	1.063	-0.240	-1.334
WCTCNATGGY_UNKNOWN WCTCNATGGY_UNKNOWN	-1.801	-0.289	1.440	3.398	-1.801	-3.441	-1.306	2.522	-0.289	0.657	-0.654
ZMYM2_TARGET_GENES ZMYM2_TARGET_GENES	-2.069	0.321	0.446	2.007	-3.258	-4.092	-0.551	3.413	0.321	0.595	0.765
CGTSACG_PAX3_B CGTSACG_PAX3_B	0.568	-0.391	0.568	2.419	-4.043	-4.942	-1.151	1.831	0.904	0.725	-0.394
GGCNNMSMYNTTG_UNKNOWN GGCNNMSMYNTTG_UNKNOWN	-0.752	-1.090	1.769	4.523	-2.178	-3.108	-1.090	1.427	0.277	0.429	-0.507
ZNF133_TARGET_GENES ZNF133_TARGET_GENES	0.388	1.708	0.284	2.909	-4.187	-5.097	-0.579	0.827	0.388	0.388	-0.321
RACTNNRTTTNC_UNKNOWN RACTNNRTTTNC_UNKNOWN	-1.021	0.563	1.647	1.141	-2.665	-4.169	-0.777	3.309	1.382	-0.423	-1.025
TNCATNTCCYR_UNKNOWN TNCATNTCCYR_UNKNOWN	-0.901	0.612	2.618	0.977	-2.892	-2.332	-1.869	2.967	1.435	-1.484	-0.375
CCGNMNNTNACG_UNKNOWN CCGNMNNTNACG_UNKNOWN	-1.197	0.539	2.752	0.995	-3.275	-2.324	-0.576	2.752	0.367	0.367	-1.678
ATGGYGGA_UNKNOWN ATGGYGGA_UNKNOWN	-0.828	1.279	1.028	1.279	-4.354	-1.946	-1.118	1.865	2.199	-0.828	-0.831
ZNF623_TARGET_GENES ZNF623_TARGET_GENES	-0.896	4.476	1.616	0.441	-2.195	-2.916	-1.225	1.052	1.052	-0.641	-1.229
CHAF1A_TARGET_GENES CHAF1A_TARGET_GENES	-1.276	-0.677	3.402	0.771	-2.261	-4.022	-0.475	0.576	1.859	0.998	-0.680
MYC_Q2 MYC_Q2	-0.559	0.752	4.568	1.741	-3.339	-3.931	-0.896	0.752	-0.326	-0.431	0.275
NR1D1_TARGET_GENES NR1D1_TARGET_GENES	-1.140	1.923	1.628	2.242	-3.048	-3.862	-0.468	1.112	0.530	-0.332	-1.145
TGASTMAGC_NFE2_01 TGASTMAGC_NFE2_01	-0.842	-0.527	-0.309	0.387	-4.228	-3.616	0.387	0.766	0.293	3.118	2.799
GGAMTNNNNNTCCY_UNKNOWN GGAMTNNNNNTCCY_UNKNOWN	-0.828	3.049	2.676	0.561	-3.786	-1.841	-1.430	0.736	0.736	0.413	-1.435
PAX8_TARGET_GENES PAX8_TARGET_GENES	-1.899	0.807	0.596	-0.325	-2.582	-3.565	-1.004	0.807	3.202	0.807	0.804
THRA_TARGET_GENES THRA_TARGET_GENES	-0.667	2.738	0.928	0.543	-2.668	-4.521	-0.908	1.163	0.928	0.722	-0.912
E2F_01 E2F_01	-0.240	3.504	1.063	1.376	-2.818	-1.925	-0.605	-0.909	1.728	-0.909	-1.334
TBX1_TARGET_GENES TBX1_TARGET_GENES	0.607	-0.431	3.154	1.991	-1.363	-3.931	-2.826	1.293	0.752	-0.896	-0.328
GGCNRNWCTTYS_UNKNOWN GGCNRNWCTTYS_UNKNOWN	-1.362	0.616	0.616	0.832	-1.866	-1.866	-1.362	6.474	-0.313	0.435	-0.983
HOXC13_TARGET_GENES HOXC13_TARGET_GENES	-0.846	1.661	0.545	0.401	-3.824	-2.379	-1.119	2.283	1.960	0.717	-1.123
GATGKMRGCG_UNKNOWN GATGKMRGCG_UNKNOWN	-0.859	-0.565	2.673	3.663	-2.735	-1.270	-0.565	0.847	0.847	-0.859	-1.273
TTCNRGNNNNTTC_HSF_Q6 TTCNRGNNNNTTC_HSF_Q6	-1.028	-0.620	5.075	1.882	-1.610	-1.294	-2.422	1.156	0.954	-0.620	-0.809
CCAWNWWNNNGGC_UNKNOWN CCAWNWWNNNGGC_UNKNOWN	-0.730	0.267	4.078	2.312	-3.607	-1.931	0.405	-0.338	0.267	0.267	-1.031
KDM1B_TARGET_GENES KDM1B_TARGET_GENES	-0.360	1.165	1.165	1.438	-4.147	-1.796	-1.796	-0.732	2.428	0.372	0.248
ATF_B ATF_B	-2.512	1.185	1.389	1.609	-2.512	-2.512	-0.620	1.847	0.426	1.185	-1.208
ZNF669_TARGET_GENES ZNF669_TARGET_GENES	-0.624	1.298	1.830	2.129	-4.284	-1.763	-0.829	0.519	1.298	-0.460	-1.086
DROSHA_TARGET_GENES DROSHA_TARGET_GENES	-0.605	1.376	1.728	-0.240	-2.818	-1.925	-1.925	2.546	0.790	-0.389	-0.391
SMARCA1_TARGET_GENES SMARCA1_TARGET_GENES	-1.869	2.290	0.341	0.977	-2.892	-2.332	-1.484	1.983	1.194	0.464	-0.267
GRE_C GRE_C	-1.343	0.292	1.899	0.713	-2.156	-2.156	-2.156	3.650	0.408	-0.435	0.898
YGCANTGCR_UNKNOWN YGCANTGCR_UNKNOWN	-0.565	0.579	3.761	1.971	-1.658	-2.633	-1.658	0.750	0.946	-0.565	-1.302
CRGAARNNNNCGA_UNKNOWN CRGAARNNNNCGA_UNKNOWN	-0.755	-0.256	1.180	2.001	-1.988	-1.988	-0.256	3.588	-1.224	-0.451	-0.452
TFCP2_TARGET_GENES TFCP2_TARGET_GENES	-1.063	0.642	0.642	0.289	-3.067	-1.516	-1.063	4.611	1.153	-0.488	-0.315
METHYLCYTOSINE_DIOXYGENASE_TET_UNIPROT_A0A023HHK9_UNREVIEWED_TARGET_GENES METHYLCYTOSINE_DIOXYGENASE_TET_UNIPROT_A0A023HHK9_UNREVIEWED_TARGET_GENES	-0.940	3.237	2.308	0.920	-1.171	-3.606	-1.442	0.753	0.474	0.269	-1.177
HEN1_02 HEN1_02	0.843	-0.264	-0.350	0.342	-3.229	-2.754	-2.754	1.193	0.843	1.610	1.833
YBX3_TARGET_GENES YBX3_TARGET_GENES	-0.920	0.435	0.945	3.053	-2.237	-2.237	-0.348	0.435	1.653	-0.348	-1.433
TAXCREB_01 TAXCREB_01	-0.766	1.074	1.298	1.813	-3.056	-3.755	-0.579	1.813	0.693	-0.429	-0.583
MCM2_TARGET_GENES MCM2_TARGET_GENES	-0.488	0.971	0.971	1.284	-1.711	-2.569	-1.711	2.038	0.478	0.702	-1.715
YRTCANNRCGC_UNKNOWN YRTCANNRCGC_UNKNOWN	-0.810	0.651	4.990	-0.329	-1.210	-1.782	-0.329	1.206	0.907	-1.782	-1.213
ZNF704_TARGET_GENES ZNF704_TARGET_GENES	-0.546	1.168	2.289	1.876	-2.693	-2.693	0.422	0.262	0.422	-0.834	-0.837
KMCATNNWGGA_UNKNOWN KMCATNNWGGA_UNKNOWN	-0.659	1.025	1.900	2.250	-2.954	-2.954	-0.312	0.426	1.025	-0.461	-1.254
PPARGC1A_TARGET_GENES PPARGC1A_TARGET_GENES	-0.521	0.524	1.165	3.222	-2.362	-3.104	-0.521	1.165	-0.521	0.921	-1.358
TTTNNANAGCYR_UNKNOWN TTTNNANAGCYR_UNKNOWN	3.835	3.835	0.821	-0.865	-1.437	-1.123	-1.816	-0.351	-0.485	-0.865	-0.488
ZSCAN5C_TARGET_GENES ZSCAN5C_TARGET_GENES	-0.502	3.544	1.377	0.944	-2.663	-2.663	-1.753	0.339	0.944	-0.502	-0.268
SNACANNNYSYAGA_UNKNOWN SNACANNNYSYAGA_UNKNOWN	-0.641	2.297	1.052	1.052	-2.916	-1.648	-0.896	1.942	0.817	-1.648	-0.643
ZNF532_TARGET_GENES ZNF532_TARGET_GENES	-0.810	1.929	2.349	0.651	-1.210	-1.782	-1.782	0.651	1.547	-0.526	-1.786
PPARA_02 PPARA_02	-0.341	-1.413	2.749	-0.473	-2.243	-2.794	-1.102	1.796	0.661	0.505	1.516
GGGNRMNNYCAT_UNKNOWN GGGNRMNNYCAT_UNKNOWN	-1.306	2.130	2.522	1.768	-0.651	-0.933	-1.801	0.657	0.467	-1.801	-1.310
PPARA_TARGET_GENES PPARA_TARGET_GENES	-0.585	1.097	4.120	0.818	-1.300	-2.776	-1.300	0.582	0.389	-0.374	-0.886
ADNP_TARGET_GENES ADNP_TARGET_GENES	-0.641	-0.446	1.616	0.301	-2.195	-2.916	-1.225	0.613	1.616	2.680	-0.448
CREBP1_01 CREBP1_01	0.399	-0.524	0.648	2.082	-2.741	-2.302	-1.921	0.799	0.399	2.954	-0.527
ZNF165_TARGET_GENES ZNF165_TARGET_GENES	0.353	0.353	1.556	1.243	-2.361	-3.316	-0.864	1.243	0.966	-1.224	0.351
ACTWSNACTNY_UNKNOWN ACTWSNACTNY_UNKNOWN	-0.868	0.977	1.220	1.789	-2.599	-3.368	-0.451	1.491	0.762	-0.868	-0.313
ATCMNTCCGY_UNKNOWN ATCMNTCCGY_UNKNOWN	-0.534	0.721	2.690	0.477	-1.361	-1.361	-2.154	1.017	1.761	-0.864	-0.866
RBM15_TARGET_GENES RBM15_TARGET_GENES	0.483	0.986	1.198	0.628	-3.188	-1.359	-2.113	2.260	1.198	-0.349	-1.365
ZNF37A_TARGET_GENES ZNF37A_TARGET_GENES	-0.267	0.585	0.585	0.585	-1.657	-3.623	-3.002	1.819	0.740	0.740	0.910
LXR_DR4_Q3 LXR_DR4_Q3	-0.605	0.652	1.692	-0.605	-2.842	-1.175	-2.842	0.864	0.652	1.385	0.861
HSF4_TARGET_GENES HSF4_TARGET_GENES	0.332	6.394	0.332	-0.704	-0.704	-0.704	-0.272	-0.272	-0.704	-0.704	-0.273
ZNF585B_TARGET_GENES ZNF585B_TARGET_GENES	0.311	1.166	2.285	1.411	-2.633	-3.293	-1.297	-0.411	0.579	0.311	0.309
CYTAGCAAY_UNKNOWN CYTAGCAAY_UNKNOWN	-0.955	0.399	0.527	1.250	-2.308	-2.308	-1.212	3.673	-0.424	1.250	-0.312
HEN1_01 HEN1_01	1.010	-0.264	-0.917	-0.264	-2.337	-1.971	-2.337	1.010	1.193	0.559	2.917
MIF1_01 MIF1_01	0.515	2.356	0.648	0.648	-3.833	-2.741	-0.524	0.799	0.799	0.515	-1.064
YYCATTCAWW_UNKNOWN YYCATTCAWW_UNKNOWN	-0.285	0.317	1.164	1.366	-2.138	-4.129	-0.992	0.813	-0.798	1.164	1.359
GTTNYYNNGGTNA_UNKNOWN GTTNYYNNGGTNA_UNKNOWN	1.566	0.390	0.995	0.390	-3.648	-2.656	-0.521	0.390	1.264	0.390	-0.523
MCAATNNNNNGCG_UNKNOWN MCAATNNNNNGCG_UNKNOWN	-0.956	0.451	1.113	2.885	-1.334	-3.482	0.301	0.857	0.301	-0.671	-0.302
RAX2_TARGET_GENES RAX2_TARGET_GENES	0.342	0.342	2.012	2.872	-1.997	-1.997	-0.646	0.998	-0.646	-0.421	-0.962
GGGNNTTTCC_NFKB_Q6_01 GGGNNTTTCC_NFKB_Q6_01	-1.144	-0.498	-0.256	-0.670	-2.859	-1.460	-0.670	1.219	2.329	1.730	1.214
STAT1_01 STAT1_01	-0.405	0.539	0.764	1.030	-2.859	-1.361	-0.626	3.427	0.357	-0.934	-0.407
ZNF34_TARGET_GENES ZNF34_TARGET_GENES	-0.646	3.352	1.636	0.342	-0.421	-1.997	-0.421	-0.263	0.998	-1.997	-0.962
ZNF677_TARGET_GENES ZNF677_TARGET_GENES	-0.847	1.044	1.796	1.522	-1.413	-2.243	-1.789	1.044	1.272	-0.473	-0.851
ZSCAN18_TARGET_GENES ZSCAN18_TARGET_GENES	-0.431	4.316	1.225	0.598	-1.190	-1.947	-0.431	-0.728	0.370	-0.431	-0.730
CCAATNNSNNNGCG_UNKNOWN CCAATNNSNNNGCG_UNKNOWN	-0.714	1.039	3.628	-0.273	-1.092	-2.486	-0.452	0.756	0.520	-0.273	-1.095
CGGAARNGGCNG_UNKNOWN CGGAARNGGCNG_UNKNOWN	-0.622	-0.381	1.191	1.191	-2.320	-1.500	-0.381	0.877	1.957	0.397	-1.503
ZSCAN5B_TARGET_GENES ZSCAN5B_TARGET_GENES	-0.411	-0.411	3.070	-0.266	-3.358	-0.887	-0.887	0.937	0.701	-0.613	0.934
ZNF239_TARGET_GENES ZNF239_TARGET_GENES	-0.892	2.223	-0.266	0.339	-1.574	-1.574	-0.892	1.278	1.721	-0.500	-0.267
PR_01 PR_01	-0.540	0.422	0.554	-0.919	-2.755	-1.829	-1.171	0.884	1.300	0.708	2.691
ATF6_01 ATF6_01	-0.981	0.446	0.446	1.440	-3.258	-2.069	-0.743	1.192	1.192	1.192	-0.402
COBLL1_TARGET_GENES COBLL1_TARGET_GENES	-0.666	0.944	1.150	2.186	-2.663	-2.663	-1.111	0.760	0.339	0.598	-0.268
GTTGNYNNRGNAAC_UNKNOWN GTTGNYNNRGNAAC_UNKNOWN	0.928	-0.478	0.722	0.543	-3.443	-2.668	-0.908	0.543	1.163	0.928	0.540
HJURP_TARGET_GENES HJURP_TARGET_GENES	-1.159	-0.279	0.979	1.962	-0.579	-1.159	-0.579	1.962	0.607	-0.579	-1.161
YTCCCRNNAGGY_UNKNOWN YTCCCRNNAGGY_UNKNOWN	0.878	0.878	2.200	-0.314	-2.142	-1.516	-1.516	1.815	-0.731	0.289	-0.490
CCAWYNNGAAR_UNKNOWN CCAWYNNGAAR_UNKNOWN	-1.426	0.329	2.458	2.151	-0.884	-3.287	-0.681	0.583	0.583	-0.275	-0.383
AR_02 AR_02	-0.957	0.528	0.302	-0.300	-1.657	-1.657	-0.549	-0.300	0.528	3.813	0.526
ZNF41_TARGET_GENES ZNF41_TARGET_GENES	-0.939	2.577	0.771	0.998	-1.276	-1.276	-2.991	0.279	0.412	0.279	0.768
ZSCAN23_TARGET_GENES ZSCAN23_TARGET_GENES	-0.313	0.290	2.826	0.435	-2.545	-1.866	-0.313	1.082	0.832	0.290	-1.366
STAT3_02 STAT3_02	-0.527	-0.527	2.115	1.568	-2.224	-2.224	-1.449	0.320	0.433	0.904	0.899
FREAC7_01 FREAC7_01	0.432	-0.751	-0.359	1.815	-0.467	-2.781	-2.362	0.992	1.173	1.585	-0.600
SIX4_TARGET_GENES SIX4_TARGET_GENES	-0.573	1.129	-0.990	1.997	-0.990	-1.698	-0.990	0.501	-0.318	-0.318	1.993
YTAAYNGCT_UNKNOWN YTAAYNGCT_UNKNOWN	0.629	0.791	0.791	0.629	-1.587	-2.909	-1.957	0.629	-0.789	0.791	1.641
SREBP1_02 SREBP1_02	1.264	0.257	2.262	-0.750	-1.447	-2.656	-0.750	1.566	0.558	-0.521	-0.352
TERT_TARGET_GENES TERT_TARGET_GENES	0.353	-0.365	3.179	0.353	-3.153	-1.207	-0.922	1.531	-0.365	-0.365	0.483
KTGGYRSGAA_UNKNOWN KTGGYRSGAA_UNKNOWN	0.397	2.875	2.046	-0.540	-2.251	-1.610	0.254	0.397	-0.354	-0.354	-0.799
RBL1_TARGET_GENES RBL1_TARGET_GENES	0.848	0.571	0.571	1.180	-1.988	-0.755	-1.224	0.352	0.848	-1.988	0.569
CTR9_TARGET_GENES CTR9_TARGET_GENES	-0.315	0.676	0.938	0.938	-2.610	-1.746	-0.315	2.411	-0.315	-0.507	-0.509
AR_03 AR_03	-0.667	0.814	-0.416	-0.247	-2.403	-1.570	-1.034	1.457	0.814	1.457	0.562
ZNF169_TARGET_GENES ZNF169_TARGET_GENES	-1.157	-0.411	0.389	2.134	-1.905	-1.905	-0.228	0.920	0.625	0.625	-0.229
ZNF16_TARGET_GENES ZNF16_TARGET_GENES	-0.340	0.599	1.087	-1.116	-1.579	-2.214	-1.116	1.388	1.388	-0.340	1.083
CATRRAGC_UNKNOWN CATRRAGC_UNKNOWN	-1.581	-0.565	2.139	2.139	-1.581	-1.250	-1.250	0.892	-0.301	0.301	0.888
IRX3_TARGET_GENES IRX3_TARGET_GENES	-0.864	0.721	0.477	1.761	-0.534	-2.154	-0.864	1.365	1.017	-0.316	-1.364
RORA2_01 RORA2_01	-0.357	-0.357	1.133	0.347	-2.450	-2.971	-0.634	2.129	0.347	0.935	0.596
CCANNAGRKGGC_UNKNOWN CCANNAGRKGGC_UNKNOWN	-0.865	0.388	-0.468	-0.332	-1.140	-1.140	-1.480	-0.865	1.923	2.242	1.916
GATA2_01 GATA2_01	-0.290	-0.828	2.944	0.805	-2.531	-0.600	-0.290	1.028	-0.828	-1.118	1.023
SOX11_TARGET_GENES SOX11_TARGET_GENES	-0.650	0.998	2.278	0.431	-1.090	-1.823	-1.090	0.684	0.998	-0.650	-0.374
AR_Q2 AR_Q2	0.446	0.595	0.769	-0.551	-4.092	-0.282	-1.633	0.769	0.321	1.712	0.319
AGCYRWTTC_UNKNOWN AGCYRWTTC_UNKNOWN	1.328	0.263	-1.162	-0.482	-1.505	-3.083	0.263	0.263	1.328	1.328	0.866
EGR2_01 EGR2_01	1.066	1.066	0.368	1.462	-3.142	-1.902	-1.313	0.892	-0.325	0.474	0.276
CAVIN1_TARGET_GENES CAVIN1_TARGET_GENES	-0.363	0.246	1.232	2.214	-1.475	-1.996	-1.475	0.737	1.232	-0.363	-0.540
CCCNNNNNNAAGWT_UNKNOWN CCCNNNNNNAAGWT_UNKNOWN	-0.410	-0.280	1.593	0.462	-2.497	-1.916	-0.584	1.593	1.310	0.462	-0.812
ZNF354A_TARGET_GENES ZNF354A_TARGET_GENES	0.283	-0.320	-0.320	1.301	-0.320	-0.640	-0.320	-1.242	3.685	-0.320	-1.244
PAX3_B PAX3_B	0.505	-0.390	2.496	1.169	-2.767	-1.532	-0.390	0.693	-0.811	0.505	-0.392
AP2REP_01 AP2REP_01	-0.804	0.552	-0.490	1.433	-2.224	-1.526	-1.526	0.326	1.663	1.026	1.020
HEY2_TARGET_GENES HEY2_TARGET_GENES	-1.037	1.188	1.188	0.301	-1.485	-2.105	-1.037	1.507	-0.471	0.463	0.903
SIPA1_TARGET_GENES SIPA1_TARGET_GENES	-0.666	0.457	2.497	0.760	-2.169	-2.169	-0.666	1.150	0.598	0.457	-0.669
XBP1_01 XBP1_01	0.782	-1.165	0.612	0.977	-1.869	-2.892	0.341	1.435	0.612	-0.686	0.778
PIAS4_TARGET_GENES PIAS4_TARGET_GENES	1.025	2.813	0.382	0.243	-2.287	-0.819	-0.558	-0.368	0.773	0.382	-1.646
STAT5A_02 STAT5A_02	-0.339	0.814	0.644	0.496	-3.863	-2.086	0.266	0.266	1.459	0.644	0.367
MEIS1BHOXA9_01 MEIS1BHOXA9_01	0.258	-1.359	2.260	1.198	-2.113	-0.833	-0.349	-1.359	0.258	1.198	0.792
GTCNYYATGR_UNKNOWN GTCNYYATGR_UNKNOWN	0.914	-0.455	0.545	1.387	-3.013	-1.119	-1.869	0.401	0.914	0.545	0.542
NCX_01 NCX_01	-1.171	-1.171	1.106	0.604	-3.036	-0.940	-0.446	1.310	0.753	0.920	0.915
RPA1_TARGET_GENES RPA1_TARGET_GENES	-1.500	0.612	0.877	0.877	-1.500	-2.320	0.233	1.191	0.612	0.233	0.232
VRTN_TARGET_GENES VRTN_TARGET_GENES	-0.911	-0.911	0.217	0.874	-0.911	-0.911	0.491	-0.406	2.595	0.491	0.216
GATA_Q6 GATA_Q6	-0.350	0.442	-0.456	-1.370	-0.350	-0.737	-1.650	-0.585	0.843	0.442	4.607
MED25_TARGET_GENES MED25_TARGET_GENES	1.458	0.406	0.559	1.752	-2.633	-2.037	-0.650	0.281	-0.322	-0.464	0.738
TCOF1_TARGET_GENES TCOF1_TARGET_GENES	-0.580	2.212	1.489	0.434	-0.580	-0.580	-0.580	0.434	-0.580	-0.580	-0.200
TERF2_TARGET_GENES TERF2_TARGET_GENES	-0.384	0.764	1.169	0.955	-2.924	-0.920	-1.508	1.666	-0.384	-0.384	0.593
PTPRA_TARGET_GENES PTPRA_TARGET_GENES	-0.760	0.311	0.946	1.971	-1.658	-2.098	-0.565	1.971	0.433	-0.565	-0.293
MDM2_TARGET_GENES MDM2_TARGET_GENES	-0.176	-0.538	-0.176	-0.538	-0.538	-0.538	-0.538	1.603	0.968	1.603	-0.539
