GO	[-4.89 -0.52]	[-0.52 -0.29]	[-0.29 -0.16]	[-0.16 -0.06]	[-0.06 0.00]	[0.00 0.04]	[0.04 0.15]	[0.15 0.31]	[0.31 0.57]	[0.57 1.14]	[1.14 7.50]
MODULE_92 MODULE_92	0.709	-0.927	-3.383	-4.113	2.725	1.549	-4.113	-3.383	-1.181	4.633	4.267
MODULE_239 MODULE_239	-2.459	-0.664	1.897	1.603	2.557	-1.939	4.603	0.262	-1.171	-2.459	-3.075
MODULE_324 MODULE_324	0.822	0.491	-1.830	-2.849	-0.659	0.255	-2.291	-1.830	-0.353	3.470	5.253
MODULE_180 MODULE_180	1.423	-1.440	-1.854	-2.364	-0.833	-0.312	-1.440	-0.616	-0.312	2.694	5.857
MODULE_244 MODULE_244	-0.921	2.835	2.533	2.248	0.468	-1.141	1.495	-1.696	-1.398	-2.039	-2.849
MODULE_298 MODULE_298	-0.241	-1.079	-1.079	-1.079	3.513	2.796	-1.079	-1.079	-1.079	-0.521	1.592
MODULE_183 MODULE_183	-1.825	0.261	0.877	1.505	1.505	0.877	1.170	0.422	-1.825	-2.703	-2.684
MODULE_345 MODULE_345	0.320	-0.401	-0.554	-2.084	0.445	0.595	-4.120	-1.284	-0.401	2.687	3.898
MODULE_436 MODULE_436	-0.293	-0.739	-0.739	-2.441	0.309	0.729	-3.712	-0.739	0.309	3.602	3.261
MODULE_68 MODULE_68	-0.241	-1.079	-1.079	-1.079	3.513	2.796	-1.079	-0.521	-1.079	-0.521	1.099
MODULE_122 MODULE_122	2.082	0.282	-0.788	-2.532	-0.788	-0.321	-0.597	-2.532	-1.022	3.449	2.763
MODULE_223 MODULE_223	-0.331	-2.076	-3.147	-0.331	-0.455	0.661	-1.041	-1.041	0.509	5.063	2.079
MODULE_292 MODULE_292	0.329	-0.386	-0.927	-2.381	-0.275	0.958	-2.381	-2.381	0.596	2.597	3.360
MODULE_433 MODULE_433	0.315	-0.740	-2.536	-0.740	-0.471	2.100	-1.125	-0.740	-1.125	1.005	4.750
MODULE_121 MODULE_121	0.541	-1.335	-3.083	-0.717	0.384	0.541	-1.777	-0.988	0.258	4.711	1.812
MODULE_297 MODULE_297	3.151	-1.714	-0.868	-2.372	0.520	2.705	-1.714	-1.230	-0.398	0.520	0.982
MODULE_357 MODULE_357	3.151	-1.714	-0.868	-2.372	0.725	2.291	-1.714	-1.230	-0.398	0.520	0.982
MODULE_289 MODULE_289	2.096	-0.714	-1.238	-1.238	0.472	3.154	-2.026	-2.556	0.472	-0.378	1.532
MODULE_154 MODULE_154	2.570	-2.188	-0.756	-2.188	0.620	2.155	-1.554	-1.095	-0.328	0.620	1.138
MODULE_126 MODULE_126	-1.918	1.394	2.713	2.713	-0.516	-2.301	0.663	0.308	-0.394	-1.052	-1.888
MODULE_382 MODULE_382	-0.280	-1.162	-1.162	-1.162	1.433	3.979	-1.162	-0.581	-0.280	-0.280	0.988
MODULE_170 MODULE_170	0.371	0.524	-0.523	-1.807	-0.361	-3.121	-0.736	-0.736	0.524	1.443	4.190
MODULE_352 MODULE_352	-0.705	4.283	0.706	1.207	-0.705	-0.705	-0.273	-0.705	-0.273	-0.705	-0.700
MODULE_80 MODULE_80	1.185	-1.328	-1.328	-1.328	-0.363	0.246	0.246	-1.328	0.479	0.794	2.796
MODULE_410 MODULE_410	-0.234	-0.454	-0.454	-0.830	-0.454	0.984	-1.494	-1.494	-0.454	4.326	0.995
MODULE_200 MODULE_200	0.644	-1.120	-1.120	-1.120	-0.260	-0.551	-0.260	-1.120	0.644	1.032	3.395
MODULE_201 MODULE_201	1.097	-0.493	-1.297	-2.077	0.521	0.521	-0.811	-1.297	-0.493	0.782	3.437
MODULE_128 MODULE_128	0.411	0.411	-0.477	-1.717	-0.325	-3.007	-0.680	-0.680	0.576	1.259	3.921
MODULE_79 MODULE_79	0.384	0.384	-0.508	-1.777	-0.349	-3.083	-0.717	-0.508	0.729	1.198	3.788
MODULE_96 MODULE_96	0.614	-0.477	-0.477	-0.862	-0.250	0.940	-1.536	-1.536	-0.862	3.511	0.950
MODULE_159 MODULE_159	-2.409	0.702	3.556	0.702	0.501	-0.891	1.212	-0.616	-0.616	-0.616	-1.728
MODULE_426 MODULE_426	1.906	-0.523	-1.057	-1.974	-1.454	0.760	-0.352	-1.974	0.557	1.571	1.593
MODULE_329 MODULE_329	1.057	-0.839	-0.514	-2.119	1.057	0.301	-2.119	0.301	-0.514	0.301	2.800
MODULE_416 MODULE_416	-0.954	0.199	-0.954	-0.434	2.475	0.199	-0.954	0.457	-0.954	-0.434	2.491
MODULE_160 MODULE_160	0.823	1.385	2.868	-0.622	0.396	-0.622	-0.622	-0.622	-0.622	-0.622	-0.618
MODULE_188 MODULE_188	-0.284	0.438	-0.945	-1.938	-1.217	0.438	-2.981	0.747	1.926	1.386	1.171
MODULE_387 MODULE_387	0.545	-0.784	-0.472	-2.036	1.138	0.333	-2.036	0.333	-0.472	0.333	2.963
MODULE_125 MODULE_125	0.430	1.801	0.999	1.372	0.239	-0.651	0.684	-0.651	-1.093	-1.827	-1.815
MODULE_124 MODULE_124	-0.662	0.794	1.584	1.584	0.426	-0.922	1.027	0.594	-1.687	-0.922	-2.945
MODULE_361 MODULE_361	-0.276	0.445	-0.518	-2.216	-0.891	0.926	-3.315	0.583	1.877	1.607	0.338
MODULE_323 MODULE_323	-1.646	-1.646	1.743	-0.274	-0.274	0.330	1.370	2.615	-0.716	-0.716	-1.084
MODULE_259 MODULE_259	-0.704	-0.412	-0.412	-0.412	-1.160	-0.704	-0.228	-0.704	-0.228	0.389	6.673
MODULE_303 MODULE_303	-0.280	1.433	1.964	0.978	-0.581	-1.162	0.978	-0.581	-0.581	-1.162	-1.154
MODULE_145 MODULE_145	0.251	0.511	-0.955	-1.268	-1.658	0.683	-2.754	0.251	1.962	1.112	1.391
MODULE_86 MODULE_86	-1.786	-0.626	1.865	-1.786	0.253	-0.355	2.359	0.716	-0.355	0.253	-0.618
MODULE_491 MODULE_491	-0.579	0.538	-0.244	0.538	-1.203	-0.579	2.344	-0.384	1.601	-0.244	-3.265
MODULE_308 MODULE_308	-0.649	0.519	0.342	1.640	0.342	-1.398	1.640	0.999	-0.649	-0.649	-2.892
MODULE_35 MODULE_35	0.762	1.292	2.698	-0.663	0.362	-0.248	-0.663	-0.663	-0.663	-0.663	-0.659
MODULE_133 MODULE_133	0.823	1.385	2.868	-0.622	-0.223	-0.223	-0.622	-0.622	-0.622	-0.622	-0.618
MODULE_273 MODULE_273	-2.161	-0.317	1.018	0.721	-0.867	-0.536	2.209	0.476	1.018	-0.867	-1.353
MODULE_375 MODULE_375	1.203	-0.795	-0.795	-0.795	-0.248	1.496	-1.106	-2.744	0.362	0.521	2.203
MODULE_158 MODULE_158	0.453	1.865	1.041	1.425	0.253	-0.626	0.253	-0.626	-0.626	-1.786	-1.773
MODULE_524 MODULE_524	-1.245	0.282	-0.321	-1.245	-0.641	-0.641	-0.641	0.881	2.997	-0.321	1.314
MODULE_445 MODULE_445	0.396	-0.622	-0.622	-0.223	-0.622	2.868	-0.622	-0.622	-0.622	0.396	1.395
MODULE_57 MODULE_57	-0.624	1.554	0.877	1.554	-0.382	-0.980	1.192	0.232	-0.624	-2.328	-0.969
MODULE_199 MODULE_199	-1.009	-0.400	-0.400	-0.400	-1.540	-0.400	-0.235	-0.647	-0.235	0.845	5.185
MODULE_62 MODULE_62	-2.007	-0.774	0.375	0.969	0.375	0.969	0.245	2.615	0.375	-2.007	-1.067
MODULE_568 MODULE_568	-0.472	0.665	0.301	-0.302	-1.042	-0.712	2.262	-0.302	1.511	0.301	-3.016
MODULE_331 MODULE_331	-0.507	1.122	-0.328	2.155	-0.756	-0.756	1.775	0.851	-1.554	-1.095	-1.081
MODULE_392 MODULE_392	-0.298	0.655	3.186	1.129	-0.746	-0.746	-0.298	-0.746	-0.298	-0.746	-0.295
MODULE_274 MODULE_274	1.818	-0.914	-1.778	-0.635	0.679	1.179	-1.285	-1.285	-0.278	0.484	1.502
MODULE_152 MODULE_152	-1.238	-0.526	0.628	-0.264	0.341	1.250	0.628	2.096	0.472	-2.556	-1.571
MODULE_310 MODULE_310	-0.406	0.490	0.490	-0.912	0.216	0.490	-0.912	2.597	0.490	-0.912	-0.906
MODULE_36 MODULE_36	-1.435	0.300	0.677	1.030	0.405	-1.769	1.465	1.712	-0.411	-0.411	-2.131
MODULE_301 MODULE_301	0.463	0.463	-0.639	-2.027	-0.484	0.463	-2.998	0.758	1.602	1.138	0.356
