GO	[-9.50 -0.70]	[-0.70 -0.44]	[-0.44 -0.25]	[-0.25 -0.09]	[-0.09 0.00]	[0.00 0.00]	[0.00 0.01]	[0.01 0.13]	[0.13 0.34]	[0.34 0.87]	[0.87 14.59]
SETBP1_TARGET_GENES SETBP1_TARGET_GENES	-2.355	-1.635	-1.635	5.009	1.767	-6.393	-4.588	11.349	1.767	-0.421	-3.890
TMTCGCGANR_UNKNOWN TMTCGCGANR_UNKNOWN	-4.699	-3.930	0.260	4.054	1.808	-6.894	-3.287	6.154	3.682	-0.607	-1.234
MIR4753_5P MIR4753_5P	-1.827	-2.200	0.564	6.664	3.110	-7.436	-5.179	0.705	1.456	0.564	-0.986
RUVBL1_TARGET_GENES RUVBL1_TARGET_GENES	-2.658	-1.008	-1.527	2.755	1.024	-5.216	-2.226	9.052	1.909	0.690	-3.727
MIR4436B_5P MIR4436B_5P	-1.630	-1.630	0.283	9.199	2.372	-5.853	-3.090	1.779	0.522	0.283	-3.082
ZBTB5_TARGET_GENES ZBTB5_TARGET_GENES	-2.714	-2.714	0.309	1.851	2.111	-6.274	-2.714	2.990	4.773	0.986	-2.706
MIR6715B_3P MIR6715B_3P	-0.331	-2.763	-0.331	4.812	2.792	-5.437	-4.285	3.540	-0.460	-1.764	0.521
GTF3A_TARGET_GENES GTF3A_TARGET_GENES	-1.143	0.578	-0.354	-2.252	0.397	12.666	1.680	-2.252	-1.143	-1.611	-3.187
SGCGSSAAA_E2F1DP2_01 SGCGSSAAA_E2F1DP2_01	-1.299	-1.044	-1.044	5.090	2.553	-7.019	-3.382	2.553	1.980	-0.375	-1.294
MIR7161_5P MIR7161_5P	-0.370	-3.493	0.425	10.257	0.828	-5.625	-2.115	1.608	0.542	-0.484	-1.458
MIR509_5P MIR509_5P	-1.598	-2.355	-0.375	5.090	5.957	-5.763	-0.828	1.721	0.434	-2.355	-0.644
E2F_Q2 E2F_Q2	-2.226	-0.805	-0.277	4.488	0.690	-6.195	-2.658	3.748	2.174	0.551	-2.650
MIR371A_5P MIR371A_5P	-0.760	-3.639	0.261	5.894	2.869	-3.639	-2.149	1.744	1.084	0.353	-3.630
CREB3L2_TARGET_GENES CREB3L2_TARGET_GENES	-1.062	-2.731	-0.610	4.877	1.863	-4.247	-3.400	3.205	1.090	0.533	-1.732
MIR8057 MIR8057	-0.981	-1.363	-0.473	5.298	2.414	-2.545	-2.545	3.732	0.615	-2.545	-1.862
GTGCCAT_MIR183 GTGCCAT_MIR183	-1.998	-1.643	-0.675	4.571	1.014	-5.842	-3.446	2.787	1.665	-0.293	0.538
MIR12135 MIR12135	0.386	-1.043	-0.672	4.871	2.808	-5.775	-3.617	2.808	0.386	-0.528	-1.540
MIR3685 MIR3685	-0.881	-0.700	-0.318	2.573	2.875	-7.686	-3.309	2.573	0.931	0.379	-1.090
MIR7844_5P MIR7844_5P	-1.379	-0.677	0.706	1.507	5.704	-4.443	-3.066	0.876	2.622	-2.537	-0.867
GGAANCGGAANY_UNKNOWN GGAANCGGAANY_UNKNOWN	-1.620	-2.099	0.261	1.989	1.678	-4.563	-1.236	3.073	3.482	-0.493	-2.697
MIR499A_5P MIR499A_5P	-0.908	-0.318	-0.318	4.808	2.093	-5.959	-4.205	2.672	0.382	-0.717	-0.713
SREBP1_01 SREBP1_01	-2.492	-1.401	0.382	2.093	1.356	-2.492	-2.073	2.988	5.218	-0.908	-2.969
HDAC8_TARGET_GENES HDAC8_TARGET_GENES	-2.731	-2.186	-2.186	1.863	2.838	-3.400	-2.731	2.166	2.491	0.694	0.398
IRX2_TARGET_GENES IRX2_TARGET_GENES	-1.123	-1.729	-0.293	5.200	2.905	-5.411	-3.097	1.480	0.310	0.690	-0.884
ZNF704_TARGET_GENES ZNF704_TARGET_GENES	-1.818	-2.694	-1.241	1.501	2.738	-2.694	-0.834	2.738	1.168	1.168	-2.690
ZNF547_TARGET_GENES ZNF547_TARGET_GENES	-1.233	-3.456	-0.319	3.620	-0.319	-5.099	-1.541	1.455	4.405	0.659	-0.577
MIR885_5P MIR885_5P	-1.406	-0.301	-2.317	1.446	5.312	-3.749	-2.317	2.366	1.190	0.301	-1.808
RACTNNRTTTNC_UNKNOWN RACTNNRTTTNC_UNKNOWN	-4.170	-1.685	-0.424	0.563	2.931	-2.666	-3.330	1.645	3.306	0.730	0.303
MIR148A_5P MIR148A_5P	-1.786	-1.786	1.764	6.426	0.439	-4.813	-1.381	1.217	0.593	-0.582	-0.788
GCGNNANTTCC_UNKNOWN GCGNNANTTCC_UNKNOWN	-2.041	-1.608	-0.273	3.076	0.787	-4.055	-1.608	3.076	1.217	1.469	-2.563
MIR4649_3P MIR4649_3P	-1.672	-0.359	0.991	3.518	0.333	-7.025	-2.782	0.991	2.321	0.547	-0.747
GAGCTGG_MIR337 GAGCTGG_MIR337	-0.419	-2.167	-0.419	0.660	-0.419	-4.553	-3.160	4.261	1.930	2.823	-0.717
MIR5009_3P MIR5009_3P	-1.340	-4.102	-0.293	2.787	1.919	-5.842	-0.675	2.190	0.534	0.412	0.415
GKCGCNNNNNNNTGAYG_UNKNOWN GKCGCNNNNNNNTGAYG_UNKNOWN	-2.528	-0.738	0.728	2.538	3.022	-1.676	-2.528	0.498	1.688	-0.470	-2.524
ZMYM2_TARGET_GENES ZMYM2_TARGET_GENES	-1.633	-1.275	-0.400	2.324	1.439	-5.229	-3.259	2.006	0.768	1.439	-0.280
MIR619_5P MIR619_5P	-0.552	-0.407	1.120	2.829	0.727	-5.728	-2.991	0.727	2.829	-0.958	-0.953
NR1D1_TARGET_GENES NR1D1_TARGET_GENES	-0.644	-1.898	-0.469	2.582	2.240	-3.049	-0.866	2.947	1.356	-0.469	-3.856
MIR12132 MIR12132	-0.515	-2.197	1.596	2.456	3.875	-4.008	-2.694	0.582	0.582	-1.132	-0.378
ZNF165_TARGET_GENES ZNF165_TARGET_GENES	-3.317	-1.706	0.353	4.106	0.520	-3.317	-1.225	0.965	1.901	-0.255	-0.253
MIR6827_3P MIR6827_3P	-0.652	-1.307	-1.307	5.483	1.143	-3.441	-2.472	1.439	0.313	0.657	-0.440
MIR200B_5P MIR200B_5P	-1.512	-0.437	-0.437	7.344	0.301	-4.397	-1.142	0.593	0.593	0.783	-1.138
MIR6771_3P MIR6771_3P	0.426	-0.461	0.594	0.426	0.426	-3.981	-2.229	5.985	0.793	-2.229	-0.459
MIR4793_3P MIR4793_3P	-0.960	-1.393	0.519	2.870	3.351	-2.902	-1.998	2.011	-1.393	-0.647	-0.262
MIR299_5P MIR299_5P	-0.920	-1.172	0.554	0.708	4.165	-2.253	-3.355	2.379	1.299	-0.292	-2.246
MIR4697_3P MIR4697_3P	-0.810	-0.597	-0.430	3.498	1.728	-3.749	-2.945	3.098	0.301	-0.301	-1.072
MIR5583_5P MIR5583_5P	-0.301	-1.142	-0.437	4.648	3.294	-2.566	-2.566	1.523	-0.848	-0.617	-0.845
MIR4650_3P MIR4650_3P	0.912	-0.552	0.727	1.350	2.829	-3.685	-2.991	2.492	-0.407	-1.229	-1.552
MIR4647_MIR4662B MIR4647_MIR4662B	-0.351	-2.656	-0.521	4.003	1.565	-2.656	-1.447	2.654	0.256	0.256	-1.443
MIR188_3P MIR188_3P	-1.010	-1.587	-0.338	2.196	1.178	-4.261	-2.394	2.823	1.912	0.267	-0.604
MIR1913 MIR1913	-0.833	-2.114	-1.704	2.575	0.795	-2.603	-2.603	1.961	2.575	-0.350	0.799
MIR4705 MIR4705	-0.710	0.342	0.472	3.518	0.342	-3.189	-4.016	1.499	1.778	-0.377	-1.577
CGGAARNGGCNG_UNKNOWN CGGAARNGGCNG_UNKNOWN	-0.622	-0.977	-0.622	1.551	0.877	-2.321	-1.500	1.956	3.423	-0.382	-2.317
MIR2355_5P MIR2355_5P	-0.486	-0.486	-0.866	-0.352	0.820	-3.507	-2.828	5.610	1.761	-0.352	0.257
ZNF133_TARGET_GENES ZNF133_TARGET_GENES	-1.906	-0.974	0.513	1.015	1.015	-2.848	-2.848	2.578	2.268	0.827	-1.228
MIR618 MIR618	-2.142	-0.731	-0.314	3.068	1.814	-3.068	-1.516	2.199	0.445	-0.488	-0.486
CHAF1A_TARGET_GENES CHAF1A_TARGET_GENES	0.412	-0.677	1.541	2.974	-0.677	-2.262	-4.023	0.771	1.254	-0.677	-0.473
MIR4430 MIR4430	-0.340	-0.465	-0.622	1.995	-0.465	-2.573	-3.156	4.091	1.458	-0.622	-0.337
MIR496 MIR496	0.701	0.904	-0.929	2.326	1.135	-2.703	-3.482	0.904	0.380	-1.620	0.382
MIR382_3P MIR382_3P	-1.028	-0.751	-0.250	4.046	0.359	-3.142	-1.028	2.379	0.687	-0.250	-1.376
MIR617 MIR617	-0.315	-1.747	0.675	3.379	0.675	-2.611	-1.747	0.459	0.938	0.459	-1.178
MIR197_5P MIR197_5P	0.262	-2.694	0.876	2.288	0.876	-1.818	-1.241	2.288	-0.834	0.262	-0.832
GATGKMRGCG_UNKNOWN GATGKMRGCG_UNKNOWN	-0.859	-1.854	-0.359	0.604	1.131	-1.854	-1.854	1.458	3.150	0.604	-0.857
YRTCANNRCGC_UNKNOWN YRTCANNRCGC_UNKNOWN	-0.329	-1.782	-0.527	2.806	2.348	-1.782	-0.810	0.440	-0.329	1.205	-1.779
MIR3145_5P MIR3145_5P	-1.006	-1.797	0.371	0.707	2.810	-3.105	-1.797	0.920	1.164	0.524	0.251
MIR1255B_2_3P MIR1255B_2_3P	-1.997	-0.771	1.231	2.600	0.376	-2.694	-1.077	1.527	0.967	-1.077	0.248
MIR299_3P MIR299_3P	-0.645	-0.399	0.587	2.818	-0.645	-2.362	-1.535	1.899	0.379	0.845	-1.532
MIR4286 MIR4286	-0.268	-0.588	-0.268	0.672	0.672	-3.815	-2.096	2.842	1.419	-0.404	-0.402
MIR3162_5P MIR3162_5P	0.412	-1.117	0.823	1.723	-0.523	-1.579	-2.215	1.723	1.387	0.412	-2.211
THRA_TARGET_GENES THRA_TARGET_GENES	0.270	-0.667	-0.334	1.425	1.425	-4.522	-2.069	0.928	0.928	-0.334	0.395
MIR6774_5P MIR6774_5P	-1.396	-0.556	-2.196	1.705	0.455	-1.396	-1.396	1.705	0.691	0.980	0.457
TGASTMAGC_NFE2_01 TGASTMAGC_NFE2_01	-1.276	-1.276	-0.408	0.622	0.765	-1.547	-3.085	2.240	1.736	0.926	0.389
MIR3929 MIR3929	-0.505	-1.028	-0.338	0.404	0.576	-0.730	-2.619	1.297	4.586	-0.505	-0.727
MIR510_5P MIR510_5P	0.342	-1.393	0.737	0.997	4.408	-1.998	-0.647	-0.263	-0.421	-1.393	-0.262
MIR6835_5P MIR6835_5P	-0.385	-1.367	-1.367	0.231	2.091	-0.733	-1.367	0.453	1.130	-0.385	1.581
MIR643 MIR643	-1.211	-0.810	1.928	0.275	1.205	-2.653	-1.782	0.651	0.275	0.906	0.442
MIR4720_5P MIR4720_5P	-1.997	-0.771	-0.538	1.527	1.854	-2.694	-0.771	0.967	-0.364	1.231	0.378
GTTGNYNNRGNAAC_UNKNOWN GTTGNYNNRGNAAC_UNKNOWN	0.543	-0.667	0.270	2.736	-0.479	-2.069	-3.444	0.270	0.392	1.162	0.545
HJURP_TARGET_GENES HJURP_TARGET_GENES	-1.160	-0.279	0.978	-0.279	1.432	-1.160	-0.279	1.962	0.607	-1.160	-1.158
MIR5585_3P MIR5585_3P	0.376	0.967	-0.364	2.212	0.967	-1.476	-2.694	1.527	-1.077	-0.538	-0.768
MIR125A_3P MIR125A_3P	-1.143	0.254	2.443	0.797	0.797	-1.143	-3.192	0.578	-0.354	0.578	-0.538
MIR6865_5P MIR6865_5P	0.564	-0.416	-1.570	0.362	1.112	-2.404	-1.570	2.274	0.362	0.362	0.364
MIR4689 MIR4689	-1.052	-0.351	1.565	1.565	1.565	-2.656	-1.447	0.557	0.256	-1.052	0.392
MIR6514_3P MIR6514_3P	-0.421	-0.421	0.737	2.423	1.297	-2.902	-0.647	0.997	-0.960	-0.647	-0.420
MIR4266 MIR4266	-0.730	-0.338	0.267	0.782	0.782	-1.932	-1.932	3.593	0.576	0.267	-1.025
MIR6748_3P MIR6748_3P	1.175	0.326	-0.277	-0.277	0.678	-2.435	-3.400	0.326	1.175	0.484	0.328
MIR1287_5P MIR1287_5P	-0.586	-1.301	0.239	-0.374	1.775	-1.890	-1.301	3.077	0.581	0.239	0.240
MIR4280 MIR4280	-2.030	0.334	-0.782	1.137	0.814	-1.259	-0.471	1.937	0.814	0.334	-1.256
MIR769_5P MIR769_5P	0.571	-0.451	-0.256	0.351	0.351	-1.989	-0.451	0.571	2.484	0.351	-1.986
MIR3678_5P MIR3678_5P	-0.199	-0.580	-0.199	-0.580	-0.580	-0.580	-0.199	3.052	-0.199	1.488	-0.579
