GO	[-6.41 -0.50]	[-0.50 -0.23]	[-0.23 -0.12]	[-0.12 -0.04]	[-0.04 0.00]	[0.00 0.04]	[0.04 0.11]	[0.11 0.19]	[0.19 0.33]	[0.33 0.65]	[0.65 5.29]
MORF_NPM1 MORF_NPM1	-5.244	-1.301	3.891	8.060	1.896	-0.348	1.896	-0.470	-1.301	-6.469	-6.485
MORF_G22P1 MORF_G22P1	-4.654	-2.699	1.169	4.607	0.791	0.276	4.206	3.822	-1.206	-6.848	-6.865
MORF_ACTG1 MORF_ACTG1	-5.544	-0.487	3.468	8.331	3.087	-0.487	0.256	-0.352	-1.444	-5.544	-5.557
MORF_CTBP1 MORF_CTBP1	-4.580	-2.180	1.011	0.826	0.396	0.826	5.583	5.583	-0.724	-6.764	-5.536
MORF_ANP32B MORF_ANP32B	-4.834	-2.532	1.400	4.759	0.545	-0.278	5.157	2.686	-0.982	-4.834	-6.694
GCM_TPT1 GCM_TPT1	-1.858	-0.860	3.681	11.398	1.832	-0.566	-0.860	-2.741	-2.741	-2.741	-2.748
MORF_DAP3 MORF_DAP3	-3.333	-1.983	2.313	0.938	0.771	-0.703	4.680	6.825	-1.645	-4.620	-6.453
GNF2_EIF3S6 GNF2_EIF3S6	-3.725	-0.291	4.469	9.456	1.775	-0.583	-0.418	-1.386	-1.386	-4.831	-3.736
GCM_NPM1 GCM_NPM1	-2.076	-0.334	3.150	8.324	1.433	-0.334	0.723	-0.669	-4.538	-4.538	-4.549
MORF_RAD21 MORF_RAD21	-2.997	-3.566	0.789	1.367	0.499	-0.426	8.626	3.359	-0.426	-4.233	-6.013
MORF_TPT1 MORF_TPT1	-4.119	0.259	3.746	8.798	1.788	-0.506	-0.986	-0.506	-1.332	-4.119	-4.129
MORF_HAT1 MORF_HAT1	-2.370	-2.847	0.327	1.492	0.876	-0.498	8.504	2.280	-0.375	-2.847	-7.076
GNF2_FBL GNF2_FBL	-5.922	-1.038	4.615	5.519	0.837	0.510	1.497	-0.330	-2.070	-3.139	-3.860
MORF_NME2 MORF_NME2	-4.102	-1.839	1.087	5.984	2.401	-0.542	2.401	0.556	-0.542	-3.374	-6.232
GCM_APEX1 GCM_APEX1	-3.419	0.280	3.205	5.550	1.196	-0.652	1.196	0.280	-2.046	-4.496	-4.507
MORF_RAB1A MORF_RAB1A	-3.333	-2.372	1.784	0.938	0.285	0.492	6.825	3.231	-1.353	-2.819	-5.456
MORF_EIF4A2 MORF_EIF4A2	-5.586	-0.363	2.033	4.231	1.472	-0.672	0.478	2.033	-0.500	-3.559	-5.600
MORF_RAD23B MORF_RAD23B	-4.129	-2.907	1.021	2.212	-0.395	-0.395	6.367	2.817	-0.293	-2.425	-4.930
GCM_ACTG1 GCM_ACTG1	-3.764	-0.812	2.383	3.528	1.739	0.426	2.383	-0.301	-1.079	-4.873	-4.885
GNF2_CCNB2 GNF2_CCNB2	-2.324	-2.324	-1.503	-0.978	-1.503	-0.623	0.233	4.617	8.183	0.613	-2.330
MORF_FBL MORF_FBL	-1.852	-2.874	0.804	5.598	0.478	0.629	3.814	1.003	-1.852	-3.559	-4.434
MORF_PPP2CA MORF_PPP2CA	-3.203	-2.021	-0.377	1.018	1.509	0.342	3.549	5.343	-0.945	-2.549	-5.179
MORF_PRKAR1A MORF_PRKAR1A	-2.435	-4.578	0.917	0.917	0.311	0.427	5.798	4.002	-0.961	-2.435	-3.715
GNF2_ST13 GNF2_ST13	-2.616	-0.508	4.512	7.874	-0.315	-0.315	0.288	-1.183	-1.183	-2.616	-2.622
GNF2_CDC20 GNF2_CDC20	-2.283	-2.283	-1.468	-0.950	-1.468	-0.950	0.638	3.526	7.556	0.912	-2.288
MORF_PSMC1 MORF_PSMC1	-4.444	-2.241	0.431	1.444	-0.277	0.854	4.164	4.164	-0.277	-2.241	-5.267
MORF_PRKDC MORF_PRKDC	-6.276	-1.031	1.012	2.448	0.318	0.679	2.165	2.448	0.679	-3.210	-5.305
MORF_UBE2N MORF_UBE2N	-2.136	-2.851	-0.418	2.407	1.113	-0.279	5.741	0.867	0.325	-3.868	-3.877
GNF2_CCNA2 GNF2_CCNA2	-2.783	-2.783	-1.303	-0.586	-1.303	-0.586	0.582	2.619	6.621	1.782	-2.789
MORF_AP3D1 MORF_AP3D1	-2.549	-0.711	1.251	1.018	0.342	-1.589	3.153	5.343	-0.377	-4.034	-4.045
MORF_PPP1CA MORF_PPP1CA	-2.640	-3.180	0.519	1.948	0.396	0.396	5.143	3.191	-0.926	-1.787	-4.594
GNF2_DAP3 GNF2_DAP3	-3.649	-0.757	2.170	6.664	0.468	0.630	1.280	-0.393	-1.337	-2.852	-3.659
GNF2_APEX1 GNF2_APEX1	-2.664	-0.752	0.256	3.095	1.269	0.998	5.071	-0.522	-1.970	-2.664	-3.668
MORF_EIF3S6 MORF_EIF3S6	-3.027	-0.849	1.670	3.021	0.917	-0.322	3.021	0.719	-0.630	-4.957	-3.852
GNF2_CENPF GNF2_CENPF	-2.533	-1.679	-1.123	-1.123	-0.739	-0.470	0.499	1.329	9.775	0.729	-2.539
MORF_EI24 MORF_EI24	-2.435	-1.960	0.311	2.513	-0.407	-0.553	3.217	4.863	0.311	-2.435	-4.590
GNF2_CDC2 GNF2_CDC2	-2.533	-1.123	-1.123	-1.679	-0.470	-0.739	0.316	1.694	8.959	1.006	-2.539
MORF_ERH MORF_ERH	-1.626	-2.713	0.528	1.401	0.704	0.261	3.510	3.096	-0.345	-3.495	-4.591
MORF_RAF1 MORF_RAF1	-2.610	-0.870	0.980	0.577	-0.312	-0.312	7.917	1.498	-1.544	-1.169	-4.465
MORF_CDC10 MORF_CDC10	-4.773	-0.624	2.012	0.818	-0.466	0.265	3.732	2.315	0.265	-2.097	-4.786
GCM_CSNK2B GCM_CSNK2B	-2.889	-0.432	2.358	4.583	0.842	0.457	0.457	0.313	-0.624	-3.910	-3.919
GNF2_HDAC1 GNF2_HDAC1	-2.473	-0.791	0.477	1.956	0.650	1.637	1.346	3.072	-1.893	-3.229	-4.297
MORF_RPA2 MORF_RPA2	-1.911	-0.514	2.133	0.993	-0.514	-1.294	3.704	2.414	0.528	-2.293	-6.333
MORF_PPP1CC MORF_PPP1CC	-3.817	-0.926	1.684	2.853	0.292	0.396	2.533	0.826	0.519	-2.640	-5.536
MORF_PSMC2 MORF_PSMC2	-2.201	-2.201	0.647	0.841	0.482	0.344	4.206	3.339	-0.739	-1.709	-4.717
GNF2_KPNB1 GNF2_KPNB1	-2.908	-1.395	-0.422	1.000	1.301	2.884	2.435	1.000	-0.962	-2.908	-2.915
MORF_TERF2IP MORF_TERF2IP	-2.748	-0.508	0.368	0.685	-0.508	0.368	5.313	3.452	-1.264	-1.264	-4.633
CAR_HPX CAR_HPX	1.919	-0.689	-2.074	-2.991	0.690	1.554	-2.991	-1.457	-0.689	0.481	4.807
MORF_CCNI MORF_CCNI	-2.590	-1.007	1.651	4.179	0.278	0.278	0.809	2.375	-1.905	-1.905	-3.584
MORF_PTPN11 MORF_PTPN11	-2.507	-1.464	-0.585	2.256	0.323	0.829	3.878	0.323	1.601	-2.507	-4.339
GCM_MYST2 GCM_MYST2	-4.803	-1.286	1.765	2.031	-0.487	-0.487	3.275	2.031	-0.636	-0.487	-4.038
GNF2_HMMR GNF2_HMMR	-1.950	-1.950	-0.729	-0.729	-1.192	-0.729	0.598	2.072	6.473	0.885	-1.955
GNF2_XRCC5 GNF2_XRCC5	-1.457	-2.074	0.314	1.554	0.314	1.554	0.938	4.258	-1.013	-2.991	-2.998
MORF_RFC4 MORF_RFC4	-3.306	-1.434	0.745	1.877	-0.275	-0.275	2.809	3.159	-0.275	-1.434	-4.944
GCM_HBP1 GCM_HBP1	-2.783	-1.303	0.238	3.600	-0.586	0.389	4.714	0.582	-0.586	-1.303	-2.789
MORF_SP3 MORF_SP3	-2.294	-1.646	1.318	0.774	-0.368	0.382	4.841	1.644	-0.559	-2.294	-3.249
GNF2_DEK GNF2_DEK	-2.324	-2.324	0.233	1.193	2.413	1.193	1.963	0.613	-0.623	-2.324	-2.330
GNF2_CENPE GNF2_CENPE	-1.659	-1.659	-0.958	-1.659	-0.300	-0.549	0.528	2.074	6.013	0.528	-1.663
GNF2_HPX GNF2_HPX	3.627	0.282	-1.066	-2.743	0.534	1.097	-3.416	-1.745	-1.066	0.282	4.024
GCM_RAB10 GCM_RAB10	-2.508	-2.086	3.022	1.367	1.155	-0.720	2.399	0.634	-0.559	-0.426	-5.042
GNF2_RAN GNF2_RAN	-2.552	-2.552	0.289	1.086	0.617	0.834	2.044	2.427	0.435	-1.872	-3.542
MORF_PRDX3 MORF_PRDX3	-1.282	-1.775	-0.427	0.912	0.912	0.326	2.189	2.591	0.680	-3.409	-3.417
MODULE_92 MODULE_92	2.393	-1.018	-3.812	-0.786	0.392	1.525	-1.638	-2.042	-0.786	0.678	4.657
MORF_PAPSS1 MORF_PAPSS1	-1.411	-1.053	0.669	0.876	-0.553	0.347	4.010	3.128	-1.053	-1.411	-4.255
CAR_IGFBP1 CAR_IGFBP1	1.235	-0.365	-1.468	-2.283	0.638	1.235	-2.283	-1.468	-0.950	0.245	5.367
GNF2_TPT1 GNF2_TPT1	-1.493	0.381	1.863	5.874	0.647	-0.234	-0.829	-1.493	-0.829	-1.493	-1.496
GNF2_TTK GNF2_TTK	-1.617	-1.617	-0.525	-0.525	-1.617	0.320	-0.283	1.659	6.180	0.555	-1.621
GNF2_NPM1 GNF2_NPM1	-2.824	-0.606	1.734	4.618	0.792	0.373	0.373	0.373	-0.911	-1.930	-2.831
MORF_MAP2K7 MORF_MAP2K7	3.492	0.310	-2.907	-2.010	0.840	2.817	-1.653	-2.907	-0.677	0.413	1.431
MORF_TPR MORF_TPR	-2.015	-0.430	1.079	1.306	-0.999	-0.581	1.555	2.767	0.876	-0.999	-5.852
GNF2_SMC4L1 GNF2_SMC4L1	-3.450	-0.442	-0.442	-0.289	-0.289	0.313	0.313	2.139	4.955	-0.653	-3.459
MORF_BECN1 MORF_BECN1	-2.337	0.949	0.542	1.479	-0.715	-0.348	2.491	2.491	-1.332	-1.332	-4.129
MODULE_111 MODULE_111	2.047	-0.454	-0.802	-0.330	-1.663	-0.454	-3.848	-1.038	-0.454	0.662	6.982
GCM_UBE2N GCM_UBE2N	-6.132	-0.275	1.133	1.359	-0.275	-0.683	1.608	2.809	-0.888	-0.381	-2.219
MORF_PPP6C MORF_PPP6C	-2.371	-3.115	0.249	1.445	0.924	0.709	0.525	2.082	1.169	-0.734	-4.171
MORF_JUND MORF_JUND	-2.616	-0.508	1.989	3.936	1.247	0.288	-1.183	0.677	-0.787	-1.183	-2.622
GCM_PSME1 GCM_PSME1	-1.710	-0.255	1.910	1.247	1.561	-0.596	1.247	0.968	-0.866	-3.325	-3.333
MORF_RRM1 MORF_RRM1	-2.371	-1.358	0.372	2.442	0.372	-0.360	3.243	1.169	0.525	-2.371	-3.124
MODULE_62 MODULE_62	-1.905	-0.711	-0.489	1.997	1.056	0.278	1.337	2.783	-0.325	-2.590	-3.584
MORF_DNMT1 MORF_DNMT1	-2.887	-1.362	1.011	2.839	0.612	-0.405	2.129	0.798	0.454	-1.765	-3.697
GCM_CBFB GCM_CBFB	-1.966	-0.251	2.073	0.765	0.765	-0.251	2.073	1.032	-1.365	-2.866	-2.873
MORF_MTA1 MORF_MTA1	-1.306	-0.964	0.975	0.751	-0.964	-0.336	6.423	1.514	-0.964	-1.743	-2.311
MORF_SMC1L1 MORF_SMC1L1	-2.491	-0.715	1.041	1.041	1.745	0.757	2.160	-0.273	-0.715	-2.491	-2.497
MORF_RAB5A MORF_RAB5A	-2.136	-2.851	0.653	0.867	-0.279	0.325	2.407	1.700	0.867	-0.607	-3.877
MORF_MAP2K2 MORF_MAP2K2	-1.280	-2.079	1.197	1.722	0.596	-0.400	2.342	2.021	-0.400	-2.614	-3.285
GNF2_LCAT GNF2_LCAT	2.256	0.272	-0.868	-1.906	0.700	1.117	-3.062	-2.421	-0.868	0.388	3.760
GNF2_GLTSCR2 GNF2_GLTSCR2	-1.202	-0.610	1.367	4.611	1.367	-1.202	0.303	-1.202	-0.300	-1.202	-1.205
GNF2_HPN GNF2_HPN	2.554	-0.311	-1.046	-1.719	0.715	1.121	-3.381	-2.166	-0.797	0.549	3.270
MODULE_274 MODULE_274	3.977	-0.427	-3.409	-1.282	0.326	0.680	-1.775	-1.282	-0.427	2.189	0.676
MORF_CUL1 MORF_CUL1	-2.824	-0.390	-0.240	0.561	0.561	-0.606	3.521	2.556	-0.606	-0.911	-2.831
MORF_IFNA1 MORF_IFNA1	1.377	0.817	-2.155	-2.155	0.666	2.955	-1.802	-2.558	-0.999	0.666	2.078
GNF2_PCNA GNF2_PCNA	-2.783	-0.586	-0.374	-0.586	-0.374	-0.374	0.389	1.421	5.319	0.389	-2.789
GCM_MLL GCM_MLL	-3.372	-0.365	4.002	1.519	0.447	-0.636	0.576	0.576	0.576	-1.031	-4.038
MORF_BAG5 MORF_BAG5	-1.364	-1.364	1.368	-0.316	-0.316	1.368	0.722	3.805	-0.535	-2.158	-2.163
MORF_MBD4 MORF_MBD4	-1.839	-1.338	1.408	0.451	0.451	0.637	2.091	2.480	-0.959	-1.338	-3.501
MORF_CDC16 MORF_CDC16	-2.950	-0.438	1.263	2.819	0.500	0.969	0.328	0.969	-0.987	-1.426	-2.957
GNF2_RRM2 GNF2_RRM2	-0.958	-1.659	-0.958	-0.300	-1.659	-0.300	0.821	2.074	3.825	0.528	-1.663
MORF_EIF4E MORF_EIF4E	-3.409	-0.427	-0.277	0.326	0.326	0.680	1.819	3.023	0.326	-0.912	-3.417
MODULE_152 MODULE_152	-2.421	-1.487	0.388	1.117	1.117	-0.332	1.934	1.934	0.700	-1.487	-3.890
MORF_PCNA MORF_PCNA	-1.227	-1.227	0.968	1.910	0.968	0.353	3.151	-0.255	-0.866	-1.710	-3.333
MORF_SNRP70 MORF_SNRP70	-1.573	-0.668	1.115	0.565	-0.247	-0.668	1.115	5.033	-0.668	-1.573	-2.414
GNF2_MKI67 GNF2_MKI67	-1.119	-1.119	-0.550	-1.119	-1.119	-0.260	0.347	1.033	4.961	1.033	-1.122
MORF_PPP2R5E MORF_PPP2R5E	-1.678	-0.843	0.750	2.345	-0.843	-0.843	2.345	1.282	0.750	-1.200	-3.291
GCM_GSPT1 GCM_GSPT1	-5.560	-0.569	1.414	1.655	-0.569	-0.319	1.655	0.809	0.385	0.385	-2.681
MODULE_239 MODULE_239	-3.764	-0.430	0.757	1.196	0.301	-0.430	2.383	0.426	1.455	-0.812	-3.775
MODULE_29 MODULE_29	-1.077	-1.077	1.581	3.514	1.581	-0.520	-0.520	-1.077	0.371	-1.077	-1.080
MODULE_298 MODULE_298	-0.491	-1.036	-1.036	-1.036	1.661	3.663	-1.036	-1.036	-0.491	-0.222	1.657
GNF2_PA2G4 GNF2_PA2G4	-1.646	0.243	-0.368	0.243	1.028	0.382	4.293	1.318	-1.173	-1.173	-3.249
GCM_PFN1 GCM_PFN1	-1.992	-0.451	2.492	1.183	0.572	-0.256	2.006	-0.256	-0.756	-1.992	-1.996
GNF2_GSTM1 GNF2_GSTM1	2.479	-0.312	-0.635	-2.015	0.291	0.980	-2.015	-2.015	-0.870	0.291	4.125
GNF2_DENR GNF2_DENR	-1.992	-0.756	-0.756	0.352	0.572	1.183	4.881	-0.256	0.352	-1.226	-1.996
GNF2_RRM1 GNF2_RRM1	-2.627	-0.505	-0.505	0.267	-0.505	0.267	1.027	1.302	3.617	0.267	-3.626
MORF_DEAF1 MORF_DEAF1	-2.283	-0.600	0.416	2.983	0.245	-0.365	2.022	1.235	-0.950	-0.950	-2.288
MODULE_292 MODULE_292	1.306	-0.496	-1.537	-3.132	-0.678	-0.354	-0.354	-0.906	-0.678	2.513	4.071
MORF_CD8A MORF_CD8A	3.472	-0.311	-2.992	-1.436	0.940	0.738	-1.101	-1.849	-0.443	-0.311	2.329
MORF_SART1 MORF_SART1	-1.538	-0.645	-0.234	2.347	0.380	-0.399	2.347	1.906	-1.007	-1.538	-2.372
GCM_DFFA GCM_DFFA	-2.517	-0.695	0.831	2.136	-0.510	-0.695	2.825	1.540	-0.510	-0.510	-3.178
MORF_PHB MORF_PHB	-1.821	0.578	0.757	0.963	-1.821	-0.598	2.383	2.049	0.301	-0.598	-3.775
MORF_BUB1 MORF_BUB1	-1.295	-2.075	-0.810	-0.285	0.522	-0.492	1.882	1.882	2.346	-0.492	-2.080
GNF2_TST GNF2_TST	2.777	-0.250	-1.031	-2.405	0.359	0.689	-2.405	-1.384	-0.537	0.509	3.172
GCM_PPP1CC GCM_PPP1CC	-1.433	-0.348	1.278	1.657	0.946	0.259	1.657	0.435	-1.433	-2.241	-2.247
GCM_DDX5 GCM_DDX5	-1.715	-0.301	0.301	0.973	0.973	0.479	1.645	1.645	-0.763	-2.574	-2.581
MORF_GMPS MORF_GMPS	-1.329	-0.838	-0.513	1.058	0.302	0.499	4.528	-0.838	1.058	-1.329	-2.121
MORF_RPA1 MORF_RPA1	-2.533	-0.739	0.499	-0.287	0.729	0.316	2.549	2.102	-0.287	-1.123	-2.539
MORF_TERF1 MORF_TERF1	-1.786	0.275	0.908	0.441	-0.329	0.275	2.819	1.935	-0.811	-1.786	-2.664
MODULE_180 MODULE_180	0.885	0.368	0.252	-0.508	-2.748	-0.508	-3.534	-0.508	0.252	1.653	3.438
GNF2_RBBP6 GNF2_RBBP6	-2.908	0.342	2.020	1.000	0.520	0.342	1.301	0.739	-0.962	-2.002	-2.008
GNF2_H2AFX GNF2_H2AFX	-1.285	-0.671	-0.671	-0.671	-0.671	-0.671	0.509	1.723	5.089	0.264	-1.288
GNF2_TDG GNF2_TDG	-1.410	-1.410	0.216	2.015	0.717	2.015	0.717	0.427	-0.765	-1.410	-1.413
MODULE_154 MODULE_154	1.157	-0.488	-0.732	-1.520	-0.488	1.822	-3.075	-0.732	-0.732	1.157	2.621
GNF2_ELAC2 GNF2_ELAC2	-1.058	-1.784	0.254	0.717	0.717	1.426	1.426	1.426	-1.784	-0.625	-1.788
GNF2_ESPL1 GNF2_ESPL1	-0.797	-1.451	-0.797	-0.218	-0.797	-0.797	0.403	1.032	4.465	1.032	-1.455
GCM_RAN GCM_RAN	-3.426	0.884	1.258	0.725	-1.155	-0.933	3.441	1.062	-0.744	-0.344	-1.722
GCM_RBM8A GCM_RBM8A	-3.283	-0.383	4.211	0.367	-0.843	-0.383	-0.244	1.602	-0.244	-0.244	-1.684
MODULE_183 MODULE_183	-1.213	-0.527	-0.329	1.551	1.551	0.441	1.551	1.209	-1.786	-1.213	-2.664
MODULE_68 MODULE_68	-0.491	-1.036	-1.036	-1.036	1.661	3.663	-1.036	-0.491	-0.491	-0.222	1.147
MORF_RAD54L MORF_RAD54L	-3.077	-0.348	1.479	0.949	-0.348	0.385	2.491	-0.348	0.730	-0.986	-3.086
GCM_BMPR2 GCM_BMPR2	-3.367	-0.412	1.522	1.213	-0.615	-0.615	3.555	0.502	-0.889	-0.615	-0.893
GNF2_RAB3A GNF2_RAB3A	3.199	-0.765	-1.410	-0.765	-0.407	0.427	0.216	-1.410	-0.407	-0.765	3.191
GNF2_MAPT GNF2_MAPT	5.543	0.339	-1.576	-0.893	0.339	-0.266	-0.893	-1.576	-0.500	0.339	0.582
MORF_RAB6A MORF_RAB6A	-1.243	-0.546	1.171	0.628	-0.344	-1.243	2.751	2.751	-0.836	-1.822	-1.247
MODULE_297 MODULE_297	1.282	-0.577	-0.843	-1.678	-0.244	1.602	-3.283	-0.577	-0.577	0.998	2.336
MODULE_357 MODULE_357	1.282	-0.577	-0.843	-1.678	-0.244	1.957	-3.283	-0.577	-0.577	0.998	1.949
GNF2_SMC2L1 GNF2_SMC2L1	-1.327	-1.327	-0.702	-0.702	-0.363	0.247	0.247	1.186	4.150	0.795	-1.330
GNF2_CKS2 GNF2_CKS2	-2.075	-0.492	-0.492	-0.492	-0.285	-0.492	-0.285	1.465	4.006	0.783	-2.080
MODULE_113 MODULE_113	1.637	-0.270	-0.569	-0.791	1.346	-0.569	-3.229	-1.076	-1.437	1.085	2.662
MORF_UNG MORF_UNG	-1.039	-1.039	-0.471	2.263	0.666	0.301	1.512	1.870	-0.711	-1.039	-3.040
MORF_ESPL1 MORF_ESPL1	-2.449	-1.065	-0.260	0.786	1.415	0.346	0.786	0.542	1.797	-1.065	-2.455
MORF_CSNK1D MORF_CSNK1D	-1.243	-0.344	0.628	0.878	-1.243	-1.243	1.883	2.751	0.262	-0.344	-2.706
MODULE_323 MODULE_323	-1.608	-2.449	0.542	0.786	-0.260	-0.434	1.797	1.797	1.077	-1.065	-1.613
MORF_RFC1 MORF_RFC1	-2.507	-0.811	1.315	1.058	-0.811	0.462	0.462	2.256	0.829	-0.585	-3.276
MODULE_430 MODULE_430	-1.398	-0.332	0.982	-0.556	-0.332	-1.398	4.311	-0.332	0.982	0.272	-2.205
GNF2_MMP11 GNF2_MMP11	0.302	-0.958	-1.659	-1.659	1.178	2.606	-0.958	-0.958	-0.300	0.528	1.592
MORF_CDH4 MORF_CDH4	2.554	-0.596	-2.166	-1.349	1.121	0.906	-1.349	-1.046	-1.046	0.408	2.542
MORF_FLT1 MORF_FLT1	1.066	0.254	-3.132	-0.496	1.572	1.861	-1.537	-0.354	0.664	-2.485	0.846
GNF2_RFC4 GNF2_RFC4	-2.491	-0.715	-0.273	0.520	-0.715	0.331	1.371	0.757	2.616	-0.273	-2.497
MODULE_157 MODULE_157	1.445	-0.734	-0.522	-0.734	-1.008	0.249	-3.115	-0.522	0.249	0.709	4.618
GNF2_FEN1 GNF2_FEN1	-2.324	0.397	0.397	-0.382	-0.623	-0.382	-0.382	1.963	2.906	0.233	-2.330
MODULE_122 MODULE_122	1.126	0.567	-0.736	-2.435	-1.235	-0.553	-1.235	-0.553	-0.292	0.917	4.844
GNF2_NS GNF2_NS	-1.617	-0.926	0.859	2.149	0.320	-0.283	1.659	0.555	-0.283	-1.617	-1.621
MORF_FEN1 MORF_FEN1	-1.679	-1.123	-0.470	1.329	-0.470	0.499	2.549	1.329	0.499	-0.739	-2.539
MORF_ATOX1 MORF_ATOX1	-1.678	-0.843	0.750	1.282	0.367	-0.843	1.957	2.345	-0.383	-1.200	-2.337
MODULE_289 MODULE_289	1.117	0.531	-1.145	-2.421	0.388	1.637	-2.421	-0.868	-0.868	1.117	1.925
MORF_CCNF MORF_CCNF	-2.220	-0.341	-0.776	0.265	-0.776	0.413	0.413	3.425	2.105	-0.341	-2.227
GCM_ZNF198 GCM_ZNF198	-2.263	-0.567	0.322	1.811	-0.281	-0.775	2.472	2.129	-0.775	-0.405	-2.272
MORF_KDR MORF_KDR	1.269	-0.351	-3.659	-1.055	0.761	0.761	-0.351	-1.451	0.256	-0.351	2.659
GNF2_CYP2B6 GNF2_CYP2B6	2.492	-0.451	-0.756	-0.756	-0.256	-0.256	-1.992	-1.226	-0.756	0.849	3.015
MORF_CTSB MORF_CTSB	1.817	-0.327	-1.745	-1.430	0.772	3.316	-1.430	-1.745	-0.734	0.620	0.766
MODULE_306 MODULE_306	-1.077	-0.240	-1.077	-0.240	1.090	-1.077	-0.240	4.300	0.371	-0.240	-1.080
MORF_XPC MORF_XPC	-0.739	-0.470	1.006	-0.739	0.316	-0.470	2.549	2.549	-0.470	-1.123	-2.539
GNF2_MYL2 GNF2_MYL2	0.837	-0.671	-1.285	-0.341	1.723	0.264	-1.285	-0.671	-1.285	0.264	2.878
MODULE_400 MODULE_400	1.715	-0.298	-0.746	-0.298	0.304	-0.746	-0.746	-0.746	-0.746	-0.298	4.057
MODULE_146 MODULE_146	0.899	1.140	-1.031	-1.384	-0.373	2.039	-1.833	-0.753	-1.384	-0.373	2.765
MODULE_171 MODULE_171	0.516	0.263	-1.934	-1.934	-0.662	-0.343	0.376	-1.167	-0.483	2.215	3.702
MODULE_316 MODULE_316	1.642	-0.422	-2.002	-0.962	-0.422	1.000	-2.002	-0.647	-0.647	2.020	1.635
GNF2_STAT6 GNF2_STAT6	-1.966	-1.966	-0.405	1.032	0.357	-1.365	2.073	2.495	-0.405	0.357	-0.630
MORF_IL9 MORF_IL9	5.361	-0.572	-0.391	-1.129	0.917	0.350	-1.537	-1.129	-0.813	-0.572	0.912
MORF_RAB11A MORF_RAB11A	-1.036	-1.036	0.816	1.115	-0.668	0.363	2.283	0.816	0.565	-1.573	-2.414
GCM_RAD21 GCM_RAD21	-1.534	-0.250	0.615	0.615	0.941	-0.477	1.792	1.335	-0.861	-1.534	-1.538
MODULE_436 MODULE_436	1.169	0.291	-1.436	-2.358	-0.830	-0.443	-0.443	-0.830	-0.443	2.010	3.457
GNF2_HAT1 GNF2_HAT1	-2.033	-1.260	0.546	0.546	1.516	0.546	1.139	1.139	-0.472	-0.783	-2.038
MORF_MSH2 MORF_MSH2	-1.608	-0.434	0.542	-0.260	0.346	0.346	2.686	1.415	0.346	-1.608	-2.455
GCM_HDAC1 GCM_HDAC1	-1.534	-0.250	1.792	0.941	0.941	-0.477	0.941	0.615	-0.861	-1.534	-1.538
MORF_IL4 MORF_IL4	1.928	0.326	-2.241	-0.808	1.229	1.677	-1.536	-1.863	-1.013	0.694	1.024
MORF_UBE2A MORF_UBE2A	-1.226	-0.756	0.572	-0.256	-0.756	-0.451	3.024	2.492	-0.256	-0.451	-1.996
GCM_RAF1 GCM_RAF1	-1.659	-0.300	0.302	1.597	0.821	0.821	1.597	-0.549	-0.300	-1.659	-1.663
MODULE_124 MODULE_124	-2.202	-0.447	0.442	0.614	0.301	-0.898	-0.642	3.550	1.952	-0.642	-1.661
MODULE_345 MODULE_345	0.956	-0.323	-2.046	-2.046	-0.652	-0.652	-0.323	-0.652	0.280	1.761	3.614
GNF2_KISS1 GNF2_KISS1	-0.228	-0.411	-1.908	-1.158	1.274	2.140	-1.158	-1.158	-0.411	0.626	1.675
GNF2_MYL3 GNF2_MYL3	0.882	-0.640	-1.243	-0.320	1.799	-0.320	-1.243	-0.640	-1.243	0.540	2.359
GNF2_CDH3 GNF2_CDH3	0.347	-1.119	-1.119	-1.119	0.347	0.645	-1.119	-0.550	-0.260	2.056	2.051
GNF2_CDKN1C GNF2_CDKN1C	0.347	-1.119	-1.119	-1.119	0.645	1.505	-0.550	-0.550	-0.550	-0.260	3.367
MODULE_76 MODULE_76	-0.301	0.301	-1.039	-2.111	-1.039	-0.471	-0.471	-0.471	0.666	0.666	5.298
MORF_PTPRR MORF_PTPRR	2.994	0.279	-0.678	-1.280	0.773	1.549	-2.270	-1.713	-0.678	0.279	0.768
MORF_ITGA2 MORF_ITGA2	0.435	0.435	-2.241	-1.433	0.946	1.657	-0.921	-1.433	-0.578	0.946	1.272
GNF2_MSN GNF2_MSN	-0.953	-0.953	-0.434	-0.434	0.200	-0.953	0.822	4.856	0.457	-0.434	-0.435
GNF2_ANP32B GNF2_ANP32B	-1.493	-0.453	-0.234	0.647	0.985	0.985	1.863	0.647	-0.829	-1.493	-1.496
GNF2_TIMP2 GNF2_TIMP2	0.431	-0.650	-1.825	-1.091	1.000	2.284	-1.091	-1.091	-0.373	0.431	1.796
MORF_PRKCA MORF_PRKCA	1.222	-0.293	-2.425	-1.085	0.536	1.680	-0.395	-2.425	-0.863	0.840	1.925
GCM_SUFU GCM_SUFU	-1.551	-0.327	1.123	1.431	-0.754	-1.551	2.571	1.123	-0.754	-0.327	-1.557
GNF2_BUB1B GNF2_BUB1B	-1.260	-0.783	-0.783	-0.472	-0.783	-0.270	0.815	1.516	1.943	1.516	-2.038
MORF_TNFRSF6 MORF_TNFRSF6	2.078	-0.378	-3.053	-1.090	0.573	0.573	-0.665	-1.090	-0.506	0.328	3.005
MODULE_257 MODULE_257	0.275	-1.572	2.893	1.439	-0.996	-0.996	0.813	0.502	1.000	-1.259	-1.952
MODULE_273 MODULE_273	-0.865	-0.316	1.019	0.722	-0.865	0.287	0.722	1.019	1.368	-2.158	-2.163
GNF2_DNM1 GNF2_DNM1	2.884	-0.263	-0.962	-1.395	-0.422	0.520	-0.263	-2.002	-0.962	0.342	2.426
MODULE_85 MODULE_85	0.783	-2.075	0.783	0.317	-0.810	-0.492	-2.075	-0.285	0.317	0.317	2.848
MORF_LCAT MORF_LCAT	4.665	-0.567	-1.005	-1.005	0.433	0.433	-2.108	-0.762	-0.567	0.433	1.164
MORF_BMI1 MORF_BMI1	-1.173	0.243	0.243	2.005	-0.820	0.559	0.774	1.644	0.243	-0.820	-3.249
GNF2_IGFBP1 GNF2_IGFBP1	-0.218	-0.797	-1.451	-1.451	0.681	2.484	-0.797	-0.797	-0.218	0.681	1.447
GNF2_MCM4 GNF2_MCM4	-1.398	-0.893	-0.556	0.272	-0.332	-0.556	0.693	0.982	3.146	0.693	-2.205
MODULE_149 MODULE_149	-1.493	0.381	0.985	2.395	-0.829	-0.829	0.985	0.647	-0.234	-0.829	-1.496
MODULE_133 MODULE_133	-0.538	-0.538	-0.538	1.604	-0.538	0.477	3.265	-0.538	-0.176	-0.538	-0.540
MODULE_61 MODULE_61	-0.756	0.352	-0.756	0.849	-0.256	-1.226	3.024	1.569	-0.451	-1.992	-0.453
GCM_TPR GCM_TPR	-1.202	-0.610	0.303	-0.610	-0.300	0.573	3.117	0.929	0.573	-1.202	-1.205
MODULE_199 MODULE_199	1.193	-1.503	0.613	0.397	-0.978	-0.382	-2.324	-0.623	0.233	0.397	2.896
MORF_BUB1B MORF_BUB1B	-2.616	-1.183	0.288	0.288	-0.315	0.677	0.288	1.598	1.989	0.288	-1.755
MODULE_200 MODULE_200	2.680	-1.119	-1.119	-0.550	-0.550	-0.260	-1.119	-0.260	0.347	0.347	2.051
MODULE_488 MODULE_488	-0.260	-1.119	-0.550	-0.260	-1.119	1.505	-0.550	-1.119	-0.260	1.033	2.674
GNF2_G22P1 GNF2_G22P1	-0.733	-1.368	1.132	0.453	0.453	0.755	1.580	0.755	-1.368	-0.733	-1.371
MODULE_208 MODULE_208	0.595	-0.438	-1.984	-1.984	-0.850	0.301	0.301	-0.618	-0.301	1.837	3.305
MORF_BCL2L11 MORF_BCL2L11	2.664	-0.436	-2.112	-1.160	0.487	0.487	-1.160	-0.929	-0.327	-0.327	2.966
GNF2_BUB1 GNF2_BUB1	-1.077	-1.077	-0.520	-0.520	-0.240	-0.520	0.684	0.371	2.797	1.581	-1.080
MODULE_263 MODULE_263	0.859	-0.525	-0.525	-1.617	-1.617	0.859	-0.525	0.320	-0.525	0.320	3.285
GCM_CSNK1A1 GCM_CSNK1A1	-0.765	-1.410	0.717	3.878	0.216	0.427	-0.407	0.427	0.216	-0.765	-1.413
GNF2_CEBPA GNF2_CEBPA	1.006	-0.739	-0.739	-1.679	-0.287	0.316	-1.123	-0.739	-0.470	1.006	4.106
GNF2_SMC1L1 GNF2_SMC1L1	-0.240	-1.077	-0.520	0.371	0.684	1.090	2.152	0.684	-1.077	-1.077	-1.080
MODULE_80 MODULE_80	2.885	-1.285	-0.341	-0.671	-0.671	-0.341	-1.285	-0.341	0.264	0.264	2.265
MORF_USP5 MORF_USP5	-1.992	-0.451	0.849	1.183	-0.451	-0.256	2.006	0.849	-0.451	-0.451	-1.996
MORF_PPP2R4 MORF_PPP2R4	-0.838	-0.838	0.499	-0.300	1.058	-0.838	1.823	2.277	-0.513	-0.513	-2.121
GNF2_SPRR1B GNF2_SPRR1B	-0.953	0.200	-0.434	-0.953	1.838	2.476	-0.953	0.200	-0.953	0.457	0.199
MODULE_91 MODULE_91	-1.451	-0.430	-0.218	0.681	-0.797	-0.218	3.089	1.032	0.403	-0.797	-1.455
GNF2_RFC3 GNF2_RFC3	-0.991	-1.700	-0.574	0.784	-0.318	0.285	1.131	0.285	2.521	0.285	-1.705
MODULE_388 MODULE_388	-0.663	-0.663	0.762	-0.663	-0.247	0.362	1.941	1.941	-0.663	-0.663	-0.664
MORF_GSPT1 MORF_GSPT1	-1.192	-1.192	-0.729	0.885	0.598	-0.242	2.072	1.624	-0.431	-0.242	-1.955
GNF2_TM4SF2 GNF2_TM4SF2	1.090	0.684	-0.520	-1.077	-1.077	1.090	-0.240	-1.077	-1.077	0.371	1.576
GNF2_CKS1B GNF2_CKS1B	-1.534	-1.534	-0.861	0.359	0.359	-0.250	0.941	-0.250	2.884	0.615	-0.864
GNF2_SELL GNF2_SELL	-1.867	-1.867	-1.125	0.960	0.410	0.226	1.323	0.226	0.226	1.740	-0.394
MODULE_321 MODULE_321	-2.076	-0.479	-0.911	-0.911	-0.334	-1.599	0.723	0.723	2.043	2.387	0.268
MORF_EPHA7 MORF_EPHA7	2.816	0.520	-1.772	-0.626	0.520	1.073	-1.772	-0.833	-1.396	0.384	1.065
MORF_REV3L MORF_REV3L	-1.007	-1.007	-0.234	2.347	-0.645	0.588	-0.234	0.380	1.906	-0.399	-2.372
MODULE_244 MODULE_244	-2.648	-0.363	0.442	1.704	0.709	0.442	0.566	0.566	1.251	-1.236	-2.660
MORF_DAP MORF_DAP	-1.583	-0.523	-0.341	0.600	0.600	0.600	2.105	1.392	0.265	-2.220	-1.589
MODULE_115 MODULE_115	-1.077	0.371	1.090	2.797	-0.520	-0.520	0.684	0.371	-0.520	-1.077	-1.080
MODULE_544 MODULE_544	1.776	0.885	-1.807	-1.310	0.313	0.313	-1.807	0.658	-1.310	0.468	1.438
GNF2_RTN1 GNF2_RTN1	3.701	1.227	-0.431	-0.242	-0.242	0.370	-1.950	-1.192	-0.431	-0.242	-0.732
GNF2_DDX5 GNF2_DDX5	-1.123	0.316	-0.287	2.102	0.316	0.499	-0.287	2.102	-0.739	-0.739	-2.539
MORF_PPP5C MORF_PPP5C	-1.423	-1.031	0.577	0.577	-0.338	0.577	0.267	1.027	2.726	-0.731	-2.635
MORF_LMO1 MORF_LMO1	3.904	0.499	-2.116	0.499	-0.300	-0.838	-0.513	-0.300	0.752	-0.838	-0.516
GNF2_MCM5 GNF2_MCM5	-1.644	-0.452	0.520	0.757	1.371	0.331	1.041	1.041	-0.452	-1.094	-2.497
MODULE_79 MODULE_79	-0.607	-0.279	-2.136	-0.418	-0.855	-0.855	-0.855	0.325	0.867	1.700	3.217
GCM_ANP32B GCM_ANP32B	-0.765	-0.407	1.080	0.717	1.515	0.717	1.080	-0.765	-0.765	-1.410	-1.413
MODULE_159 MODULE_159	-2.331	-1.200	0.998	1.282	-0.383	-0.244	1.602	1.282	-0.383	-0.383	-1.684
MODULE_375 MODULE_375	1.056	0.809	-0.711	-2.590	-0.489	1.056	-1.905	-0.489	-0.489	0.809	1.643
GNF2_SERPINB5 GNF2_SERPINB5	0.324	-0.580	-1.160	-1.160	0.324	0.979	-1.160	-0.580	-0.279	1.434	1.960
GNF2_UBE2I GNF2_UBE2I	-1.058	0.254	0.453	2.904	-0.354	0.717	0.453	0.717	-1.058	-1.784	-1.061
MORF_CDK2 MORF_CDK2	-0.962	-0.647	1.301	1.301	-0.263	-0.422	2.020	-0.263	0.342	-0.647	-2.915
MODULE_414 MODULE_414	-0.704	-0.704	-0.704	0.332	-0.272	-0.272	2.545	1.823	-0.704	-0.704	0.331
GNF2_MSH6 GNF2_MSH6	-1.285	-0.671	0.264	0.509	0.837	0.264	2.271	0.837	-0.341	-1.285	-1.288
MORF_MAP3K14 MORF_MAP3K14	2.089	-0.418	-1.386	-0.793	0.987	0.987	-1.793	-0.583	-1.386	0.311	1.766
GCM_ING1 GCM_ING1	-1.786	-0.329	0.441	1.935	0.275	-0.811	0.908	0.908	0.441	-0.329	-2.664
MODULE_277 MODULE_277	-2.241	-0.578	0.665	2.082	0.259	0.665	0.665	-0.578	0.946	-1.433	-0.925
MORF_RAP1A MORF_RAP1A	-0.704	-0.704	-0.274	0.597	0.597	0.330	-0.526	0.959	2.946	-0.526	-3.643
MODULE_337 MODULE_337	-1.573	-1.036	0.363	0.363	-0.247	0.816	0.816	1.460	1.115	-0.668	-2.414
MODULE_247 MODULE_247	-0.218	0.681	-0.430	-1.451	0.681	-0.430	-1.451	-1.451	1.032	1.032	1.028
MORF_WNT1 MORF_WNT1	2.830	-0.734	-1.358	-1.008	0.525	1.169	-1.008	-1.008	-1.008	0.709	1.163
GNF2_TYK2 GNF2_TYK2	-1.368	-0.733	0.755	1.132	0.453	-0.733	1.132	1.580	-0.385	-0.733	-1.371
MODULE_51 MODULE_51	3.750	-0.797	-0.797	-0.797	-0.797	-0.430	-0.797	-0.218	-0.218	-0.218	1.931
MODULE_57 MODULE_57	-2.324	-0.623	1.193	1.193	-0.623	-0.382	-0.978	0.879	1.555	0.397	-0.982
MODULE_324 MODULE_324	0.927	-0.301	-0.301	-1.326	0.301	-0.581	-1.326	-2.137	0.420	0.927	3.321
MODULE_259 MODULE_259	1.740	-1.125	0.655	0.410	-1.125	-0.392	-1.867	-0.676	-0.392	0.655	1.735
MODULE_315 MODULE_315	-0.663	-0.663	-0.247	-0.247	-0.663	-0.663	0.362	3.561	0.762	0.362	-0.664
GNF2_RPA1 GNF2_RPA1	-0.550	-1.119	-0.260	1.505	-0.550	0.645	2.056	0.347	0.347	-1.119	-1.122
MODULE_481 MODULE_481	1.733	0.859	-1.839	-1.338	0.301	0.301	-1.839	0.637	-0.959	0.451	1.401
MODULE_433 MODULE_433	0.757	-0.452	-1.644	-1.644	1.745	0.331	-1.094	-1.094	0.757	0.520	1.365
MODULE_368 MODULE_368	3.187	-0.298	-0.746	-0.746	0.656	1.129	-0.746	-0.298	-0.298	-0.746	-0.299
MODULE_170 MODULE_170	-0.432	-0.290	-2.169	-0.432	-0.877	-0.877	-0.877	0.313	1.084	1.661	2.738
MODULE_128 MODULE_128	-0.572	-0.391	-2.069	-0.391	-0.813	-0.813	-0.813	0.350	0.917	1.780	2.906
MORF_SS18 MORF_SS18	-1.036	-0.668	0.565	0.363	-0.668	0.363	1.850	1.850	0.363	-0.668	-2.414
MODULE_188 MODULE_188	0.864	1.073	0.384	-1.772	-1.396	-0.833	-0.461	-0.833	-0.833	1.073	2.803
MODULE_416 MODULE_416	0.200	-0.953	-0.434	-0.953	-0.434	2.476	-0.434	0.457	-0.953	0.200	1.833
MORF_THPO MORF_THPO	1.169	-0.311	-1.849	-0.830	0.940	1.705	-0.830	-1.849	-0.830	1.169	0.733
MODULE_291 MODULE_291	-0.787	-0.787	-0.315	-0.787	-1.183	1.598	-0.787	-0.508	-0.508	2.420	1.981
GCM_NCAM1 GCM_NCAM1	-2.050	-0.538	0.791	0.995	-1.257	-1.614	2.384	0.995	0.332	0.332	-0.542
MODULE_160 MODULE_160	-0.538	-0.538	-0.538	1.604	-0.176	0.477	2.372	-0.538	-0.176	-0.538	-0.540
MORF_LTK MORF_LTK	1.254	-0.330	-1.663	-0.330	1.034	1.497	-1.038	0.381	1.034	-2.556	-0.458
MODULE_177 MODULE_177	-1.684	-0.920	-0.461	-0.312	-0.461	-0.660	0.796	0.796	3.051	1.028	-1.260
