GO	[-10.07 -0.94]	[-0.94 -0.51]	[-0.51 -0.20]	[-0.20 0.00]	[0.00 0.00]	[0.00 0.04]	[0.04 0.32]	[0.32 0.58]	[0.58 0.79]	[0.79 1.89]	[1.89 11.56]
TOX4_TARGET_GENES TOX4_TARGET_GENES	-0.271	0.691	2.690	2.690	-7.894	-6.590	5.545	0.691	-1.745	-0.361	-2.478
SGCGSSAAA_E2F1DP2_01 SGCGSSAAA_E2F1DP2_01	-1.044	1.480	2.553	1.480	-7.019	-5.763	2.866	0.560	1.054	0.327	-4.799
SETBP1_TARGET_GENES SETBP1_TARGET_GENES	-0.700	2.875	3.525	1.314	-6.393	-3.309	3.192	0.491	-0.700	-0.421	-5.390
MIR4255 MIR4255	-3.478	0.522	0.402	0.818	-7.144	-5.881	2.157	0.660	0.994	4.131	-0.402
CREB3L2_TARGET_GENES CREB3L2_TARGET_GENES	-0.610	3.594	0.533	2.838	-5.395	-3.400	2.838	0.694	-1.367	0.282	-4.239
TMTCGCGANR_UNKNOWN TMTCGCGANR_UNKNOWN	-1.532	1.808	4.847	0.754	-6.894	-2.274	1.808	0.926	-0.991	0.601	-3.278
ZZZ3_TARGET_GENES ZZZ3_TARGET_GENES	-1.163	4.557	2.199	1.594	-5.021	-1.506	1.885	1.086	-3.084	-1.163	-2.437
RUVBL1_TARGET_GENES RUVBL1_TARGET_GENES	-0.373	5.289	4.111	0.551	-4.413	-1.527	2.755	-0.633	-3.158	-0.805	-2.650
GGAANCGGAANY_UNKNOWN GGAANCGGAANY_UNKNOWN	-0.929	3.914	4.369	1.393	-4.563	-2.099	0.527	0.380	-0.685	-0.493	-4.556
GCAAAAA_MIR129 GCAAAAA_MIR129	-1.993	-0.714	-0.326	0.913	-6.432	-2.827	8.076	0.479	-0.431	2.255	-0.428
HOXA7_TARGET_GENES HOXA7_TARGET_GENES	0.593	2.410	0.593	3.981	-4.813	-2.286	2.410	-0.417	-2.910	-0.291	-2.903
MIR16_1_3P MIR16_1_3P	-1.722	-1.722	0.567	1.226	-3.432	-5.551	5.192	2.726	0.446	1.035	-1.161
MIR142_3P MIR142_3P	-0.731	-0.569	2.635	1.125	-5.999	-3.575	4.753	0.768	-0.925	1.332	-2.091
MIR7161_5P MIR7161_5P	-1.767	0.997	2.369	0.542	-5.625	-4.798	5.488	-0.278	0.542	0.425	-1.197
ZBED4_TARGET_GENES ZBED4_TARGET_GENES	0.690	0.547	3.857	0.690	-5.802	-3.414	3.496	0.853	-0.844	-0.661	-2.850
MIR522_3P MIR522_3P	-1.248	-1.248	1.431	1.024	-6.195	-3.737	3.748	2.456	-0.805	1.431	-0.629
MCM3_TARGET_GENES MCM3_TARGET_GENES	-1.404	3.738	4.093	1.054	-4.693	-2.434	2.191	0.457	-1.148	-0.741	-2.426
MIR302D_5P MIR302D_5P	-1.926	0.359	0.875	1.233	-5.887	-1.609	5.916	1.658	-0.437	0.583	-3.163
MIR513C_5P MIR513C_5P	-1.135	-0.425	1.147	1.829	-5.959	-4.205	2.988	2.988	0.284	0.382	-1.705
MIR4753_5P MIR4753_5P	-1.827	-0.363	2.491	0.705	-7.436	-3.704	0.564	3.110	1.044	0.564	-0.476
GTCTTCC_MIR7 GTCTTCC_MIR7	-2.355	-0.828	1.480	0.870	-4.033	-4.033	2.553	2.258	-0.828	3.195	-1.039
MIR548AV_3P MIR548AV_3P	-0.958	-0.595	1.999	1.506	-6.077	-5.105	2.272	0.353	1.506	1.084	-1.185
MIR224_3P MIR224_3P	-1.286	-1.043	1.383	0.986	-5.290	-3.802	4.014	2.387	-0.835	1.383	-0.831
MIR514B_5P MIR514B_5P	-0.958	-0.457	1.286	1.744	-6.077	-4.309	2.562	2.869	0.353	0.353	-1.457
MIR12120 MIR12120	-1.060	-0.401	0.798	2.354	-6.314	-3.248	4.720	-0.850	1.155	0.647	-0.846
ZBTB5_TARGET_GENES ZBTB5_TARGET_GENES	0.409	0.986	3.316	0.986	-6.274	-3.218	2.111	-0.293	-1.570	1.176	-1.891
GCGNNANTTCC_UNKNOWN GCGNNANTTCC_UNKNOWN	-0.273	1.217	3.464	2.710	-5.187	-2.041	1.469	-0.273	-0.537	-0.962	-3.217
MIR4735_5P MIR4735_5P	-0.727	-0.727	1.482	0.468	-4.658	-4.658	5.719	1.482	-1.130	0.896	-0.438
MIR4738_3P MIR4738_3P	-2.226	-0.490	1.219	1.661	-7.477	-2.658	2.755	0.430	0.326	1.661	-0.275
GACTGTT_MIR212_MIR132 GACTGTT_MIR212_MIR132	-2.088	0.428	2.027	0.876	-6.602	-3.692	2.027	0.319	1.507	0.557	-0.385
CTACTGT_MIR199A CTACTGT_MIR199A	-1.060	-0.401	0.514	1.360	-7.602	-1.922	1.155	1.360	0.798	2.951	-1.915
MIR12129 MIR12129	-1.014	-1.630	0.391	0.676	-3.090	-5.853	3.413	1.050	0.676	2.372	-0.439
MIR548M MIR548M	-1.364	-0.431	1.291	0.751	-6.432	-2.381	4.955	1.291	-1.364	0.479	0.483
MIR4768_3P MIR4768_3P	-0.672	-0.309	2.516	0.926	-5.775	-2.620	3.115	0.926	-1.547	1.736	-1.540
MIR2116_5P MIR2116_5P	-3.864	0.643	1.006	0.495	-4.749	-3.156	4.506	0.643	0.495	0.370	0.372
ACACTAC_MIR1423P ACACTAC_MIR1423P	-1.367	-0.448	2.166	1.090	-5.395	-3.400	3.205	0.533	-0.321	1.325	-1.058
GTGTTGA_MIR505 GTGTTGA_MIR505	-1.917	-1.096	0.826	3.410	-3.255	-3.255	4.795	0.323	-0.584	0.461	-0.409
MIR619_5P MIR619_5P	-0.958	-0.958	1.878	0.310	-5.728	-3.685	2.174	1.120	0.426	2.174	-0.549
MIR199A_5P MIR199A_5P	-1.025	-0.501	0.831	1.635	-6.235	-3.188	3.358	1.407	0.317	1.005	-1.261
GCATTTG_MIR105 GCATTTG_MIR105	-0.892	-0.892	1.610	0.392	-5.920	-3.511	3.363	1.859	1.168	0.292	-0.699
MIR3925_3P MIR3925_3P	-2.301	-1.008	0.345	2.043	-5.685	-3.319	2.327	0.737	1.305	1.096	0.460
MIR199B_5P MIR199B_5P	-1.008	-0.490	0.690	1.661	-6.195	-3.158	3.401	1.431	0.326	1.024	-1.242
GTF3A_TARGET_GENES GTF3A_TARGET_GENES	-1.611	-0.797	-0.797	0.797	6.083	4.349	-2.252	-0.797	-1.143	-1.611	-0.353
MIR217_5P MIR217_5P	-0.441	-0.571	-0.913	1.482	-4.658	-4.658	3.112	3.112	0.270	-0.441	0.740
MIR222_5P MIR222_5P	0.277	0.277	0.479	0.479	-5.439	-3.933	3.152	1.739	-0.714	2.255	-1.358
MIR4742_5P MIR4742_5P	-1.485	-0.262	0.577	1.064	-6.117	-3.672	3.841	0.577	0.721	1.064	-0.465
MIR4678 MIR4678	-1.675	-0.719	-0.369	0.859	-2.772	-4.646	0.496	1.332	0.859	5.190	-0.519
MIR188_3P MIR188_3P	-1.587	-0.338	0.628	3.164	-5.177	-3.523	1.178	1.402	-0.458	1.912	-0.786
MIR4504 MIR4504	-1.047	-0.358	0.934	0.934	-5.255	-2.972	4.186	0.934	-1.047	1.849	-0.818
ACACTGG_MIR199A_MIR199B ACACTGG_MIR199A_MIR199B	-0.663	0.439	0.723	0.571	-5.333	-5.333	2.661	0.571	-0.506	2.060	0.330
TAATGTG_MIR323 TAATGTG_MIR323	-2.167	-0.721	1.670	1.670	-5.489	-1.777	2.823	1.428	0.822	0.292	-1.438
MIR513B_3P MIR513B_3P	-0.871	0.557	-0.388	0.319	-4.443	-3.692	2.315	0.706	-0.388	5.261	-0.867
YBX3_TARGET_GENES YBX3_TARGET_GENES	0.664	2.075	4.188	0.258	-2.238	-1.431	1.274	-0.348	-2.238	-0.920	-2.234
DNMT1_TARGET_GENES DNMT1_TARGET_GENES	0.901	4.645	0.590	1.999	-4.309	-2.575	1.084	0.353	-0.958	-2.149	-0.953
MIR4257 MIR4257	-1.659	-0.566	1.165	1.165	-5.270	-3.295	2.284	1.678	-0.760	1.165	0.313
MYBL1_TARGET_GENES MYBL1_TARGET_GENES	-1.609	2.417	2.701	0.875	-5.887	-1.609	1.658	0.875	-1.926	0.270	-0.558
MIR4778_5P MIR4778_5P	0.276	-0.925	-1.422	0.768	-5.031	-3.007	4.753	1.800	0.768	0.768	-0.566
MIR10395_3P MIR10395_3P	-1.053	-1.338	2.956	1.458	-3.864	-3.864	3.315	0.495	0.265	0.495	-0.619
MIR187_5P MIR187_5P	-2.800	-0.812	1.281	-0.365	-4.773	-2.800	2.906	1.506	0.574	1.749	0.338
MIR1253 MIR1253	-1.340	-1.340	0.835	-0.395	-4.883	-2.888	3.111	1.665	-0.675	1.665	1.436
SREBP1_01 SREBP1_01	-0.908	0.631	2.093	1.583	-2.073	-2.073	2.988	1.583	-0.908	-0.425	-4.983
MIR5197_5P MIR5197_5P	-1.946	0.633	1.794	0.293	-5.364	-4.553	1.557	1.557	0.782	0.633	0.295
MXD1_TARGET_GENES MXD1_TARGET_GENES	-2.972	2.424	3.075	0.599	-4.334	-1.047	2.424	-0.482	-0.482	0.463	-1.628
MIR500A_5P MIR500A_5P	-0.319	-1.233	0.827	1.225	-6.311	-1.906	3.620	1.455	0.513	0.283	-1.228
GTGACTT_MIR224 GTGACTT_MIR224	-1.066	-2.036	2.093	1.110	-5.294	-2.036	1.326	1.818	-0.493	2.093	-0.645
MIR337_3P MIR337_3P	-1.481	-0.469	1.626	-1.141	-4.979	-1.898	2.240	1.921	0.388	2.240	-0.862
MIR6830_5P MIR6830_5P	-1.485	-0.633	-0.379	3.233	-4.833	-2.998	2.919	-0.379	0.415	2.068	-0.283
MIR5571_5P MIR5571_5P	-0.663	-1.085	1.301	-0.663	-5.333	-2.062	2.989	1.301	0.328	2.989	-1.080
MIR4436B_5P MIR4436B_5P	-3.090	-0.320	1.515	1.050	-3.792	-3.090	2.065	1.515	0.391	1.515	-1.289
MIR199A_3P_MIR199B_3P MIR199A_3P_MIR199B_3P	-0.621	-0.470	0.357	1.155	-5.216	-2.941	1.880	1.618	-1.029	3.475	-0.802
MIR12135 MIR12135	-1.043	0.926	1.297	-0.309	-5.775	-4.229	2.516	1.736	0.293	0.622	-0.405
MIR1825 MIR1825	0.660	0.660	1.206	0.292	-3.794	-4.553	3.157	1.428	0.292	0.292	-2.616
SNACANNNYSYAGA_UNKNOWN SNACANNNYSYAGA_UNKNOWN	-0.641	1.051	1.941	0.612	-3.940	-3.940	2.679	0.301	0.612	-0.301	-1.644
MIR3129_5P MIR3129_5P	-0.607	-0.458	0.367	1.178	-5.177	-2.910	1.912	1.402	-1.010	3.523	-0.786
GTGCCAT_MIR183 GTGCCAT_MIR183	-1.998	0.835	1.212	0.309	-4.883	-2.888	4.182	0.309	-0.395	1.665	-0.518
ATAGGAA_MIR202 ATAGGAA_MIR202	-0.385	-0.770	1.107	-0.552	-4.231	-2.430	6.004	0.346	0.346	1.107	-1.047
MIR520F_3P MIR520F_3P	-0.711	-0.887	1.233	3.001	-5.045	-4.329	1.658	0.721	0.875	0.463	-0.558
MIR5008_3P MIR5008_3P	-0.634	0.336	0.889	2.292	-3.999	-4.773	0.721	1.506	0.336	1.749	-1.917
MIR888_3P MIR888_3P	-1.141	-1.898	1.111	1.111	-3.049	-1.898	1.626	0.891	0.891	2.947	-3.042
MIR767_5P MIR767_5P	-0.370	0.325	1.608	-0.370	-4.798	-2.115	2.655	3.954	-2.115	0.325	-0.617
MIR9851_3P MIR9851_3P	-1.248	0.551	1.024	-1.248	-6.195	-1.527	2.755	2.174	0.551	1.219	-1.003
MIR6882_5P MIR6882_5P	-0.828	0.327	1.721	1.054	-4.810	-4.033	2.553	0.706	-0.375	1.480	-1.294
MIR760 MIR760	-1.042	1.898	1.115	-0.311	-2.698	-2.698	3.255	0.901	-2.698	1.613	-1.339
ZMYM2_TARGET_GENES ZMYM2_TARGET_GENES	0.445	0.768	4.240	0.321	-4.093	-5.229	0.768	0.321	-0.282	0.321	-0.549
KCCGNSWTTT_UNKNOWN KCCGNSWTTT_UNKNOWN	-1.189	-1.189	0.405	2.786	-3.407	-1.189	3.181	1.457	-0.650	1.190	-2.628
MIR194_5P MIR194_5P	-1.314	-0.872	0.473	0.473	-3.679	-1.903	6.845	1.254	0.368	0.891	-1.581
ATACTGT_MIR144 ATACTGT_MIR144	-2.701	-0.437	1.437	0.721	-3.711	-3.711	2.701	1.045	-0.437	2.148	-0.331
MIR6768_5P MIR6768_5P	-2.674	0.278	1.254	0.891	-5.010	-3.679	1.684	1.461	1.064	0.735	-0.323
MIR7157_3P MIR7157_3P	-0.685	-0.317	0.908	2.209	-4.974	-4.974	1.276	1.710	0.377	0.750	-0.680
MIR3064_3P MIR3064_3P	-2.712	-0.973	0.480	0.945	-4.663	-2.247	1.353	3.371	0.268	1.586	0.367
MIR501_5P MIR501_5P	-2.366	-1.253	1.201	0.500	-3.489	-2.366	3.571	0.275	-0.447	3.209	0.380
MIR520F_5P MIR520F_5P	-1.903	0.278	0.596	0.596	-5.010	-3.679	3.687	0.596	1.064	1.064	-0.323
MIR4452 MIR4452	-1.801	-1.180	0.984	0.984	-4.589	-3.192	0.804	1.899	1.184	2.175	-0.565
MIR1301_3P_MIR5047 MIR1301_3P_MIR5047	-1.431	-0.311	-0.613	0.291	-4.896	-2.348	4.759	0.735	-0.311	0.936	1.168
MIR548BA MIR548BA	-2.382	-1.062	1.693	-0.285	-2.859	-1.973	5.893	1.235	-0.661	0.853	-0.506
MIR6739_3P MIR6739_3P	-2.620	-1.043	0.496	1.736	-5.775	-1.857	1.297	2.240	0.496	0.926	0.626
MIR3920 MIR3920	-1.630	-0.320	1.515	-1.630	-3.090	-3.090	3.047	0.522	1.515	2.065	-0.779
MIR548U MIR548U	-1.587	0.487	2.500	0.628	-4.261	-3.523	3.164	0.267	0.628	0.628	-1.006
MIR6737_3P MIR6737_3P	-0.672	-0.309	0.926	2.240	-4.939	-4.939	1.297	1.508	0.386	0.765	-0.667
MIR603 MIR603	-2.048	-0.892	-0.415	2.409	-3.511	-4.171	2.409	0.801	0.646	0.975	0.806
MIR520E_5P MIR520E_5P	-2.221	-0.441	-0.581	0.964	-3.862	-1.488	4.962	1.161	0.630	1.378	-1.482
MIR6828_5P MIR6828_5P	-1.116	-0.545	0.801	0.509	-5.920	-1.689	1.380	1.610	0.392	3.363	-1.375
MIR186_3P MIR186_3P	-0.666	-0.666	1.149	0.759	-3.972	-3.255	3.542	2.825	-0.266	-0.370	-1.107
ZNF667_TARGET_GENES ZNF667_TARGET_GENES	-0.391	2.740	2.417	1.324	-2.225	-3.322	1.324	0.903	-1.450	-0.903	-2.219
MIR12132 MIR12132	-2.197	-0.275	1.862	0.329	-2.694	-4.008	4.276	0.582	0.582	-0.885	0.746
MIR5087 MIR5087	-1.200	1.351	1.984	-1.200	-3.898	-2.880	0.840	1.079	-0.432	2.344	-0.621
MIR7850_5P MIR7850_5P	0.661	1.849	0.500	-2.475	-3.119	-3.940	2.493	1.562	-0.354	0.500	-0.673
KRCTCNNNNMANAGC_UNKNOWN KRCTCNNNNMANAGC_UNKNOWN	0.250	3.150	1.458	0.604	-1.854	-2.736	-0.359	-0.859	-2.736	-0.566	2.235
MIR8057 MIR8057	-1.867	0.289	0.289	1.366	-2.545	-1.363	5.298	0.289	-0.473	1.366	-2.540
MIR552_5P MIR552_5P	-3.432	1.035	1.659	1.035	-4.031	-1.722	2.726	0.342	-0.596	1.434	-0.940
MIR212_3P MIR212_3P	-1.404	0.262	0.720	1.930	-5.513	-2.434	3.738	0.457	-0.344	0.878	-0.580
MIR5003_5P MIR5003_5P	-1.609	0.875	1.895	0.721	-5.045	-4.329	0.583	0.463	0.583	1.895	0.273
MIR6071 MIR6071	-3.097	0.344	1.716	1.969	-5.142	-2.174	1.064	1.064	-0.354	1.064	-0.351
CAGCCTC_MIR4855P CAGCCTC_MIR4855P	0.469	0.469	3.220	0.612	-3.222	-6.019	0.964	-0.258	-0.851	0.349	0.616
MIR486_3P MIR486_3P	-0.828	-0.375	2.258	0.706	-4.810	-1.044	2.258	0.706	-3.382	1.721	-0.372
ACCATTT_MIR522 ACCATTT_MIR522	-2.114	0.543	-0.293	0.858	-3.097	-3.726	3.977	0.858	0.310	1.728	-0.884
MIR132_3P MIR132_3P	-1.203	-0.278	0.828	1.845	-5.625	-2.513	3.606	0.542	-0.370	0.828	-0.617
ZNF532_TARGET_GENES ZNF532_TARGET_GENES	-1.782	3.829	2.806	-0.329	-2.653	-0.810	1.205	-1.211	-0.329	0.440	-1.779
MIR1207_3P MIR1207_3P	-0.812	-0.610	2.166	-0.321	-5.395	-0.812	1.325	0.694	-0.610	3.594	-1.362
MIR922 MIR922	-0.828	-1.834	1.123	0.943	-4.196	-3.586	2.845	0.635	-0.301	1.763	0.511
MIR4705 MIR4705	-2.012	-0.377	-0.264	-0.710	-4.016	-2.012	2.081	0.627	0.472	4.817	0.344
AAGWWRNYGGC_UNKNOWN AAGWWRNYGGC_UNKNOWN	-0.496	0.661	1.299	1.299	-3.119	-1.531	4.953	0.848	-1.955	-0.904	-1.526
MIR122B_3P MIR122B_3P	-1.630	0.522	1.779	0.283	-3.090	-3.090	0.852	3.799	0.522	0.676	-2.026
AGCATTA_MIR155 AGCATTA_MIR155	-0.884	-0.362	0.351	0.477	-5.562	-1.461	6.025	-0.362	0.351	0.627	-0.255
GGCNRNWCTTYS_UNKNOWN GGCNRNWCTTYS_UNKNOWN	-0.981	1.081	2.414	2.414	-2.545	-3.525	1.683	-0.473	0.289	-0.981	-0.977
MIR139_5P MIR139_5P	-1.180	-2.653	1.641	0.804	-3.828	-2.653	0.984	-0.430	0.984	2.470	0.989
MIR7152_3P MIR7152_3P	-0.896	-0.446	1.051	2.296	-2.196	-2.917	3.987	0.301	-1.649	1.051	-1.222
E2F_Q2 E2F_Q2	-0.633	1.661	0.326	0.848	-3.737	-4.413	3.070	1.024	0.326	0.551	-1.521
MIR6807_3P MIR6807_3P	-0.330	-0.330	-0.608	0.659	-4.710	-3.828	2.334	2.657	0.509	-0.608	0.837
MIR4736 MIR4736	-0.507	-0.357	0.682	-0.507	-2.737	-3.520	1.108	3.852	-0.949	2.639	-0.946
HOXD11_TARGET_GENES HOXD11_TARGET_GENES	-0.275	3.492	0.582	2.149	-3.289	-3.289	0.742	-0.275	0.445	-0.275	-2.687
MIR4782_5P MIR4782_5P	-0.736	-0.430	1.184	-0.430	-5.528	-3.828	1.899	0.984	0.984	1.184	0.387
YGCANTGCR_UNKNOWN YGCANTGCR_UNKNOWN	-1.659	-0.760	1.678	-0.760	-2.634	-1.659	1.409	5.079	-1.298	1.165	-0.409
TSHZ1_TARGET_GENES TSHZ1_TARGET_GENES	0.567	0.706	2.160	-1.166	-4.728	-2.912	3.033	0.861	0.706	-0.755	-0.751
MIR3685 MIR3685	-0.881	-0.700	0.766	0.931	-2.799	-4.588	3.525	1.114	-1.095	1.531	0.287
MIR6881_3P MIR6881_3P	-0.382	0.831	-1.025	1.407	-6.235	-2.686	1.197	1.635	0.317	1.407	-0.498
MIR548AG MIR548AG	-1.948	-1.044	1.721	-0.375	-2.829	-1.948	5.516	1.258	-0.647	0.706	-0.372
MIR1276 MIR1276	0.344	-0.975	0.577	0.451	-7.394	-2.174	1.480	0.883	1.064	1.064	0.346
MIR6722_3P MIR6722_3P	-0.659	1.176	0.661	1.383	-3.802	-6.274	-0.392	0.526	0.661	0.815	0.992
MIR4773 MIR4773	-3.056	-0.516	2.845	2.272	-3.586	-2.188	1.533	0.635	-0.659	0.396	0.511
MIR6516_5P MIR6516_5P	-0.714	-0.326	1.507	0.913	-3.340	-4.623	2.538	0.479	-0.326	1.989	-1.107
MIR6513_3P MIR6513_3P	-1.360	-0.637	2.258	0.359	-3.900	-3.189	3.642	0.627	0.359	0.795	-0.474
MIR22_3P MIR22_3P	-1.251	1.324	1.845	0.414	-3.721	-3.024	3.514	-0.418	0.551	0.414	-1.246
MIR4418 MIR4418	-0.958	-0.292	-0.292	1.603	-3.685	-2.991	5.264	0.310	0.912	-0.407	-0.549
MIR942_3P MIR942_3P	-0.929	0.701	0.527	-0.493	-4.563	-2.703	1.678	3.073	1.135	-0.685	-0.343
MIR8080 MIR8080	-1.557	0.565	1.350	0.727	-5.728	-2.991	0.426	1.120	1.350	0.426	0.429
AACATTC_MIR4093P AACATTC_MIR4093P	-2.114	-0.477	0.482	2.258	-4.788	-1.704	0.359	2.258	-0.833	1.685	0.631
MIR34B_3P MIR34B_3P	-2.737	0.511	1.362	0.252	-3.520	-0.949	2.639	2.639	-0.949	0.682	-1.256
MIR624_5P MIR624_5P	-0.829	-0.291	1.864	0.447	-1.947	-2.532	3.351	1.557	-1.947	1.027	-1.942
MIR548AI_MIR570_5P MIR548AI_MIR570_5P	-2.437	-0.876	1.637	0.301	-2.918	-1.666	5.336	1.190	-0.533	0.660	-0.530
MIR125B_2_3P MIR125B_2_3P	-2.893	0.976	0.782	1.193	-3.578	-2.333	1.982	2.288	-0.373	-0.902	0.342
MIR877_3P MIR877_3P	-0.437	-0.334	0.463	1.045	-5.045	-2.701	0.875	2.148	-1.926	2.148	0.587
MIR593_5P MIR593_5P	-1.180	0.804	0.804	-1.180	-5.528	-1.466	2.470	1.641	0.644	1.184	-0.934
ATGTTTC_MIR494 ATGTTTC_MIR494	-0.736	-1.180	1.184	0.984	-3.828	-3.192	2.470	0.984	0.385	1.899	-1.175
CAGCAGG_MIR370 CAGCAGG_MIR370	-2.010	0.347	2.424	0.347	-3.590	-2.972	1.351	2.127	-0.260	1.132	-1.043
IRX2_TARGET_GENES IRX2_TARGET_GENES	-0.398	0.690	1.045	0.858	-5.411	-2.566	3.977	-0.293	0.543	-0.398	-0.884
MIR2276_3P MIR2276_3P	-2.538	-0.377	1.013	1.499	-2.538	-2.012	4.817	0.807	-1.230	0.342	-0.374
GGCNKCCATNK_UNKNOWN GGCNKCCATNK_UNKNOWN	-1.163	-1.163	4.111	2.898	-2.443	-1.506	0.515	1.327	0.263	-0.482	-1.921
MIR138_2_3P MIR138_2_3P	-0.661	1.454	-0.509	0.547	-4.846	-2.382	3.857	1.034	0.423	0.547	-1.314
RBM15_TARGET_GENES RBM15_TARGET_GENES	-1.704	0.627	1.197	1.685	-3.900	-3.189	3.268	0.359	-0.477	0.482	-0.474
MIR487A_3P MIR487A_3P	-2.430	-1.856	0.346	1.371	-2.430	-2.430	2.332	2.332	0.492	0.872	-0.383
MIR1183 MIR1183	-3.259	-1.275	0.445	0.594	-2.070	-2.070	1.711	3.815	0.967	0.768	-0.740
MIR221_3P MIR221_3P	-1.781	-1.191	-0.595	0.261	-3.067	-1.781	2.272	1.506	2.272	2.562	-0.953
GGCAGTG_MIR3243P GGCAGTG_MIR3243P	-0.918	0.594	0.594	0.426	-3.981	-3.981	2.249	0.793	0.594	1.024	-0.656
MIR4760_5P MIR4760_5P	-1.258	0.301	2.009	0.781	-5.737	-1.526	2.272	1.123	-1.526	0.635	0.399
MIR520A_5P MIR520A_5P	-0.677	0.557	2.947	-0.871	-5.372	-2.537	2.027	0.706	0.706	0.319	-0.385
MIR6890_3P MIR6890_3P	-0.571	1.168	-0.258	0.914	-3.774	-3.774	0.349	2.494	1.168	-0.258	-0.809
ATACCTC_MIR202 ATACCTC_MIR202	-0.354	0.344	1.064	0.577	-6.117	-2.602	3.151	-0.468	0.344	1.263	-0.465
MIR9851_5P MIR9851_5P	0.426	0.426	0.426	-0.810	-4.854	-1.076	3.098	1.446	-1.076	1.728	-1.401
MIR3187_5P MIR3187_5P	-0.551	-0.551	0.628	0.467	-4.730	-2.223	5.042	0.467	-0.393	0.816	-0.390
MIR143_5P MIR143_5P	-1.737	0.880	2.166	0.282	-5.395	-1.737	1.582	0.533	0.395	1.090	-0.809
MIR222_3P MIR222_3P	-1.712	-1.135	-0.557	0.284	-2.977	-2.073	2.374	1.356	2.374	2.374	-0.904
MIR767_3P MIR767_3P	-2.041	1.744	-0.388	-2.041	-4.055	-1.253	1.744	0.458	1.744	0.331	1.474
ATAAGCT_MIR21 ATAAGCT_MIR21	-1.842	-0.613	3.443	0.561	-2.348	-3.787	2.674	0.291	-0.311	0.291	0.564
MIR8070 MIR8070	-0.512	-0.686	0.611	0.611	-2.893	-4.440	0.464	1.982	0.782	2.965	-1.161
MIR525_5P MIR525_5P	-0.649	0.585	2.700	-0.838	-5.294	-2.480	2.387	0.739	0.585	-0.268	-0.365
MIR5690 MIR5690	-1.406	-0.301	0.959	1.446	-2.945	-3.749	-0.430	2.035	-0.301	2.721	-0.594
MIR5706 MIR5706	-0.736	-0.568	1.184	-0.430	-5.528	-3.192	1.641	0.984	1.403	0.984	0.387
MIR642A_3P_MIR642B_3P MIR642A_3P_MIR642B_3P	-2.991	-0.734	1.120	-0.407	-3.685	-2.422	1.878	1.350	1.120	0.565	1.125
MIR508_3P MIR508_3P	-2.600	0.290	2.462	0.576	-2.008	-4.439	1.219	0.290	1.219	0.576	-0.310
MIR154_3P MIR154_3P	-2.397	-1.826	0.359	1.135	-2.397	-2.397	2.379	2.379	0.507	0.896	-0.370
GAGCTGG_MIR337 GAGCTGG_MIR337	-0.721	1.206	-0.419	2.210	-5.489	-2.624	1.930	0.660	0.822	-0.555	-0.417
MIR6773_3P MIR6773_3P	0.593	-0.301	1.248	1.248	-4.397	-3.331	-0.301	1.523	-1.142	1.523	-0.435
ACTGCAG_MIR173P ACTGCAG_MIR173P	-2.069	-0.334	1.714	2.029	-2.669	-2.669	2.736	0.721	-1.213	0.543	-0.476
MIR3926 MIR3926	-1.712	0.382	0.956	-0.425	-3.543	-2.977	2.093	2.988	-0.717	1.356	-0.316
MIR499B_3P MIR499B_3P	-2.800	-1.026	1.075	1.075	-4.773	-1.026	0.574	2.292	0.574	1.749	-0.483
MIR5589_3P MIR5589_3P	-2.859	-0.509	1.949	0.423	-1.973	-2.859	1.693	2.224	1.034	0.690	-1.615
ATTACAT_MIR3803P ATTACAT_MIR3803P	-1.380	-1.380	0.896	0.359	-2.397	-3.142	4.524	1.135	0.507	0.687	-0.534
MIR3659 MIR3659	-1.611	0.397	0.254	0.397	-2.252	-3.192	1.680	0.578	-0.797	4.349	-0.353
MIR379_3P_MIR411_3P MIR379_3P_MIR411_3P	-0.866	-1.077	-0.686	0.782	-3.867	-1.325	5.474	1.794	-0.686	0.782	-0.307
MIR5689 MIR5689	-1.316	-0.635	0.347	0.347	-4.334	-2.010	0.934	4.186	-0.260	2.127	-0.479
MIR21_3P MIR21_3P	-1.557	0.565	1.878	0.310	-2.991	-2.991	0.912	2.829	0.565	0.727	-1.944
TGTGTGA_MIR377 TGTGTGA_MIR377	-1.651	0.559	0.442	1.392	-5.116	-3.230	1.009	1.392	0.442	1.608	-0.348
MIR4713_5P MIR4713_5P	-2.394	0.628	0.367	0.367	-4.261	-2.394	1.647	1.402	0.487	2.500	-0.604
MIR361_5P MIR361_5P	-2.167	0.660	0.292	1.206	-4.553	-0.555	3.876	0.660	-0.922	1.206	-1.156
MIR18A_5P_MIR18B_5P MIR18A_5P_MIR18B_5P	-1.608	-0.726	0.610	-0.388	-2.041	-2.041	0.331	5.219	-0.726	3.076	-0.534
MIR6792_5P MIR6792_5P	-0.884	-1.461	0.351	3.012	-3.542	-2.860	2.017	1.462	0.351	0.627	-0.496
ATGAAGG_MIR205 ATGAAGG_MIR205	-3.003	0.451	1.562	-0.268	-4.370	-1.658	2.093	1.562	-0.649	0.914	0.454
ACTGTAG_MIR139 ACTGTAG_MIR139	-1.557	-1.557	1.530	1.037	-3.978	-1.983	1.271	0.486	0.353	2.802	-0.363
MIR12131 MIR12131	-1.422	1.557	0.768	2.340	-3.007	-4.240	0.768	1.125	0.276	0.617	-1.148
MIR548B_3P MIR548B_3P	-1.947	0.447	1.027	0.312	-4.355	-1.119	1.027	0.611	1.557	1.864	-1.942
HDAC8_TARGET_GENES HDAC8_TARGET_GENES	0.282	1.090	3.205	2.166	-3.400	-1.737	0.282	-0.321	-2.731	0.694	-0.809
MIR3149 MIR3149	-1.906	0.388	0.827	0.827	-4.189	-3.456	0.659	2.268	0.388	1.455	-0.317
MIR1251_3P MIR1251_3P	-0.358	-0.822	0.756	0.599	-5.255	-3.590	1.590	0.347	0.756	1.849	0.466
MIR548AO_5P_MIR548AX MIR548AO_5P_MIR548AX	-0.569	0.768	0.937	2.061	-5.031	-2.098	1.125	0.485	-0.327	1.557	-2.091
MIR6779_5P MIR6779_5P	-0.411	0.389	2.608	3.569	-2.770	-2.770	1.134	0.633	-1.077	-0.411	-1.606
MIR4423_3P MIR4423_3P	0.395	-1.062	0.533	-0.321	-5.395	-2.186	2.166	1.582	0.694	1.090	-0.607
MIR499A_3P MIR499A_3P	-2.741	-0.991	1.117	1.117	-4.699	-0.991	0.601	2.362	0.468	1.559	-0.460
MIR5580_5P MIR5580_5P	-0.810	-1.076	1.728	0.426	-4.854	-1.814	2.721	0.755	-0.301	1.190	-0.428
MIR1236_3P MIR1236_3P	0.609	-0.417	0.750	0.484	-5.812	-3.648	1.951	0.908	0.377	1.084	-0.414
MIR2053 MIR2053	0.269	-1.172	-0.336	-0.446	-4.275	-3.037	3.234	2.030	0.362	0.752	0.756
CTGTTAC_MIR194 CTGTTAC_MIR194	-2.038	-1.566	0.952	1.457	-2.038	-1.566	2.416	0.405	0.280	2.786	-1.561
MIR5697 MIR5697	-0.758	0.283	1.977	-0.580	-5.099	-2.338	1.706	1.015	1.977	-0.435	-0.433
ZNF595_TARGET_GENES ZNF595_TARGET_GENES	-0.364	1.527	1.231	0.736	-3.691	-1.077	0.376	1.527	0.539	-0.364	-3.685
MIR130B_5P MIR130B_5P	-1.588	0.278	0.473	1.064	-4.296	-3.143	1.923	0.735	0.473	2.450	-0.547
MIR7703 MIR7703	-0.991	-0.262	1.056	0.837	-3.596	-3.596	-0.262	0.481	0.645	3.730	-0.534
MIR371A_5P MIR371A_5P	-1.781	-0.457	0.261	1.506	-3.639	-1.781	1.506	2.272	1.744	0.590	-1.774
MIR6516_3P MIR6516_3P	-0.330	-2.059	0.659	0.509	-4.710	-2.543	2.334	0.832	0.380	1.486	0.512
MIR190A_5P MIR190A_5P	-1.260	0.368	0.368	1.108	-4.605	-2.737	1.362	0.682	-0.702	1.950	0.686
MIR3682_3P MIR3682_3P	-0.457	0.301	1.402	-0.457	-3.483	-3.483	3.329	-0.457	0.301	0.451	0.638
MIR4645_3P MIR4645_3P	-0.702	-0.357	-0.357	0.511	-4.605	-1.647	1.108	-0.357	1.108	4.302	-0.699
AAAGGAT_MIR501 AAAGGAT_MIR501	-1.002	-0.292	0.432	1.165	-4.131	-3.295	2.284	0.749	-0.292	1.969	-0.563
TCCAGAG_MIR518C TCCAGAG_MIR518C	-1.804	0.568	0.903	2.417	-3.322	-2.725	1.830	-0.527	-0.696	-0.391	1.837
MIR4684_5P MIR4684_5P	-1.570	0.526	0.526	3.316	-1.286	-4.483	0.526	1.851	-0.392	0.986	-1.563
MIR26B_3P MIR26B_3P	-1.432	0.476	-0.568	3.913	-4.272	-1.886	0.648	0.476	-0.270	1.340	-0.268
MIR630 MIR630	-0.595	0.965	-0.595	-0.397	-2.361	-1.225	3.605	0.520	0.520	1.555	-3.311
MIR6512_5P MIR6512_5P	-1.097	-0.613	-0.443	0.413	-3.787	-2.979	3.860	0.735	0.936	0.413	0.940
MIR6799_5P MIR6799_5P	-0.956	0.675	2.950	1.736	-1.881	-2.817	3.301	-0.567	-0.956	-0.742	-0.739
MIR4794 MIR4794	-0.537	0.507	0.896	-0.537	-4.189	-1.380	5.024	-0.250	-1.028	0.896	-0.370
MIR6128 MIR6128	-2.355	-0.828	1.054	0.706	-4.033	-1.598	2.258	1.980	0.327	1.258	-0.644
MIR452_3P MIR452_3P	-0.625	-0.625	0.518	1.297	-1.764	-5.437	0.273	1.067	-0.625	2.792	0.681
MIR6073 MIR6073	-0.770	-0.260	1.664	1.371	-3.180	-2.430	2.332	-0.260	0.667	0.667	-2.425
GTATGAT_MIR154_MIR487 GTATGAT_MIR154_MIR487	-1.998	-0.647	-0.960	1.297	-1.998	-1.998	2.423	2.870	-0.263	0.997	-0.644
MIR1_5P MIR1_5P	-1.363	-1.363	1.683	3.264	-2.545	-2.545	1.081	0.615	-0.473	0.831	-0.471
MIR6079 MIR6079	-2.059	0.380	1.028	-0.330	-5.894	-0.608	1.486	2.030	0.274	0.832	-0.450
MIR4635 MIR4635	-0.373	-0.373	0.782	0.464	-3.578	-4.440	3.723	0.611	0.464	-0.265	0.342
MIR1273H_3P MIR1273H_3P	-0.476	-0.324	0.575	0.997	-4.023	-2.262	0.997	-1.277	1.858	2.202	-0.674
ATGCAGT_MIR217 ATGCAGT_MIR217	-1.012	-0.755	0.333	1.273	-3.634	-2.223	1.836	3.257	-1.012	0.628	0.335
GCTCTTG_MIR335 GCTCTTG_MIR335	-0.730	-0.730	0.576	1.942	-3.608	-2.619	2.710	-0.505	-0.505	0.576	1.027
TGTATGA_MIR4853P TGTATGA_MIR4853P	-1.029	0.475	-0.348	0.773	-3.557	-2.941	2.781	1.880	1.155	0.357	-1.290
MIR4649_3P MIR4649_3P	-0.271	-0.467	0.991	1.813	-5.152	-3.804	1.583	0.333	0.333	0.826	0.335
MIR1257 MIR1257	-0.279	-0.606	1.384	0.472	-2.843	-3.857	2.393	-0.854	-0.418	1.691	0.474
MIR4457 MIR4457	-1.983	0.644	-0.255	-0.255	-3.978	-1.983	2.450	2.802	0.486	0.486	-0.507
AAACCAC_MIR140 AAACCAC_MIR140	-0.345	-0.685	0.904	0.701	-3.482	-2.703	5.343	0.261	0.261	-0.493	0.262
MIR4490 MIR4490	-0.983	0.259	-1.767	0.728	-4.106	-1.328	1.471	2.475	1.471	0.541	-0.503
ZNF547_TARGET_GENES ZNF547_TARGET_GENES	1.015	1.015	2.268	0.827	-5.099	-1.906	1.015	-0.435	0.283	0.283	-1.900
MYC_Q2 MYC_Q2	0.606	1.989	1.291	1.291	-4.623	-1.993	0.370	0.370	0.479	-2.827	0.483
MIR6758_3P MIR6758_3P	-0.685	-0.345	0.527	0.261	-4.563	-2.703	1.989	1.135	1.678	-0.685	0.705
MIR583 MIR583	0.261	0.261	-0.345	0.736	-5.105	-2.149	4.645	0.901	-0.457	0.261	0.263
MIR890 MIR890	-0.677	-1.708	0.412	-0.324	-4.023	-0.939	3.400	1.541	-0.324	1.541	-0.473
MIR4481 MIR4481	0.504	1.043	1.270	1.521	-4.324	-4.324	0.373	0.264	-0.640	0.660	0.375
MIR190B_5P MIR190B_5P	-1.213	0.392	0.392	0.928	-4.522	-2.669	1.425	0.721	-0.667	1.714	0.724
MIR451B MIR451B	-0.375	0.327	-0.497	0.560	-4.810	-3.382	1.980	1.054	0.706	1.721	-0.494
MIR4275 MIR4275	-2.451	-0.635	1.590	0.756	-4.334	-0.822	1.590	2.127	0.347	0.756	-1.043
MIR5197_3P MIR5197_3P	-0.724	0.350	-0.447	-0.342	-4.362	-2.313	3.943	1.212	-0.724	1.212	0.711
MIR6887_5P MIR6887_5P	0.330	0.763	0.330	-1.187	-3.613	-1.897	3.285	0.954	-0.384	1.947	-1.504
MIR181A_2_3P MIR181A_2_3P	-0.281	0.453	0.453	0.610	-2.254	-1.758	2.817	1.509	-2.254	1.509	-2.248
MIR20A_3P MIR20A_3P	-1.166	1.035	0.342	0.861	-5.551	-2.460	1.434	1.035	0.342	1.434	-0.459
MIR4426 MIR4426	-0.920	0.708	0.708	0.554	-2.756	-2.253	5.913	0.708	-0.540	-0.712	-0.708
ZNF584_TARGET_GENES ZNF584_TARGET_GENES	-0.310	0.782	2.320	2.320	-3.279	-3.279	1.337	-0.310	-1.325	0.389	-0.682
MIR4667_5P MIR4667_5P	-1.598	-0.497	2.258	2.258	-2.829	-3.382	-0.375	1.480	-0.497	0.560	0.710
MIR6529_3P MIR6529_3P	0.289	0.289	0.831	-0.313	-0.981	-3.525	1.081	1.366	0.289	1.683	-3.519
MIF1_01 MIF1_01	0.798	3.613	-0.301	-0.524	-3.248	-3.834	0.967	0.967	-0.850	0.647	-0.398
TTGGAGA_MIR5155P_MIR519E TTGGAGA_MIR5155P_MIR519E	-1.472	0.883	0.708	-0.920	-2.756	-2.253	3.038	0.554	0.883	1.798	-1.467
MIR8065 MIR8065	-1.172	0.554	1.299	1.538	-1.472	-4.080	3.395	0.708	-0.920	-0.292	-0.916
CTCTGGA_MIR520A_MIR525 CTCTGGA_MIR520A_MIR525	-0.855	0.895	1.088	0.439	-3.035	-3.658	3.335	0.571	-0.378	0.895	-1.080
MIR651_5P MIR651_5P	-0.343	0.679	0.263	0.263	-3.901	-1.926	2.199	1.885	-1.506	1.885	-0.881
MIR2110 MIR2110	-0.545	-0.310	2.125	-0.545	-4.957	-2.464	2.125	1.380	-0.415	0.646	0.295
MIR499A_5P MIR499A_5P	-0.557	-0.425	0.382	1.356	-4.205	-2.977	2.672	1.829	-0.557	0.631	-0.422
MIR3085_3P MIR3085_3P	-0.266	0.597	1.149	0.943	-6.061	-2.170	0.759	-0.666	-0.370	0.597	1.382
MIR3192_5P MIR3192_5P	1.277	1.757	0.428	-1.705	-5.372	-1.705	1.066	0.706	-0.677	0.706	0.560
CATGTAA_MIR496 CATGTAA_MIR496	-1.153	-0.569	0.617	0.372	-4.240	-2.519	2.635	0.617	0.617	2.340	-0.433
MIR421 MIR421	-1.591	0.514	0.514	-0.401	-3.834	-2.742	3.967	0.647	0.399	0.967	0.402
MIR504_3P MIR504_3P	-0.258	0.612	1.172	0.612	-4.827	-1.729	1.928	-0.652	-0.360	2.221	-1.377
MIR140_3P MIR140_3P	-0.833	0.359	0.795	1.197	-3.900	-3.189	2.575	1.685	-0.477	-0.350	-0.347
MIR4277 MIR4277	-1.582	0.472	1.778	0.342	-2.538	-3.189	2.756	-0.523	-0.264	1.778	-0.520
GKCGCNNNNNNNTGAYG_UNKNOWN GKCGCNNNNNNNTGAYG_UNKNOWN	-0.470	0.728	2.093	2.093	-2.528	-0.470	1.324	0.316	-0.738	-1.122	-2.524
MIR8087 MIR8087	-1.606	-0.429	2.101	0.536	-3.756	-1.273	2.742	1.073	0.403	0.536	-1.600
MIR6828_3P MIR6828_3P	-1.786	0.983	0.593	-0.291	-4.813	-1.786	1.764	0.983	-0.291	1.217	0.313
MIR4297 MIR4297	-0.820	-0.501	0.419	-0.285	-3.769	-1.267	3.358	0.676	-1.548	3.030	0.320
TGAGATT_MIR216 TGAGATT_MIR216	-1.166	1.219	-0.451	0.762	-4.439	-1.539	2.462	1.219	-0.868	0.762	-0.310
MIR338_3P MIR338_3P	-1.294	0.522	0.391	0.391	-3.090	-2.512	4.203	0.283	-1.014	1.515	0.525
MIR5009_3P MIR5009_3P	-1.080	0.534	0.675	0.309	-4.883	-2.409	2.480	1.919	0.309	0.534	-0.392
MIR1205 MIR1205	-1.485	-0.262	0.721	1.969	-2.174	-2.602	3.488	-1.210	-0.262	1.480	-0.604
MIR4727_5P MIR4727_5P	-0.566	0.453	0.453	1.799	-3.672	-2.875	3.203	-1.033	0.322	0.453	0.324
MIR2467_3P MIR2467_3P	0.439	1.534	-0.855	-1.085	-3.658	-2.509	2.661	0.328	0.328	2.060	-0.375
MIR3064_5P MIR3064_5P	-0.284	0.568	0.903	1.103	-6.144	-2.225	0.903	-0.527	-0.284	0.568	1.108
MIR8066 MIR8066	-0.774	-0.447	1.676	0.275	-4.225	-2.366	3.951	0.377	-0.329	0.500	0.380
MIR622 MIR622	0.326	0.484	0.909	0.909	-3.400	-1.279	0.326	2.178	-1.770	1.476	-1.766
MIR124_5P MIR124_5P	-0.991	0.481	0.645	2.545	-3.596	-2.806	1.873	-0.262	-0.381	1.056	-0.734
MIR215_3P MIR215_3P	-1.251	0.551	2.451	1.096	-3.721	-3.024	1.096	-0.301	-0.418	1.324	-0.415
MIR6512_3P MIR6512_3P	-0.610	0.694	2.166	-0.321	-3.400	-2.731	0.533	2.166	-0.448	1.325	-1.362
AACYNNNNTTCCS_UNKNOWN AACYNNNNTTCCS_UNKNOWN	0.687	2.758	0.507	-0.250	-4.189	-2.397	0.359	-0.250	1.135	0.507	-1.376
MIR509_5P MIR509_5P	-1.299	-0.497	-0.277	1.480	-2.829	-2.355	4.679	0.706	0.870	-0.375	-0.644
MIR5004_5P MIR5004_5P	-2.475	-0.904	1.299	0.254	-2.475	-1.955	2.850	1.562	0.848	0.661	-0.673
MIR10526_3P MIR10526_3P	-0.628	-0.456	3.801	0.281	-3.014	-2.380	1.386	1.386	0.281	-1.456	0.402
MIR3689A_3P_MIR3689B_3P_MIR3689C MIR3689A_3P_MIR3689B_3P_MIR3689C	-0.345	0.462	2.562	2.869	-2.575	-2.575	1.286	0.462	-1.191	-0.345	-1.457
MIR487A_5P MIR487A_5P	-2.634	-0.888	0.741	0.952	-2.634	-1.566	2.416	0.405	-0.650	2.416	0.408
MIR6740_3P MIR6740_3P	-1.705	0.876	0.428	-0.388	-5.372	-1.379	0.876	1.757	0.557	1.757	-0.385
MIR3194_3P MIR3194_3P	-1.649	1.051	1.614	0.816	-2.917	-2.196	3.089	0.441	-0.896	-0.301	-0.444
MIR298 MIR298	-0.881	-0.421	0.379	1.114	-4.588	-2.355	2.875	0.285	-0.421	1.767	0.494
MIR330_5P MIR330_5P	-1.095	1.767	-0.318	0.766	-3.309	-2.355	4.616	-0.318	-0.318	-0.318	-0.315
ACACTCC_MIR122A ACACTCC_MIR122A	-2.179	0.620	0.620	-0.505	-3.109	-1.548	3.478	1.119	-0.327	-0.327	0.622
MIR3977 MIR3977	-1.401	0.543	0.858	1.480	-2.566	-2.566	3.602	0.543	-0.530	0.690	-1.395
GGCACTT_MIR519E GGCACTT_MIR519E	-1.230	-0.523	0.342	0.627	-4.016	-2.012	2.756	2.081	-0.377	1.013	-0.374
HOXC13_TARGET_GENES HOXC13_TARGET_GENES	-1.119	2.996	0.281	1.137	-3.825	-1.456	0.716	-0.456	0.400	1.660	-1.451
MIR6742_3P MIR6742_3P	-1.328	1.471	1.471	0.259	-2.329	-4.106	0.728	-0.348	-0.506	1.193	0.949
MIR6818_3P MIR6818_3P	-0.292	-1.002	0.432	-0.566	-5.270	-1.298	-0.292	0.945	0.749	2.620	1.170
MIR302A_5P MIR302A_5P	-0.494	0.415	0.415	-0.286	-4.833	-1.485	2.068	1.582	1.817	0.415	-1.782
MIR3944_5P MIR3944_5P	-1.260	-0.357	1.362	0.368	-4.605	-1.647	1.950	0.252	1.643	0.682	-0.505
MIR103A_2_5P MIR103A_2_5P	-0.838	-2.036	0.585	1.110	-3.624	-2.480	0.739	1.562	0.739	1.818	0.340
MIR1245B_3P MIR1245B_3P	-1.382	1.403	2.221	1.655	-3.936	-2.634	0.612	-0.258	-0.258	0.469	-0.487
MIR509_3_5P MIR509_3_5P	-1.279	-0.486	-0.269	1.281	-2.800	-2.328	4.735	0.721	0.889	-0.365	-0.630
MIR487B_5P MIR487B_5P	-2.600	-0.868	0.762	0.762	-2.600	-1.539	2.462	0.419	-0.634	2.462	0.421
MIR216B_3P MIR216B_3P	-1.062	-1.737	0.395	2.491	-1.737	-2.731	2.166	0.694	-0.448	1.863	-0.607
MIR653_3P MIR653_3P	-1.606	0.536	0.403	0.871	-3.756	-2.005	1.297	2.411	-0.580	1.544	-0.763
MIR6131 MIR6131	-0.491	-0.336	1.817	0.749	-4.065	-3.030	0.398	1.223	0.558	0.971	-0.692
GGTGAAG_MIR412 GGTGAAG_MIR412	-1.151	1.283	0.478	0.478	-2.570	-2.570	2.948	-0.301	0.970	-0.301	-0.759
MIR556_3P MIR556_3P	-1.509	-0.525	-0.525	0.330	-3.613	-2.363	1.405	0.595	0.954	2.919	0.767
MIR4724_5P MIR4724_5P	-1.924	0.745	-0.718	0.933	-2.958	-2.958	2.874	0.580	0.933	0.580	0.322
MIR3135B MIR3135B	-1.119	0.611	1.557	0.312	-4.355	-1.486	1.278	1.278	-1.119	1.278	-0.422
MIR12119 MIR12119	0.479	-0.326	1.507	0.370	-5.439	-1.993	0.277	-0.326	-0.431	3.152	0.483
MIR488_5P MIR488_5P	-0.244	-0.383	0.748	1.277	-1.674	-2.325	3.199	0.538	-2.325	0.994	-1.194
MIR30B_3P MIR30B_3P	-0.354	0.451	2.526	2.831	-2.602	-2.602	1.263	0.451	-1.210	-0.354	-1.204
MIR6866_3P MIR6866_3P	-0.710	-0.710	0.301	1.506	-2.106	-2.106	5.280	0.301	0.301	0.301	-1.034
MIR3177_5P MIR3177_5P	-0.855	-0.378	-0.378	1.088	-4.407	-2.062	2.661	1.301	0.895	0.723	-0.850
ZNF165_TARGET_GENES ZNF165_TARGET_GENES	-1.225	-0.255	2.280	0.965	-3.317	-1.706	2.691	-0.255	-0.595	-0.595	0.522
MIR3190_3P MIR3190_3P	-2.012	-0.377	2.407	0.807	-4.016	-0.710	1.499	-0.264	0.342	1.499	-1.225
AGGAGTG_MIR483 AGGAGTG_MIR483	-1.854	-0.359	1.825	0.846	-1.271	-2.736	3.662	-0.359	-0.359	0.405	-0.564
MIR6501_3P MIR6501_3P	-1.779	-0.381	1.596	0.329	-4.008	-1.779	1.350	2.456	-0.381	0.923	-0.378
MIR612 MIR612	-0.385	-0.385	0.872	-0.260	-4.231	-1.856	4.451	0.346	-0.385	0.346	0.348
MIR520G_5P MIR520G_5P	0.331	-1.092	-0.273	-0.714	-1.092	-0.714	2.152	5.425	-1.092	-1.641	0.332
AAGTCCA_MIR422B_MIR422A AAGTCCA_MIR422B_MIR422A	0.966	-1.423	0.328	1.259	-2.034	-2.034	2.805	0.499	-0.986	1.259	-1.420
MIR6504_5P MIR6504_5P	0.274	0.659	1.028	1.028	-5.894	-2.059	0.832	-0.608	-0.330	0.509	1.033
MIR6795_5P MIR6795_5P	-0.274	0.763	0.330	-0.920	-3.613	-1.897	2.919	0.763	-0.384	2.250	-1.182
CAGCACT_MIR5123P CAGCACT_MIR5123P	-0.607	0.974	0.628	0.974	-4.261	-2.394	3.523	-0.607	0.487	-0.338	-0.336
AGGCACT_MIR5153P AGGCACT_MIR5153P	-0.771	0.376	0.539	1.231	-3.691	-2.694	1.854	1.527	-0.538	-0.538	0.542
MIR31_5P MIR31_5P	-0.553	0.301	0.301	1.058	-4.116	-2.281	3.720	0.301	-0.938	0.864	0.543
MIR4701_5P MIR4701_5P	-0.292	-0.760	1.678	-0.566	-4.131	-1.298	0.578	1.969	0.311	2.284	-1.293
AACTGAC_MIR223 AACTGAC_MIR223	-1.708	-0.677	0.997	4.326	-2.992	-1.277	1.254	0.412	-0.324	0.412	-0.674
MIR891A_3P MIR891A_3P	-1.002	-0.412	-0.292	3.358	-4.131	-2.099	1.165	0.311	0.749	0.945	-0.409
MIR148A_5P MIR148A_5P	-0.791	-0.417	0.311	1.217	-4.813	-2.286	1.478	1.217	-0.291	0.983	0.441
MIR4499 MIR4499	-1.381	-0.582	-0.417	2.769	-2.910	-1.381	3.150	-1.054	0.439	0.983	0.313
MIR103A_1_5P MIR103A_1_5P	-0.974	-1.906	0.388	1.225	-3.456	-2.338	0.659	1.455	0.827	1.977	0.390
CCGNMNNTNACG_UNKNOWN CCGNMNNTNACG_UNKNOWN	-0.577	0.367	3.199	1.277	-3.275	-1.674	0.994	0.748	-0.244	-0.842	-1.194
MIR302F MIR302F	-1.203	-0.977	-0.278	0.997	-2.970	-2.513	2.099	2.956	-0.370	-0.278	1.003
MIR6849_3P MIR6849_3P	-0.797	-0.354	1.349	0.578	-2.252	-3.192	2.873	0.254	-0.354	1.349	-0.794
MIR365A_3P_MIR365B_3P MIR365A_3P_MIR365B_3P	-1.333	-0.551	0.628	0.628	-2.223	-2.841	2.499	0.628	-0.755	2.867	-0.390
MIR150_5P MIR150_5P	-1.666	-0.533	0.301	0.818	-2.918	-2.437	2.157	-0.405	1.190	2.748	-0.402
MCM2_TARGET_GENES MCM2_TARGET_GENES	0.478	2.948	0.970	0.701	-1.711	-1.151	0.478	0.970	-2.570	-0.489	-1.708
MIR5190 MIR5190	-0.640	-0.848	1.794	-0.640	-4.324	-2.244	1.270	0.840	0.264	1.270	1.048
ZNF623_TARGET_GENES ZNF623_TARGET_GENES	0.441	1.051	1.941	0.816	-3.940	-0.641	0.612	-0.301	-0.641	0.816	-2.911
MIR1228_3P MIR1228_3P	-1.064	-0.731	-0.314	0.445	-2.142	-2.142	5.182	0.642	-0.314	1.153	-0.486
SMARCA1_TARGET_GENES SMARCA1_TARGET_GENES	0.464	2.288	0.340	1.982	-2.893	-1.166	0.611	0.976	-1.870	0.464	-2.326
MIR1537_5P MIR1537_5P	-1.163	-0.660	0.870	0.376	-3.901	-0.885	3.685	1.594	-0.482	0.679	-0.881
MAZ_Q6 MAZ_Q6	-1.203	0.542	0.325	2.369	-4.097	-2.513	2.369	0.325	-0.278	0.677	-0.276
GACAATC_MIR219 GACAATC_MIR219	0.265	0.495	-0.622	0.495	-3.864	-2.087	3.315	0.265	0.370	1.995	-1.048
MIR19A_5P MIR19A_5P	-2.519	1.332	1.125	0.372	-3.575	-2.098	1.332	1.557	-0.327	-0.436	0.772
MIR628_3P MIR628_3P	0.831	-0.981	2.414	-0.313	-3.525	-1.867	2.414	0.289	-0.691	0.435	-0.311
MIR4299 MIR4299	-0.753	0.428	1.768	-0.753	-3.109	-2.179	3.002	-0.327	-0.505	0.428	0.853
MIR503_5P MIR503_5P	-0.983	0.259	0.541	1.778	-3.067	-2.329	0.945	1.471	1.778	-0.506	-1.324
MIR802 MIR802	-0.671	0.351	0.477	-0.256	-3.542	-2.303	3.777	0.800	-0.884	1.462	-0.360
MIR10394_5P MIR10394_5P	-1.506	-0.270	0.705	1.939	-2.630	-2.200	3.110	-0.991	-0.270	1.456	-0.476
MIR578 MIR578	-0.262	-0.607	-0.262	0.721	-6.117	-1.804	0.577	0.721	0.577	2.239	0.580
MIR6730_5P MIR6730_5P	-1.166	0.464	2.965	-0.512	-3.578	-1.485	1.982	1.696	-0.373	-0.512	-0.509
MIR6860 MIR6860	-0.451	-0.451	0.976	0.290	-4.439	-1.539	4.107	0.419	-0.312	0.419	-0.310
MIR5699_5P MIR5699_5P	-0.253	0.356	1.332	1.332	-3.558	-2.161	2.239	0.664	-0.719	0.496	-1.670
MIR6720_5P MIR6720_5P	-0.655	0.643	2.053	-0.352	-3.507	-2.274	0.490	2.368	-0.486	1.244	-1.119
MIR339_5P MIR339_5P	-1.038	-1.485	1.506	-0.710	-2.106	-2.106	3.137	1.187	0.463	0.664	-0.299
MIR2355_5P MIR2355_5P	-0.655	1.244	2.053	1.244	-3.507	-2.274	1.244	-0.486	-0.352	0.820	-1.432
MIR496 MIR496	0.261	-0.345	1.678	0.904	-3.482	-2.703	1.393	-0.685	0.701	1.393	-1.232
MIR6506_5P MIR6506_5P	-0.521	-0.733	1.739	-0.360	-4.148	-2.363	1.164	0.920	0.371	1.437	0.251
MIR6715B_3P MIR6715B_3P	-0.625	0.677	2.449	1.067	-4.285	-1.764	1.297	1.067	-0.460	-0.625	-0.826
MIR5001_5P MIR5001_5P	-0.385	-0.509	1.235	1.235	-4.068	-3.414	1.454	0.423	-0.661	0.690	1.039
MIR6499_3P MIR6499_3P	-0.760	0.945	0.311	1.409	-4.131	-2.634	1.678	0.311	0.311	1.409	-0.757
MIR653_5P MIR653_5P	0.533	-0.448	0.694	-0.610	-5.395	-2.186	1.325	1.090	0.395	0.880	0.536
MIR6809_5P MIR6809_5P	-0.783	-0.783	1.050	1.050	-3.792	-2.512	2.699	1.271	-0.320	0.391	-0.318
MIR4286 MIR4286	-0.268	0.889	0.488	0.889	-2.805	-3.815	1.138	-0.588	0.488	1.730	-0.829
MIR6716_5P MIR6716_5P	0.291	0.291	-0.436	0.407	-2.157	-1.711	6.410	-0.311	0.407	-1.711	0.410
MIR499B_5P MIR499B_5P	0.398	0.558	-0.695	-0.336	-1.737	-2.296	3.339	0.398	-0.961	2.919	-1.298
MIR511_3P MIR511_3P	-0.860	-0.675	0.412	0.309	-4.102	-2.409	1.919	0.835	-0.395	2.190	1.019
MIR19B_1_5P_MIR19B_2_5P MIR19B_1_5P_MIR19B_2_5P	-2.492	1.356	0.956	0.382	-3.543	-2.073	1.356	1.583	-0.318	-0.425	0.789
MIR762 MIR762	-0.446	-0.582	1.309	1.531	-3.607	-3.607	1.105	0.474	-0.746	0.752	1.110
MIR1184 MIR1184	-0.736	0.385	2.175	0.644	-3.192	-3.828	1.641	0.644	0.385	0.644	-0.732
MIR4650_3P MIR4650_3P	-0.734	-0.292	1.120	-0.292	-4.555	-1.229	0.426	3.187	0.727	0.912	-1.225
MIR320A_5P MIR320A_5P	-0.685	-0.685	0.701	-0.685	-4.563	-1.236	1.989	0.527	0.904	-0.345	1.996
MIR4680_5P MIR4680_5P	-0.263	-1.998	0.342	2.870	-2.902	-1.998	0.342	1.297	0.342	0.737	-0.262
MIR7160_5P MIR7160_5P	0.635	-0.828	1.763	-0.828	-4.904	-1.258	0.943	2.272	-0.659	0.943	-0.299
MIR216A_5P MIR216A_5P	-0.902	-0.512	2.965	1.433	-1.485	-3.578	0.782	0.976	-0.373	0.782	-1.480
GAGCCTG_MIR484 GAGCCTG_MIR484	-0.437	0.593	0.783	-0.848	-1.512	-4.397	1.248	0.593	1.825	1.001	-1.138
MIR376A_3P_MIR376B_3P MIR376A_3P_MIR376B_3P	-0.429	0.536	0.403	0.403	-2.482	-3.756	2.411	1.297	-1.606	1.073	0.405
MIR1285_3P MIR1285_3P	-1.085	0.571	1.534	0.328	-4.407	-2.062	2.661	0.439	-0.276	0.895	-0.502
MIR1910_3P MIR1910_3P	-0.318	0.379	1.314	0.931	-3.309	-4.588	1.767	0.766	-0.421	0.491	-0.315
MIR204_3P MIR204_3P	-0.817	2.295	-0.340	0.265	-3.156	-2.087	0.814	2.956	0.370	0.495	-1.333
MIR4666B MIR4666B	-1.298	-1.659	0.749	0.749	-2.634	-1.002	1.678	2.620	-0.760	1.678	-0.757
MIR6509_3P MIR6509_3P	-0.539	0.320	1.378	1.144	-2.958	-1.208	2.874	-0.283	-1.924	1.378	-1.203
MIR664A_5P MIR664A_5P	-0.541	0.254	0.578	-0.797	-3.192	-1.143	5.478	0.254	-0.541	0.578	0.255
MIR3689A_5P_MIR3689B_5P_MIR3689E_MIR3689F MIR3689A_5P_MIR3689B_5P_MIR3689E_MIR3689F	-1.659	0.311	-0.566	0.432	-3.295	-2.634	0.578	2.620	0.945	1.165	0.581
MIR450A_1_3P MIR450A_1_3P	-1.505	0.649	1.143	0.519	-4.869	-1.505	1.143	0.519	2.304	0.309	-0.642
MIR7974 MIR7974	-1.052	-1.447	2.261	0.390	-1.965	-2.656	0.994	0.256	-0.351	0.390	2.661
MIR4469 MIR4469	-1.284	-0.253	1.082	1.082	-2.772	-2.161	3.791	0.496	-0.970	-0.369	0.498
MIR491_3P MIR491_3P	-0.456	-0.456	1.660	0.400	-3.825	-3.014	0.281	1.386	0.913	1.386	-0.625
NR1D1_TARGET_GENES NR1D1_TARGET_GENES	0.272	1.921	3.334	0.697	-2.411	-1.141	1.356	-1.481	-0.469	-0.644	-1.476
MIR4744 MIR4744	-0.569	0.372	0.372	2.635	-3.575	-1.422	2.635	0.768	-1.153	0.617	-1.148
MIR4327 MIR4327	-1.899	-2.582	1.052	0.806	-1.004	-1.899	3.200	-0.325	0.595	0.806	0.279
MIR3922_5P MIR3922_5P	-0.411	-0.584	1.309	0.323	-3.255	-2.498	2.242	1.309	-0.809	1.309	-0.582
MIR8061 MIR8061	-1.729	0.543	1.994	0.858	-4.480	-1.401	1.480	0.543	-0.888	0.417	0.694
PBX1_02 PBX1_02	-2.763	-3.436	0.273	-0.331	-1.764	0.384	0.384	1.067	1.297	1.551	1.303
PPARGC1A_TARGET_GENES PPARGC1A_TARGET_GENES	0.249	2.069	1.739	0.524	-4.148	-1.354	1.164	-0.521	0.371	-0.360	-1.350
MIR224_5P MIR224_5P	-0.479	-0.620	2.792	0.564	-3.127	-3.127	2.206	0.866	-0.363	-0.363	-0.268
TCATCTC_MIR143 TCATCTC_MIR143	-0.696	0.568	0.903	-0.527	-4.943	-1.152	3.082	0.433	0.568	0.903	-0.898
PR_02 PR_02	-0.902	-0.902	1.193	0.782	-3.578	-2.333	-0.686	0.782	2.288	1.193	0.467
MIR770_5P MIR770_5P	-1.826	-0.250	0.687	0.687	-3.142	-2.397	2.379	0.359	-0.372	1.701	0.361
MIR5001_3P MIR5001_3P	-1.047	-0.260	1.849	1.351	-3.590	-2.451	2.127	-0.260	-0.822	0.599	0.466
MIR665 MIR665	-0.848	0.840	0.840	-0.640	-3.471	-2.795	1.043	1.794	-0.341	1.794	-0.470
MIR5006_5P MIR5006_5P	-1.870	-0.456	0.716	0.545	-3.825	-2.380	1.386	1.137	0.400	0.716	1.141
MIR6831_5P MIR6831_5P	-0.469	0.272	0.530	1.111	-3.863	-3.863	1.111	0.272	0.891	1.111	0.274
MIR4735_3P MIR4735_3P	-1.333	-0.755	0.628	-0.551	-1.730	-1.730	0.333	4.106	-0.393	2.867	-0.549
MIR1909_3P MIR1909_3P	-1.229	1.603	-0.292	1.350	-2.422	-4.555	0.310	0.727	0.426	0.727	0.731
TCCAGAT_MIR5165P TCCAGAT_MIR5165P	-0.888	-1.189	0.405	0.405	-3.407	-1.189	3.600	0.741	0.559	1.457	-0.885
MIR4690_3P MIR4690_3P	-1.331	-0.240	2.544	-0.909	-2.819	-1.926	1.375	0.790	-0.240	1.062	-0.239
MIR3130_3P MIR3130_3P	-0.285	-0.492	0.522	-0.285	-2.072	-1.293	2.846	1.876	0.781	-0.492	-2.068
DICER1_TARGET_GENES DICER1_TARGET_GENES	2.870	-0.647	2.011	-0.263	-1.998	-1.998	0.997	-0.263	-0.421	0.519	-1.993
GCTTGAA_MIR498 GCTTGAA_MIR498	-0.991	-0.536	-0.381	0.344	-4.688	-1.308	1.873	1.302	0.344	1.575	0.484
MIR2278 MIR2278	-1.432	0.648	1.080	1.944	-4.272	-1.073	1.340	-0.270	-0.568	0.849	-0.565
MIR6855_5P MIR6855_5P	-0.884	-0.374	1.096	0.239	-2.777	-1.301	-0.884	1.775	-0.884	3.077	0.584
MIR22_5P MIR22_5P	-1.072	-0.637	0.795	1.197	-2.603	-3.189	1.685	0.257	-0.637	2.258	0.631
MIR4434 MIR4434	-1.098	0.522	-0.301	1.190	-3.478	-2.918	2.748	0.402	0.994	0.660	-0.530
MIR885_5P MIR885_5P	-1.406	-1.076	2.366	0.755	-2.945	-1.406	2.035	0.426	-0.301	1.446	-0.806
MIR5189_5P MIR5189_5P	-0.868	0.339	2.185	-0.266	-3.972	-1.754	3.174	0.339	-0.370	0.597	-0.499
ATCATGA_MIR433 ATCATGA_MIR433	-0.271	-0.271	0.467	0.333	-3.634	-1.730	3.257	1.031	-0.271	1.031	-1.725
ACAWNRNSRCGG_UNKNOWN ACAWNRNSRCGG_UNKNOWN	-0.810	-0.527	2.806	0.440	-1.211	-2.653	3.300	0.275	-0.527	0.275	-0.807
MIR1249_5P MIR1249_5P	-0.903	0.263	1.212	0.571	-5.081	-2.313	1.633	1.212	0.706	0.263	0.353
MIR4646_5P MIR4646_5P	-0.527	1.830	-0.391	-0.284	-3.322	-1.804	0.724	3.443	0.319	0.568	-1.444
MIR4685_3P MIR4685_3P	1.645	-1.022	0.563	-0.301	-4.170	-2.666	1.140	1.140	0.563	-0.424	0.734
MIR374B_3P MIR374B_3P	0.612	-1.729	0.964	0.469	-3.222	-2.634	3.220	0.469	-0.258	0.349	0.472
TAAWWATAG_RSRFC4_Q2 TAAWWATAG_RSRFC4_Q2	0.675	0.412	-0.395	-0.860	-4.102	-1.643	0.412	1.014	-0.521	4.182	0.312
MIR6854_5P MIR6854_5P	-0.488	0.445	2.199	-1.516	-3.068	-2.142	0.878	1.465	0.289	-0.314	0.644
EGR2_01 EGR2_01	-1.077	0.891	-0.427	1.461	-4.296	-1.903	2.178	0.735	-0.872	0.735	0.600
MIR6511A_5P MIR6511A_5P	-0.408	0.293	1.297	0.926	-3.617	-4.229	1.736	0.622	0.386	0.496	-0.307
MIR6791_5P MIR6791_5P	0.327	0.560	0.327	1.054	-5.763	-1.948	1.980	0.434	0.327	0.706	-0.494
MIR383_3P MIR383_3P	-1.711	0.291	0.548	0.407	-2.698	-1.711	3.648	1.115	-1.344	0.548	0.716
MIR629_3P MIR629_3P	-1.286	-0.293	-0.392	0.661	-3.218	-2.277	1.176	4.014	-0.293	0.661	0.311
MIR1279 MIR1279	-0.431	0.277	-0.897	1.093	-2.827	-1.993	4.189	0.751	0.606	0.606	-1.358
MIR4677_3P MIR4677_3P	-0.750	2.137	0.414	-0.418	-4.594	-1.581	2.137	0.301	-0.301	1.096	-0.415
MIR2115_5P MIR2115_5P	-0.265	-0.512	1.982	1.193	-2.893	-2.333	0.782	0.976	-1.166	1.696	-1.161
MIR196A_3P MIR196A_3P	-0.537	-1.253	0.990	0.787	-5.187	-0.962	2.043	0.787	0.331	0.331	0.461
AGTCTTA_MIR499 AGTCTTA_MIR499	-1.117	-0.341	1.723	-0.341	-2.215	-2.215	3.905	0.412	0.265	-0.775	0.601
GGGCATT_MIR365 GGGCATT_MIR365	-1.539	0.762	0.576	0.762	-3.369	-1.166	1.788	-0.634	-1.166	2.462	0.421
MIR1343_3P MIR1343_3P	-0.939	0.385	0.644	2.175	-3.828	-3.192	0.984	0.984	-0.430	0.505	0.508
MIR542_3P MIR542_3P	-0.566	0.551	0.891	1.573	-3.721	-3.024	1.573	0.414	0.301	0.891	-0.972
CCCAGAG_MIR326 CCCAGAG_MIR326	-0.635	-0.635	1.132	1.351	-5.255	-1.316	2.127	0.347	-0.482	0.599	0.466
MIR6852_5P MIR6852_5P	-0.913	-0.441	1.959	0.593	-3.371	-2.855	1.959	0.468	-0.441	-0.335	1.489
MIR5685 MIR5685	-0.960	-0.263	2.423	-0.960	-2.902	-1.998	1.297	0.737	-0.263	1.297	-0.262
MIR561_5P MIR561_5P	-0.974	-0.319	0.827	1.455	-2.848	-3.456	1.706	0.283	0.388	1.706	-0.577
MIR449C_3P MIR449C_3P	-0.600	0.245	0.416	-0.948	-2.279	-2.279	3.510	0.416	0.416	1.231	-0.363
MIR4711_5P MIR4711_5P	-1.432	0.476	1.340	0.849	-4.272	-1.432	1.340	1.340	-0.568	-0.270	0.336
ATGCTGG_MIR338 ATGCTGG_MIR338	-2.841	1.836	0.816	-0.393	-2.841	-1.730	1.542	1.031	0.628	-0.271	-0.270
MIR4697_3P MIR4697_3P	-0.430	-1.076	4.364	0.755	-2.317	-2.317	0.755	1.190	-0.430	-0.597	-0.299
MIR6886_3P MIR6886_3P	-1.620	1.079	0.312	-0.290	-3.898	-2.162	1.351	0.840	0.632	0.632	0.635
GATGKMRGCG_UNKNOWN GATGKMRGCG_UNKNOWN	-0.359	-0.566	1.131	2.230	-2.736	-1.271	1.825	1.131	-0.859	-0.359	-1.267
MCAATNNNNNGCG_UNKNOWN MCAATNNNNNGCG_UNKNOWN	-0.671	0.301	0.856	3.804	-2.509	-2.509	0.636	-0.457	-0.457	1.112	-0.668
MIR6827_3P MIR6827_3P	-0.442	1.143	1.143	0.657	-3.441	-1.802	2.521	-0.289	-0.289	0.313	-1.303
ATGTCAC_MIR489 ATGTCAC_MIR489	-0.364	-0.538	-0.538	1.854	-2.694	-2.694	0.539	-0.364	1.231	2.600	-0.535
MIR618 MIR618	-3.068	-0.488	0.642	0.642	-3.068	-0.488	0.445	2.199	0.445	0.878	-0.312
MIR200A_5P MIR200A_5P	-0.617	-0.848	1.825	0.783	-3.331	-1.512	0.433	2.154	0.433	1.001	-1.508
MIR8062 MIR8062	0.392	-1.213	1.714	0.392	-2.669	-1.593	3.977	-0.334	-0.909	0.721	-0.476
MIR3194_5P MIR3194_5P	-0.541	-0.354	1.055	-0.354	-1.611	-3.192	1.680	0.578	-0.797	2.873	-0.538
MIR8076 MIR8076	-1.321	0.301	0.730	1.645	-2.666	-3.330	0.563	1.933	0.301	0.923	-0.577
MIR1913 MIR1913	-1.360	1.685	1.430	0.257	-3.900	-0.833	1.197	0.627	-0.637	1.430	-1.355
MIR10524_5P MIR10524_5P	-0.289	0.313	1.439	1.439	-2.472	-3.441	1.439	0.313	-0.442	-0.933	0.660
ZBTB1_TARGET_GENES ZBTB1_TARGET_GENES	-0.755	-0.393	1.031	1.836	-2.841	-1.333	3.671	0.333	0.333	-0.551	-1.328
MIR512_3P MIR512_3P	-0.301	0.593	1.001	1.825	-3.331	-2.566	1.523	0.301	-1.512	0.593	-0.299
MIR4712_5P MIR4712_5P	-1.797	0.249	0.707	0.707	-3.105	-2.363	2.069	0.249	0.249	1.739	0.373
MIR1197 MIR1197	-1.126	0.349	0.504	-0.390	-2.768	-2.768	1.168	0.914	1.454	1.771	-0.809
ACTWSNACTNY_UNKNOWN ACTWSNACTNY_UNKNOWN	-0.312	2.462	0.976	0.576	-2.008	-2.008	2.462	-0.868	0.290	-0.312	-2.002
MIR6133 MIR6133	-0.872	0.891	1.254	1.461	-3.143	-2.263	1.254	-0.698	0.368	1.684	-1.308
MIR5703 MIR5703	-0.892	0.509	0.292	1.168	-3.511	-2.948	2.710	0.392	0.801	0.646	-0.542
MIR219A_2_3P MIR219A_2_3P	-0.586	0.239	0.239	2.607	-2.777	-2.777	0.581	1.096	0.581	0.388	-0.583
MIR4287 MIR4287	1.439	-0.982	0.594	-0.282	-4.093	-2.602	1.191	1.191	0.445	-0.400	0.772
MIR508_5P MIR508_5P	-1.380	1.701	-0.537	0.687	-3.142	-2.397	0.896	-0.372	0.359	0.507	2.033
MIR8089 MIR8089	-1.532	-0.463	2.666	1.117	-1.874	-3.287	-0.346	1.808	-0.463	0.468	0.605
MIR4460 MIR4460	-1.834	-0.457	2.080	-0.671	-3.483	-0.957	1.402	0.856	0.636	0.856	-0.299
MIR4708_3P MIR4708_3P	-1.886	1.628	0.648	0.335	-3.218	-1.886	1.080	1.628	-0.790	0.335	0.651
MIR6755_3P MIR6755_3P	-1.674	-0.244	0.994	0.538	-3.275	-0.842	-0.577	0.994	-0.842	2.751	0.751
MIR223_3P MIR223_3P	-0.904	0.661	1.061	0.661	-3.940	-2.475	1.061	-0.677	0.254	1.849	0.503
MIR93_3P MIR93_3P	-1.506	0.376	0.376	1.885	-3.901	-2.443	0.679	0.870	0.679	0.870	0.264
RPA1_TARGET_GENES RPA1_TARGET_GENES	1.551	0.877	1.551	0.397	-2.321	-2.321	0.233	0.233	-1.500	0.877	-0.620
MIR6760_5P MIR6760_5P	-1.357	-1.357	0.453	0.795	-1.033	-1.758	4.043	-0.281	-1.033	2.115	-0.279
MIR4786_5P MIR4786_5P	-1.562	-0.404	1.138	0.889	-2.805	-1.562	3.269	1.138	-0.588	-0.268	-0.402
MIR6824_3P MIR6824_3P	-3.444	0.928	-0.334	0.270	-3.444	-0.667	1.162	0.721	0.392	1.714	0.395
RRCCGTTA_UNKNOWN RRCCGTTA_UNKNOWN	-0.521	2.654	0.256	0.759	-1.447	-2.656	0.994	0.390	0.994	0.256	-2.651
MIR4774_5P MIR4774_5P	-1.620	-0.875	-0.875	1.351	-2.162	-2.162	1.351	1.079	0.632	1.984	0.314
MIR4670_3P MIR4670_3P	-1.295	0.614	-0.621	0.357	-2.941	-2.941	1.155	0.773	0.475	2.781	0.478
MIR4464 MIR4464	-0.647	0.737	-0.263	0.737	-2.902	-1.998	1.297	-0.421	0.342	2.870	-0.957
MIR4755_3P MIR4755_3P	-0.637	0.627	1.685	0.257	-4.788	-2.114	1.197	0.482	-0.477	1.197	0.361
MIR6764_3P MIR6764_3P	-3.407	0.952	-0.323	0.280	-3.407	-0.650	1.190	0.741	0.405	1.750	0.282
MIR558 MIR558	-0.536	0.344	1.575	0.344	-1.308	-1.702	4.170	-0.381	-1.702	1.056	-1.304
MIR7156_5P MIR7156_5P	-0.833	0.359	0.482	1.197	-4.788	-2.114	0.257	1.197	0.482	1.685	0.259
YYCATTCAWW_UNKNOWN YYCATTCAWW_UNKNOWN	-1.485	0.979	-0.494	-0.494	-3.524	-2.540	1.364	0.979	0.663	1.364	0.984
MIR188_5P MIR188_5P	-0.688	-0.688	0.314	1.223	-2.070	-2.070	4.792	0.314	0.314	0.314	-0.686
MIR4510 MIR4510	-1.026	0.943	1.319	0.781	-3.056	-2.188	1.763	-0.828	0.396	1.763	-1.021
MIR605_5P MIR605_5P	-1.414	0.373	1.270	0.504	-4.324	-0.848	1.270	0.840	0.373	1.521	-1.409
MIR200B_5P MIR200B_5P	-0.617	-0.848	1.825	0.783	-3.331	-1.512	0.593	1.825	0.433	1.001	-1.508
ARHGAP35_TARGET_GENES ARHGAP35_TARGET_GENES	-0.613	1.416	1.996	0.936	-2.979	-2.979	0.735	0.735	-0.613	0.413	-0.825
MIR4511 MIR4511	-1.466	0.385	1.641	0.505	-4.589	-0.736	1.184	0.644	0.284	1.641	-1.175
MIR642B_5P MIR642B_5P	-1.548	-0.505	1.119	0.276	-2.179	-1.548	3.002	1.768	0.276	0.428	-1.087
MIR3688_5P MIR3688_5P	-1.557	0.727	1.878	1.120	-3.685	-1.557	0.310	0.912	-0.958	1.350	-0.290
ZNF704_TARGET_GENES ZNF704_TARGET_GENES	0.262	1.875	1.501	-1.241	-2.694	-0.834	2.288	-0.344	0.422	-0.546	-1.237
MIR4318 MIR4318	0.561	-0.443	1.996	0.735	-3.787	-1.431	1.163	-0.443	-1.431	1.694	-0.440
TGCAAAC_MIR452 TGCAAAC_MIR452	-0.479	-0.479	-0.334	0.270	-3.444	-2.669	0.928	0.928	0.392	3.127	0.395
MIR873_5P MIR873_5P	-1.786	-1.381	0.311	0.983	-2.286	-2.286	2.074	0.593	0.439	0.983	1.222
MIR6871_3P MIR6871_3P	-0.377	-0.710	2.407	0.627	-3.189	-3.189	0.627	-0.264	-0.264	1.499	0.475
MIR600 MIR600	-2.032	-0.594	1.271	1.050	-2.512	-2.032	0.391	1.271	2.065	0.676	-0.779
MIR3618 MIR3618	-1.797	-0.521	0.371	0.524	-3.105	-2.363	0.920	0.371	0.920	1.739	1.169
MIR4293 MIR4293	-0.437	0.433	2.509	1.248	-4.397	-1.512	1.001	0.301	-0.437	-0.437	-0.299
MIR588 MIR588	-0.292	-0.760	1.678	-0.566	-3.295	-1.298	0.432	1.969	0.311	2.284	-1.293
MIR4777_3P MIR4777_3P	-2.902	-0.960	0.342	1.635	-1.393	-0.647	3.351	0.737	0.342	-0.421	-0.420
MIR4748 MIR4748	-0.626	0.539	-0.252	0.763	-2.860	-1.962	1.335	-0.405	0.357	2.937	-0.932
MIR4786_3P MIR4786_3P	-0.441	-0.328	0.492	0.492	-3.862	-2.221	0.492	2.142	-0.751	2.434	0.278
MIR3144_3P MIR3144_3P	-1.151	-0.301	1.283	-1.151	-1.711	-1.151	2.948	1.283	-0.489	1.283	-1.148
GGAMTNNNNNTCCY_UNKNOWN GGAMTNNNNNTCCY_UNKNOWN	-0.443	1.694	0.735	0.561	-2.348	-2.348	2.674	0.735	-0.443	-0.311	-1.836
TTGGGAG_MIR150 TTGGGAG_MIR150	-0.377	0.714	1.490	-0.377	-3.732	-1.504	2.957	0.362	0.362	-0.377	-0.788
MIR5583_5P MIR5583_5P	-1.142	-3.331	0.301	1.001	-2.566	-0.848	0.593	1.523	1.001	0.593	1.005
MIR203A_5P MIR203A_5P	-0.260	-0.434	3.714	-1.063	-2.445	-1.605	1.075	-0.434	0.346	1.075	-0.432
MIR4776_3P MIR4776_3P	0.406	-0.905	1.024	-0.707	-3.760	-1.753	0.840	3.555	-0.301	0.406	0.408
MIR3179 MIR3179	-0.848	0.504	0.504	0.264	-1.790	-4.324	3.107	0.840	-0.341	0.264	0.663
MIR4514 MIR4514	1.114	1.531	0.491	-0.548	-2.799	-4.588	0.620	-0.421	0.379	0.766	0.771
MIR190B_3P MIR190B_3P	-1.557	-0.407	0.426	0.727	-3.685	-1.557	2.829	-0.292	0.426	1.603	0.312
MIR4292 MIR4292	0.310	0.690	0.417	1.253	-5.411	-1.729	1.728	0.543	-0.398	0.543	-0.527
MIR5100 MIR5100	-2.196	-0.446	0.612	1.051	-2.196	-2.196	2.296	-0.641	1.051	0.816	0.443
MIR4762_5P MIR4762_5P	-0.637	-0.477	0.795	0.795	-3.900	-1.704	1.685	2.575	-0.477	0.482	-0.634
MIR3129_3P MIR3129_3P	-0.868	-3.369	-0.312	1.219	-2.600	-0.868	0.576	1.490	0.976	0.576	0.980
MIR6129 MIR6129	-0.711	0.875	1.437	1.045	-3.172	-2.288	1.233	-0.711	0.270	1.895	-1.088
MIR6165 MIR6165	0.891	-0.644	-0.332	0.530	-3.049	-1.898	4.623	-0.644	0.272	0.388	0.274
MIR4793_3P MIR4793_3P	-1.998	-0.421	1.635	0.519	-2.902	-1.393	0.737	0.519	2.011	0.342	-0.420
ZNF777_TARGET_GENES ZNF777_TARGET_GENES	-0.782	-0.471	1.137	-0.270	-0.782	-2.030	1.512	1.937	-0.471	1.137	-2.027
MIR3154 MIR3154	-1.357	-0.405	0.610	2.817	-2.254	-1.357	1.509	1.509	-1.033	0.610	-1.029
ZNF669_TARGET_GENES ZNF669_TARGET_GENES	-1.083	1.551	2.128	0.518	-3.436	-1.764	0.518	0.518	0.384	0.860	-1.386
MIR376A_5P MIR376A_5P	-2.487	-1.092	2.152	1.039	-1.092	-1.092	0.331	1.738	0.519	0.519	-1.089
MIR6889_3P MIR6889_3P	0.559	0.559	0.741	0.280	-0.888	-4.480	0.559	0.741	0.280	1.750	-2.033
MIR2355_3P MIR2355_3P	-0.536	-0.262	0.837	0.344	-1.702	-2.806	1.056	1.873	-0.262	1.873	-2.186
MIR152_5P MIR152_5P	-0.268	0.488	0.889	-0.404	-2.805	-2.805	2.842	-0.404	-0.268	1.419	-0.586
MIR150_3P MIR150_3P	-1.022	-0.301	0.563	0.563	-4.170	-2.666	0.923	0.923	1.140	0.923	0.422
MIR4999_3P MIR4999_3P	-0.500	-1.574	-0.266	0.584	-1.574	-1.574	0.584	1.720	0.898	1.720	-0.890
MIR6884_5P MIR6884_5P	-0.637	1.197	0.627	1.430	-3.900	-1.360	1.685	0.795	-1.072	0.627	-1.068
KMCATNNWGGA_UNKNOWN KMCATNNWGGA_UNKNOWN	-0.918	1.577	0.290	0.290	-1.678	-1.678	3.918	1.286	-1.251	-0.461	-0.656
MIR433_3P MIR433_3P	-2.363	-0.525	-0.525	-0.525	-3.613	-0.525	1.405	0.954	1.947	0.954	0.767
MIR1224_3P MIR1224_3P	0.581	0.388	1.416	0.239	-2.777	-2.777	-0.374	2.173	-0.586	0.239	0.390
MIR623 MIR623	-1.097	-0.443	0.413	0.561	-2.348	-1.842	3.860	-0.828	-0.443	1.694	0.564
MIR4478 MIR4478	-1.345	0.931	3.192	0.620	-3.309	-1.345	1.114	0.766	-0.421	0.285	-1.090
MIR4704_3P MIR4704_3P	-0.527	-0.284	1.324	-0.527	-4.044	-1.804	2.740	0.319	0.568	1.103	-0.524
MIR450A_2_3P MIR450A_2_3P	-0.812	-0.448	0.282	-0.448	-3.400	-2.186	0.694	2.491	-0.321	1.582	1.095
MIR3663_3P MIR3663_3P	-1.704	0.482	1.197	0.482	-4.788	-1.360	0.482	1.430	0.482	0.359	0.799
PPARA_02 PPARA_02	-0.848	-0.640	1.270	0.373	-1.103	-2.244	0.373	3.888	-0.640	1.521	-1.409
MIR643 MIR643	-0.527	-0.527	-1.211	0.651	-2.653	-1.782	1.546	0.906	1.205	1.546	-0.525
CCAWYNNGAAR_UNKNOWN CCAWYNNGAAR_UNKNOWN	0.445	2.149	0.742	0.923	-4.008	-2.197	0.329	0.445	0.445	0.582	-1.422
TCTGATA_MIR361 TCTGATA_MIR361	-1.150	-0.833	0.337	2.072	-2.805	-1.562	2.072	0.889	0.889	0.337	-0.829
MIR3654 MIR3654	-0.702	0.920	0.389	2.639	-1.157	-1.157	2.133	-0.702	-0.702	0.389	-1.903
KDM1B_TARGET_GENES KDM1B_TARGET_GENES	-1.006	0.707	1.739	1.164	-2.363	-1.797	2.810	0.249	-0.733	0.249	-1.002
MIR3117_5P MIR3117_5P	-2.445	-0.260	0.541	0.784	-1.605	-2.445	1.411	-0.260	0.346	0.784	1.078
MIR4689 MIR4689	-2.656	-0.750	1.565	0.557	-1.052	-2.656	0.994	1.565	0.256	-0.351	0.998
THRA_TARGET_GENES THRA_TARGET_GENES	0.543	0.543	1.425	-0.667	-3.444	-2.669	0.392	2.029	0.270	0.721	-0.664
AGGTGCA_MIR500 AGGTGCA_MIR500	-0.506	-0.506	0.728	0.259	-3.067	-1.767	4.672	-0.348	0.541	0.384	-0.346
MIR5579_5P MIR5579_5P	-0.368	0.243	1.313	0.243	-3.234	-2.288	1.024	1.637	-0.368	1.024	-0.816
MIR7976 MIR7976	-1.028	0.896	0.687	0.687	-4.189	-1.826	1.404	-0.250	-0.372	1.135	0.361
MIR3074_3P MIR3074_3P	-0.606	0.472	0.472	-0.418	-3.857	-1.175	2.027	0.472	0.651	1.691	-1.172
MIR6130 MIR6130	-0.813	0.961	1.342	0.796	-3.027	-2.164	1.557	-0.813	0.309	1.790	-1.005
MIR3166 MIR3166	-0.311	-0.828	0.936	1.163	-2.979	-1.431	1.996	-1.842	0.936	1.163	-0.440
MIR6500_3P MIR6500_3P	-0.864	-0.397	0.965	0.353	-2.361	-1.706	1.901	0.353	-0.864	3.133	-0.593
MIR4256 MIR4256	-1.579	-1.117	1.087	0.598	-2.215	-0.341	4.434	-0.523	0.598	-0.341	-0.521
MIR4273 MIR4273	-0.667	0.928	0.543	1.714	-4.522	-1.213	0.270	0.543	-0.667	1.425	-0.332
TFCP2_TARGET_GENES TFCP2_TARGET_GENES	-0.731	0.642	0.642	1.153	-2.142	-3.068	2.617	-0.314	-0.314	0.445	-0.486
MIR4520_2_3P MIR4520_2_3P	0.768	0.768	0.967	-1.633	-2.070	-3.259	1.711	1.439	-0.400	-0.400	0.323
MIR4804_3P MIR4804_3P	-1.867	-0.473	0.831	2.033	-2.545	-1.867	0.831	-0.473	0.831	1.366	-0.311
MIR7113_5P MIR7113_5P	2.044	0.864	2.341	0.540	-2.786	-1.495	0.301	-0.301	-2.281	0.301	-0.410
AP2REP_01 AP2REP_01	-1.851	-0.277	-0.373	0.430	-3.158	-1.851	0.690	3.070	1.024	0.430	0.695
MIR1233_3P MIR1233_3P	-0.819	-0.559	1.024	1.024	-2.288	-3.234	0.772	1.024	-0.559	0.558	1.028
MIR9718 MIR9718	-0.372	0.359	-0.372	-0.537	-4.189	-1.826	0.896	0.359	1.135	2.027	0.510
MIR676_5P MIR676_5P	-1.085	1.534	0.328	1.088	-3.035	-2.062	2.351	0.723	-0.506	0.571	-0.850
MIR3183 MIR3183	0.326	-1.279	1.476	0.909	-1.279	-2.435	0.484	2.178	-1.770	0.909	-0.425
MIR21_5P MIR21_5P	-0.292	-0.712	0.883	-0.402	-1.830	-4.080	2.699	1.299	0.554	0.310	-0.290
MIR766_3P MIR766_3P	0.791	-0.458	0.487	0.628	-4.261	-2.910	1.402	0.791	0.974	-0.338	0.269
MIR6797_5P MIR6797_5P	-0.933	-0.359	1.172	0.547	-4.429	-1.995	2.059	0.991	0.547	-0.271	0.435
MIR7156_3P MIR7156_3P	-0.677	1.254	1.254	0.279	-4.023	-1.708	0.575	1.541	-0.677	0.412	0.281
MIR940 MIR940	0.831	0.831	2.142	0.831	-3.188	-3.188	0.419	-0.820	-0.646	0.538	0.542
MIR4728_3P MIR4728_3P	0.645	-0.262	1.302	-0.381	-3.596	-0.737	2.545	0.837	-0.262	-0.262	-2.186
MIR889_5P MIR889_5P	-1.012	0.816	1.542	0.333	-3.634	-1.333	2.499	0.467	-0.755	0.628	-0.549
MIR96_3P MIR96_3P	-0.421	1.297	1.297	-0.647	-2.902	-1.998	0.737	0.997	-0.647	1.297	-0.644
MIR1206 MIR1206	-0.597	-1.076	-0.301	0.577	-2.317	-2.317	3.920	0.755	-0.430	0.577	0.758
GTTAAAG_MIR302B GTTAAAG_MIR302B	-1.362	-0.626	0.763	0.539	-1.962	-1.362	0.763	0.357	-0.405	4.499	-0.624
MIR6738_3P MIR6738_3P	-0.822	0.756	1.132	1.132	-3.590	-2.451	0.756	1.849	-0.635	0.347	-0.355
MIR5187_3P MIR5187_3P	-0.348	-0.506	-0.506	2.113	-4.106	-0.983	1.471	1.193	0.541	0.259	-0.711
MIR299_5P MIR299_5P	-1.830	0.708	0.554	1.299	-2.756	-2.253	0.310	1.299	-0.712	1.798	0.424
MIR145_3P MIR145_3P	-0.986	0.499	0.712	-0.438	-2.943	-0.986	1.960	1.259	-0.986	1.591	-0.665
MIR6797_3P MIR6797_3P	-1.092	-0.273	-0.273	-0.714	-1.641	-2.487	2.605	0.519	1.738	0.756	-0.272
MIR10525_3P MIR10525_3P	-0.399	-1.535	1.150	1.150	-2.362	-2.362	0.379	0.587	0.845	0.845	-0.234
MIR6893_5P MIR6893_5P	0.676	0.676	2.421	0.831	-3.188	-3.188	0.419	-0.820	-0.501	0.538	0.542
MIR217_3P MIR217_3P	0.632	-1.200	-0.290	0.312	-2.880	-1.620	1.351	0.456	1.079	2.344	-1.197
MIR10397_5P MIR10397_5P	-0.288	-0.288	0.688	-0.454	-2.070	-2.070	4.792	0.688	-0.688	0.314	-0.452
MIR155_3P MIR155_3P	-0.279	-0.606	0.472	0.324	-2.843	-0.854	2.393	-0.606	-1.591	2.787	0.474
MIR133A_5P MIR133A_5P	0.351	0.800	-0.499	0.998	-2.303	-1.843	1.462	2.328	-0.499	0.477	-2.297
MIR3692_5P MIR3692_5P	-0.995	-0.767	1.297	1.073	-3.756	-1.606	1.297	0.292	-0.429	1.812	0.405
MIR550A_3_5P_MIR550A_5P MIR550A_3_5P_MIR550A_5P	-0.986	-0.667	-0.986	2.805	-1.423	-1.423	1.591	1.960	-0.276	0.499	-0.983
MIR6791_3P MIR6791_3P	0.701	0.502	-0.266	-0.266	-2.398	-2.398	1.208	-1.738	1.515	1.515	-0.410
MIR425_5P MIR425_5P	-0.521	-0.351	0.759	-0.521	-3.649	-1.447	2.654	0.256	-0.351	1.565	0.392
MIR7150 MIR7150	-0.473	0.373	1.043	0.373	-3.471	-3.471	0.840	1.043	-0.341	1.270	0.375
MIR4782_3P MIR4782_3P	-1.495	-0.553	0.691	0.410	-2.786	-2.281	1.274	1.510	0.410	2.044	-0.410
HSF4_TARGET_GENES HSF4_TARGET_GENES	2.541	1.821	-0.272	-0.272	-0.704	-0.704	1.206	-0.704	-0.704	-0.704	-0.703
MIR4451 MIR4451	-1.085	-1.085	1.787	-0.378	-1.681	-1.681	1.787	-0.378	1.088	2.351	-1.080
MIR5000_3P MIR5000_3P	-0.617	0.301	0.593	0.593	-4.397	-0.617	1.001	-0.617	-0.617	2.889	0.303
MIR517_5P MIR517_5P	-1.150	0.488	1.138	0.672	-3.815	-1.562	1.419	-0.588	-0.268	1.138	0.490
MIR4732_3P MIR4732_3P	-1.932	-0.338	0.576	1.023	-3.608	-0.505	2.710	-0.338	0.576	0.404	-0.336
MIR6766_3P MIR6766_3P	-1.472	-0.540	0.708	0.310	-2.756	-2.253	1.299	1.538	0.421	2.079	-0.400
ZNF133_TARGET_GENES ZNF133_TARGET_GENES	-0.758	1.225	0.827	0.827	-2.848	-3.456	1.225	0.388	1.015	0.388	-0.754
MIR6829_3P MIR6829_3P	0.678	0.484	-0.277	-0.277	-2.435	-2.435	1.175	-1.770	1.476	1.476	-0.276
MIR526B_5P MIR526B_5P	-1.073	-0.790	1.340	0.849	-4.272	-1.073	1.340	0.335	0.476	0.335	0.853
MIR640 MIR640	-0.382	0.612	0.612	0.233	-2.321	-0.382	1.956	1.956	-0.382	-2.321	-0.620
MIR11181_5P MIR11181_5P	-1.454	-1.012	1.223	0.688	-2.070	-0.288	4.233	-0.688	0.481	-0.288	-0.686
MIR3611 MIR3611	0.283	0.283	0.659	0.513	-4.189	-2.338	1.706	0.659	-0.758	1.455	0.285
MIR633 MIR633	-0.817	1.716	1.006	0.495	-3.864	-2.573	1.221	-0.340	0.495	0.370	0.372
MIR4708_5P MIR4708_5P	-1.150	0.889	-0.268	0.337	-2.805	-1.562	1.730	-0.833	1.138	2.072	-0.586
MIR33A_5P_MIR33B_5P MIR33A_5P_MIR33B_5P	-0.369	0.356	-0.719	-0.253	-3.558	-1.675	0.356	1.332	0.496	3.368	-0.366
MIR3927_3P MIR3927_3P	-0.451	0.419	-0.312	1.219	-3.369	-3.369	0.976	0.290	0.576	1.219	0.421
MIR4999_5P MIR4999_5P	-1.354	0.707	2.427	-1.354	0.249	-3.105	0.920	1.164	-1.006	0.707	-0.358
MIR4662A_5P MIR4662A_5P	-0.377	-0.247	1.490	0.362	-3.732	-1.504	2.957	0.362	-0.247	-0.377	-0.375
PAX8_TARGET_GENES PAX8_TARGET_GENES	-1.004	1.052	2.766	-0.325	-2.582	-1.899	1.643	-0.489	-0.325	0.595	-0.487
MIR3145_5P MIR3145_5P	-0.521	0.920	0.524	0.524	-1.797	-4.148	0.920	1.164	-0.521	1.164	-0.519
MIR342_3P MIR342_3P	-0.923	-0.365	0.486	1.271	-3.978	-1.208	2.802	1.037	-0.365	-0.365	-0.253
MIR6076 MIR6076	-1.327	-0.301	-0.301	-0.837	-1.327	-2.113	2.766	0.498	1.412	1.055	-0.299
MIR8071 MIR8071	0.427	0.216	-1.408	0.216	-1.408	-1.408	1.079	1.079	-1.408	1.079	1.081
MIR329_5P MIR329_5P	-0.284	1.567	0.433	0.319	-3.322	-2.225	2.740	-0.391	-0.391	0.903	-0.693
MIR3167 MIR3167	-1.593	0.270	0.270	0.543	-1.593	-2.069	2.736	-1.213	0.270	2.029	0.724
MIR5004_3P MIR5004_3P	-1.145	-0.671	0.800	0.998	-2.303	-2.860	1.218	2.328	0.627	-0.256	-0.360
MIR146A_5P MIR146A_5P	-0.417	-0.582	-0.291	1.478	-2.286	-3.711	1.478	1.478	0.439	0.439	-0.289
MIR378A_5P MIR378A_5P	0.340	0.340	0.464	0.782	-4.440	-2.893	1.193	0.976	0.464	0.340	0.342
MIR374A_3P MIR374A_3P	-0.686	-1.166	1.193	0.611	-3.578	-1.166	1.982	1.193	-0.512	1.193	-0.509
CCCNNNNNNAAGWT_UNKNOWN CCCNNNNNNAAGWT_UNKNOWN	-0.411	2.242	-0.411	0.461	-3.255	-1.917	2.606	0.323	-0.411	0.323	-0.409
MIR7108_5P MIR7108_5P	-0.702	-1.157	0.389	2.639	-1.157	-1.906	1.677	0.389	0.389	0.625	-1.155
HEN1_01 HEN1_01	-2.338	-1.651	0.341	-0.264	-1.651	-0.457	0.442	2.088	-0.351	3.560	0.344
MIR4316 MIR4316	-1.273	0.692	0.292	-0.311	-3.057	-0.995	1.544	0.871	-0.995	3.093	-0.427
E2F_01 E2F_01	-0.606	-0.390	2.544	0.560	-2.819	-1.331	1.062	1.375	-0.606	0.372	-0.906
MIR548AU_3P MIR548AU_3P	-0.385	0.690	0.690	0.853	-4.846	-1.973	0.853	1.034	0.690	0.547	-0.840
AGGAAGC_MIR5163P AGGAAGC_MIR5163P	0.661	-1.955	0.254	0.500	-3.940	-1.185	1.299	-0.354	1.299	1.061	0.503
MIR4679 MIR4679	-1.681	0.895	1.088	1.787	-3.035	-2.062	0.895	-0.276	0.439	-0.663	0.900
MIR382_3P MIR382_3P	-0.372	0.359	0.896	2.379	-3.142	-2.397	0.896	0.359	-0.250	0.687	-1.024
MIR6768_3P MIR6768_3P	-0.976	-0.566	1.324	0.414	-2.452	-2.452	2.451	1.324	0.414	0.551	-0.747
MIR6867_3P MIR6867_3P	-0.597	-0.810	-0.301	-0.301	-2.945	-2.317	2.721	0.426	0.959	0.577	1.195
MIR4723_3P MIR4723_3P	0.326	-1.770	1.175	0.909	-1.279	-2.435	0.484	2.178	-1.279	0.909	-0.276
MIR532_5P MIR532_5P	-0.842	-0.244	1.595	0.538	-2.325	-2.325	2.751	-0.842	-0.244	0.538	0.369
MIR573 MIR573	-0.571	0.504	0.349	0.504	-3.774	-2.063	0.349	1.454	0.693	1.454	-0.569
MIR541_5P MIR541_5P	-0.885	-0.482	0.870	1.327	-3.901	-1.926	0.870	0.515	-0.482	0.679	1.333
MIR3908 MIR3908	-3.558	0.356	0.496	-0.253	-1.675	-1.675	1.911	0.356	0.356	1.082	1.087
ETF_Q6 ETF_Q6	-0.613	0.735	0.936	1.163	-2.979	-2.348	1.416	1.416	-0.311	-0.311	-1.093
MIR505_3P MIR505_3P	0.682	-1.260	-0.702	1.643	-3.520	-0.949	0.682	0.682	-0.507	2.282	-0.355
MIR3168 MIR3168	-0.866	0.256	-0.352	0.820	-2.828	-1.817	2.368	2.053	-0.866	0.820	-0.350
MIR6776_3P MIR6776_3P	0.459	-0.315	1.981	-0.315	-2.611	-1.181	0.675	2.410	-0.786	0.288	-1.178
EGR3_01 EGR3_01	-0.427	0.484	-1.770	3.006	-2.435	-1.279	1.476	-0.277	-0.427	0.909	-0.276
MIR329_3P MIR329_3P	-1.357	-0.773	-0.281	1.245	-2.875	-2.254	1.245	0.453	1.245	1.007	0.613
MIR518D_5P_MIR518F_5P_MIR520C_5P_MIR526A_5P MIR518D_5P_MIR518F_5P_MIR520C_5P_MIR526A_5P	-1.997	-0.771	0.736	0.539	-3.691	-0.538	1.854	0.539	0.376	0.736	0.542
MIR3171 MIR3171	-0.354	0.254	-0.354	0.397	-3.192	-1.143	2.044	2.443	0.254	0.397	-1.140
MIR675_3P MIR675_3P	-1.818	-0.834	-0.546	0.627	-0.834	-2.694	1.168	0.422	0.422	1.501	1.506
MIR345_5P MIR345_5P	-0.228	0.389	2.133	-0.228	-1.157	-1.906	0.920	1.677	-0.411	-0.411	-1.903
PCGF6_TARGET_GENES PCGF6_TARGET_GENES	-1.331	0.372	0.790	1.727	-1.926	-1.926	2.117	0.790	-0.909	0.372	-0.603
MIR4667_3P MIR4667_3P	-2.157	0.407	0.901	0.901	-2.698	-1.344	2.533	0.901	-0.795	0.407	0.293
MIR1229_3P MIR1229_3P	-0.301	0.301	-0.301	3.329	-0.671	-3.483	0.636	0.301	-0.671	1.112	-0.954
MIR135A_2_3P MIR135A_2_3P	-2.113	-1.327	0.498	-0.301	-1.327	-0.837	2.766	0.750	-0.301	1.412	0.303
MIR7849_3P MIR7849_3P	-1.381	0.311	0.774	0.311	-3.711	-1.054	2.074	1.764	0.593	-0.291	-0.579
MIR6769B_3P MIR6769B_3P	0.484	-1.770	1.175	0.909	-1.279	-1.770	0.484	2.178	-1.770	0.909	-0.425
MIR326 MIR326	-0.830	1.828	-0.460	0.518	-2.215	-1.391	4.369	-0.460	-0.460	0.273	-0.458
MIR193A_3P_MIR193B_3P MIR193A_3P_MIR193B_3P	-0.957	0.636	1.112	-0.301	-3.483	-1.335	0.636	-0.957	0.451	1.725	0.860
MIR1264 MIR1264	-0.456	-0.628	0.913	-0.322	-4.938	-1.119	1.386	0.716	0.545	0.545	0.719
HEN1_02 HEN1_02	-1.651	-0.738	1.840	0.442	-3.230	-0.738	0.692	2.352	-0.918	0.692	0.562
MIR5691_MIR6805_3P MIR5691_MIR6805_3P	-1.611	-0.470	0.953	0.614	-2.941	-1.984	1.618	1.376	0.773	0.773	-0.618
MIR146B_5P MIR146B_5P	-0.405	-0.566	-0.281	1.245	-2.254	-3.672	1.509	1.509	0.453	0.453	-0.279
MIR219A_5P MIR219A_5P	-1.212	-0.567	0.675	0.292	-2.817	-2.309	1.249	1.482	0.399	2.010	-0.308
MIR877_5P MIR877_5P	-0.266	-0.887	-2.398	0.937	-1.738	-0.614	1.855	1.208	1.208	0.701	-1.248
MIR3679_3P MIR3679_3P	-0.766	-0.766	0.770	0.480	-3.896	-0.766	3.029	0.364	0.364	1.353	-0.762
MIR4704_5P MIR4704_5P	-1.605	0.346	0.346	0.784	-2.445	-1.605	1.790	1.411	0.784	-0.434	-0.432
MIR7153_5P MIR7153_5P	0.301	-0.597	-0.301	1.190	-2.317	-3.749	1.728	1.190	0.426	0.426	-0.299
ATF_B ATF_B	-0.977	0.325	0.997	1.387	-4.097	-1.767	0.997	1.387	-0.484	0.677	-0.368
STAT3_02 STAT3_02	-0.284	-0.527	0.433	-1.450	-2.725	-1.804	-0.391	1.324	0.568	2.740	1.108
MIR4717_5P MIR4717_5P	-0.600	-0.424	0.804	0.312	-3.293	-1.486	1.278	1.557	-1.486	1.027	0.808
MIR6511A_3P_MIR6511B_3P MIR6511A_3P_MIR6511B_3P	0.362	-0.416	0.362	1.112	-2.404	-2.404	2.745	-0.247	0.362	-0.247	-0.414
AAGGGAT_MIR188 AAGGGAT_MIR188	-1.090	0.276	0.428	2.146	-3.109	-2.179	0.620	0.620	0.620	0.276	0.430
GCACCTT_MIR18A_MIR18B GCACCTT_MIR18A_MIR18B	-1.870	0.400	0.545	-0.456	-2.380	-1.870	0.913	1.386	-0.322	2.627	0.283
MIR5089_3P MIR5089_3P	-0.626	-1.362	0.539	2.064	-1.362	-1.962	2.937	-0.626	-0.405	0.357	0.541
MIR212_5P MIR212_5P	-1.251	0.290	0.793	1.024	-3.981	-0.659	2.249	0.594	-0.461	0.426	-0.459
MIR3157_5P MIR3157_5P	-0.888	0.952	-0.465	1.190	-2.038	-3.407	0.559	0.952	-0.323	1.750	-0.321
MIR585_5P MIR585_5P	0.361	-1.124	0.820	1.244	-3.507	-2.274	0.820	1.491	-0.486	0.490	0.493
WWTAAGGC_UNKNOWN WWTAAGGC_UNKNOWN	-0.502	0.457	0.339	-0.370	-3.255	-2.170	0.943	3.174	0.943	-0.370	-0.368
MIR3667_3P MIR3667_3P	0.388	0.659	0.388	0.513	-3.456	-1.906	2.907	0.388	-0.758	1.015	-0.754
KTGGYRSGAA_UNKNOWN KTGGYRSGAA_UNKNOWN	-0.541	0.254	-0.541	2.044	-1.611	-3.192	1.680	0.578	0.797	0.254	-0.538
MIR6748_3P MIR6748_3P	-0.427	0.484	1.175	0.678	-3.400	-2.435	0.326	1.476	-0.427	0.678	-0.276
MIR9986 MIR9986	-0.888	0.310	0.310	-0.398	-2.566	-2.566	2.583	1.480	0.543	1.045	-0.527
MIR1294 MIR1294	-0.721	0.292	0.292	-0.419	-2.624	-2.624	2.507	1.670	0.660	0.822	-0.552
MIR3190_5P MIR3190_5P	-1.926	0.679	2.537	0.376	-3.084	-1.163	1.594	0.376	-0.343	0.376	-0.341
CAGTCAC_MIR134 CAGTCAC_MIR134	1.017	1.017	1.017	0.286	-2.155	-2.155	1.760	-0.864	-0.316	-0.534	-0.315
MIR4326 MIR4326	-0.473	-1.363	1.081	-0.691	-1.867	-1.867	1.683	-0.473	0.831	2.414	0.291
MIR6507_3P MIR6507_3P	-2.012	2.081	0.627	-0.264	-3.189	-1.230	1.499	0.472	-0.264	0.807	-0.374
MIR3074_5P MIR3074_5P	-0.567	-0.567	1.249	-0.310	-3.422	-2.309	1.249	0.675	-0.424	1.736	0.679
MIR617 MIR617	-0.508	-0.786	1.592	-0.315	-2.611	-1.181	0.675	0.459	0.938	1.981	-1.178
GTGCAAA_MIR507 GTGCAAA_MIR507	-1.022	-0.580	0.301	0.563	-2.666	-2.128	0.563	2.244	-0.301	2.244	0.303
MIR4308 MIR4308	-1.338	1.221	0.814	2.295	-3.864	-1.338	0.370	0.265	0.643	-0.340	0.267
MIR193B_5P MIR193B_5P	-0.470	0.728	-0.287	0.728	-1.676	-1.676	0.316	0.728	-2.528	1.004	1.693
MIR6509_5P MIR6509_5P	-0.301	0.441	1.318	0.301	-2.196	-3.940	1.051	0.612	0.301	0.816	-0.444
MAPK3_TARGET_GENES MAPK3_TARGET_GENES	0.262	0.876	0.627	0.422	-2.694	-0.546	1.501	-0.834	-1.818	1.875	-0.544
MIR1227_3P MIR1227_3P	-0.505	-3.109	0.428	0.276	-1.090	-0.327	2.146	1.119	0.620	0.850	-1.544
ATGTAGC_MIR221_MIR222 ATGTAGC_MIR221_MIR222	-0.995	-1.606	0.403	1.297	-2.005	-1.606	2.411	0.536	-0.311	1.812	-0.427
MIR7114_5P MIR7114_5P	-1.855	0.301	0.864	0.691	-1.495	-2.786	1.274	1.767	-0.413	1.274	-0.723
MIR6780A_3P MIR6780A_3P	-1.066	-0.268	0.739	0.914	-4.370	-1.658	1.326	1.326	0.451	0.337	0.340
MIR6505_5P MIR6505_5P	-0.467	-0.933	0.678	-0.467	-2.782	-0.933	3.197	-0.597	0.826	2.059	-0.747
CCAGGGG_MIR331 CCAGGGG_MIR331	-1.226	-0.896	1.051	1.941	-1.649	-1.226	-0.446	-0.641	-0.641	2.679	1.055
MIR518E_5P_MIR519A_5P_MIR519B_5P_MIR519C_5P_MIR522_5P_MIR523_5P MIR518E_5P_MIR519A_5P_MIR519B_5P_MIR519C_5P_MIR522_5P_MIR523_5P	-1.899	-0.710	0.806	0.595	-3.566	-0.710	1.643	0.595	0.419	0.595	0.598
MIR2054 MIR2054	-0.607	0.601	0.754	0.754	-3.930	-2.274	1.808	1.117	0.260	0.355	-0.460
MIR140_5P MIR140_5P	-0.750	0.256	0.994	0.759	-3.649	-1.965	0.994	0.994	0.390	0.759	-0.519
MIR628_5P MIR628_5P	-0.412	-0.266	0.339	-0.887	-3.358	-1.252	1.208	-0.614	1.208	1.855	0.704
MIR4797_5P MIR4797_5P	-0.847	-1.119	0.913	0.400	-3.014	-1.456	2.281	0.400	0.545	1.660	-0.453
MIR376C_3P MIR376C_3P	0.292	0.526	0.845	0.845	-4.153	-2.817	0.845	0.675	0.292	0.845	-0.421
MIR1179 MIR1179	-1.230	0.472	0.807	-0.710	-4.016	-1.230	1.013	0.627	1.778	0.627	0.344
MIR6072 MIR6072	0.397	0.797	0.578	2.044	-3.192	-2.252	0.797	-0.354	0.397	-0.541	-0.353
MIR211_3P MIR211_3P	-1.770	0.909	0.909	0.484	-2.435	-1.279	1.476	-1.279	0.326	1.476	0.328
MIR6882_3P MIR6882_3P	-0.737	0.481	2.917	-0.381	-2.806	-1.702	1.873	0.481	0.344	-0.737	-0.260
ZNF677_TARGET_GENES ZNF677_TARGET_GENES	-0.473	0.504	-0.473	1.521	-2.795	-1.103	3.488	0.840	-0.473	-0.341	-1.099
MIR3616_5P MIR3616_5P	-0.538	0.539	0.376	0.539	-3.691	-1.997	0.376	1.527	0.539	1.231	-0.535
MIR708_3P MIR708_3P	-0.566	0.610	1.007	0.610	-3.672	-1.357	2.115	-0.773	0.453	1.007	-0.770
MIR6891_5P MIR6891_5P	-0.904	-0.677	0.500	0.364	-3.119	-1.955	1.849	1.849	0.500	-0.354	0.852
PAX5_01 PAX5_01	-0.621	0.357	0.953	-0.348	-1.029	-1.984	1.618	2.462	-1.984	1.155	-1.024
MIR1271_3P MIR1271_3P	-0.934	-0.626	-0.934	2.937	-1.362	-1.362	1.335	1.681	-0.252	0.539	-0.932
MIR1343_5P MIR1343_5P	0.458	0.787	-0.388	-0.273	-1.608	-1.608	2.043	-0.388	-2.570	0.331	2.373
GRE_C GRE_C	-0.311	-1.042	0.407	2.204	-3.365	-1.344	1.352	0.291	-0.436	1.613	-0.433
MIR7162_5P MIR7162_5P	0.577	-0.354	0.721	2.239	-3.097	-3.097	0.451	-0.607	0.577	0.883	-0.260
MIR6873_5P MIR6873_5P	-2.130	0.682	0.252	-0.702	-0.949	-2.130	0.881	3.424	0.368	0.881	-0.505
MIR4502 MIR4502	-2.361	-0.595	-0.397	2.280	-1.706	-1.225	0.965	0.724	0.724	1.242	-0.593
MIR876_5P MIR876_5P	-1.208	-0.395	-0.283	0.580	-1.208	-2.393	1.912	-1.208	0.320	2.874	0.749
MIR6775_3P MIR6775_3P	0.467	-0.289	3.877	-0.442	-1.802	-1.307	0.657	-0.289	-1.802	-0.442	1.147
PPARA_TARGET_GENES PPARA_TARGET_GENES	-0.374	1.096	0.388	1.416	-2.777	-0.586	1.096	1.096	-1.890	0.239	-0.881
GTAAACC_MIR2995P GTAAACC_MIR2995P	0.571	1.180	0.571	1.180	-1.989	-1.989	0.351	-0.256	-0.755	1.180	-1.222
MIR7111_3P MIR7111_3P	-1.531	0.661	-0.354	0.254	-3.119	-1.531	1.562	1.562	0.500	1.299	-0.493
MIR135B_3P MIR135B_3P	-2.072	-1.293	0.522	-0.285	-1.293	-0.809	2.846	0.781	-0.285	1.095	0.319
MIR6745 MIR6745	0.594	1.024	1.577	-0.918	-1.678	-2.955	1.286	1.286	-0.461	-0.461	-0.656
TAGGTCA_MIR192_MIR215 TAGGTCA_MIR192_MIR215	-1.191	-0.728	1.620	1.225	-1.191	-0.728	2.560	0.883	-0.728	-0.431	-1.188
MIR6883_3P MIR6883_3P	-0.714	-0.714	1.039	1.738	-2.487	-0.714	1.367	0.519	-1.641	0.756	-0.272
ATGGYGGA_UNKNOWN ATGGYGGA_UNKNOWN	-0.829	1.027	-0.424	0.447	-2.532	-1.486	2.557	0.804	0.312	1.027	-1.481
MIR6757_3P MIR6757_3P	-0.451	-1.166	0.576	0.976	-2.008	-2.600	1.788	1.219	1.219	-0.312	-0.631
MIR4455 MIR4455	-1.189	1.750	1.750	-1.189	-2.634	-1.566	-0.323	0.405	0.405	0.952	0.744
ACAGGGT_MIR10A_MIR10B ACAGGGT_MIR10A_MIR10B	1.037	-0.693	0.828	0.353	-3.154	-2.506	1.813	0.828	-0.365	-0.509	0.647
GGCCAGT_MIR193A_MIR193B GGCCAGT_MIR193A_MIR193B	-0.364	-1.476	0.539	1.527	-3.691	-0.538	1.231	0.736	0.376	-0.771	0.739
MIR6808_5P MIR6808_5P	0.690	0.690	2.174	1.024	-2.658	-3.158	0.326	-0.805	-0.490	0.430	0.555
MIR4494 MIR4494	-0.399	0.587	0.379	0.587	-1.535	-1.535	2.338	-1.005	-1.005	2.338	-0.643
CGTSACG_PAX3_B CGTSACG_PAX3_B	-0.903	-0.527	0.433	1.103	-4.044	-1.450	2.113	0.568	0.319	0.903	0.321
MIR129_1_3P_MIR129_2_3P MIR129_1_3P_MIR129_2_3P	-0.341	1.043	1.521	0.373	-2.795	-2.244	1.794	0.264	0.504	0.373	-1.409
CENPT_TARGET_GENES CENPT_TARGET_GENES	0.326	2.178	1.476	0.909	-2.435	-2.435	-0.427	0.326	-0.910	-0.277	0.328
MIR1260A_MIR1260B MIR1260A_MIR1260B	-0.600	-0.291	1.027	0.447	-2.532	-1.486	1.557	2.557	-1.486	-0.291	0.314
MIR6848_3P MIR6848_3P	-0.338	0.267	-0.730	0.267	-3.608	-1.028	0.576	1.603	-0.505	2.311	0.406
MIR7109_5P MIR7109_5P	-0.327	1.119	0.428	-0.327	-2.179	-1.548	2.558	0.276	-0.505	1.426	-1.544
MIR485_5P MIR485_5P	-0.566	0.891	0.551	1.324	-3.721	-0.976	1.845	0.709	-0.976	0.551	-0.972
MIR3925_5P MIR3925_5P	-0.580	-0.319	0.659	-0.319	-2.338	-1.906	1.455	3.620	-0.758	0.513	-0.433
MIR4686 MIR4686	-1.867	0.435	-0.691	2.824	-0.473	-2.545	1.366	0.289	-0.691	0.831	0.291
MIR619_3P MIR619_3P	0.519	-0.714	0.331	-0.452	-0.714	-2.487	2.152	1.039	-0.714	1.738	-1.089
MIR3923 MIR3923	-1.259	-1.259	1.512	0.334	-2.030	-1.259	1.137	1.512	-0.270	0.334	0.548
MIR1244 MIR1244	-1.302	-0.336	0.749	0.749	-3.030	-0.961	0.398	1.223	0.269	2.525	-0.958
TERT_TARGET_GENES TERT_TARGET_GENES	-0.365	1.037	3.573	0.486	-0.923	-0.923	0.486	0.644	-2.506	-0.255	-1.552
MIR4722_5P MIR4722_5P	-0.702	0.595	0.451	1.405	-2.926	-0.274	1.665	1.405	-1.187	0.330	-1.891
MIR362_3P MIR362_3P	-1.381	-0.791	-0.291	1.217	-2.910	-1.786	1.217	0.439	0.983	1.217	0.596
MIR7702 MIR7702	-0.578	0.435	0.944	0.664	-2.238	-0.578	2.075	0.664	0.258	-0.348	-2.234
MIR7515 MIR7515	-1.085	0.439	-0.276	0.439	-4.407	-1.358	1.534	1.301	0.723	0.328	0.574
CCAGGTT_MIR490 CCAGGTT_MIR490	-0.344	1.168	1.875	0.627	-2.694	-0.834	0.627	1.168	-0.834	-0.546	-1.237
MIR1248 MIR1248	-0.777	0.420	-0.424	0.420	-4.170	-1.685	1.381	0.923	0.301	0.923	0.927
MIR4718 MIR4718	-1.096	-0.809	0.629	0.826	-2.498	-2.498	1.309	1.053	-0.280	1.053	0.632
FOXQ1_TARGET_GENES FOXQ1_TARGET_GENES	-0.250	0.940	0.614	0.359	-1.533	-0.860	3.501	-0.477	-0.477	-0.250	-1.530
MIR138_1_3P MIR138_1_3P	-0.910	0.326	1.476	0.326	-3.400	-1.279	0.909	0.909	0.484	0.909	-0.907
AACWWCAANK_UNKNOWN AACWWCAANK_UNKNOWN	0.759	1.376	0.597	0.597	-3.255	-2.664	-0.266	1.625	-0.666	-0.266	-0.265
MIR6852_3P MIR6852_3P	-0.447	0.500	1.201	0.500	-3.489	-2.879	0.808	0.994	-0.329	0.994	-0.327
MIR3934_3P MIR3934_3P	-1.406	-0.552	0.492	1.371	-1.856	-2.430	1.664	1.371	-0.552	0.346	0.670
MIR383_5P MIR383_5P	-0.842	0.367	-0.577	0.538	-3.275	-1.197	2.333	1.277	-0.383	0.367	0.541
MIR6771_3P MIR6771_3P	0.594	1.286	0.426	0.793	-3.981	-1.251	0.290	1.577	-0.461	-0.659	-0.311
MIR6736_3P MIR6736_3P	-1.022	-0.301	0.563	0.730	-2.128	-2.666	0.563	1.933	-0.424	1.933	-0.421
MIR938 MIR938	0.276	-0.505	0.276	-0.753	-2.179	-2.179	1.426	2.146	0.276	1.426	-0.503
MIR3674 MIR3674	-1.344	-0.436	0.407	1.352	-4.208	-1.042	0.712	0.901	0.291	1.115	0.551
MIR3059_3P MIR3059_3P	-0.864	0.476	-0.316	1.364	-2.155	-1.362	2.202	-0.864	0.476	1.017	-0.532
MIR516A_3P_MIR516B_3P MIR516A_3P_MIR516B_3P	0.362	-0.336	0.604	2.306	-3.037	-3.037	0.474	-0.446	0.604	0.919	0.271
MIR202_5P MIR202_5P	-0.773	-0.405	0.610	0.610	-3.672	-1.758	2.115	0.610	0.795	0.610	-0.403
TCTGATC_MIR383 TCTGATC_MIR383	-1.293	-0.809	0.522	1.095	-2.072	-1.293	1.461	0.781	0.781	-0.809	0.784
MIR6865_5P MIR6865_5P	0.564	0.814	0.564	-0.416	-2.404	-2.404	-0.247	0.564	-0.668	1.844	0.364
MIR6510_5P MIR6510_5P	-0.313	0.289	2.414	0.435	-1.867	-3.525	0.435	0.615	-0.313	0.615	-0.311
MIR590_5P MIR590_5P	0.384	-0.460	0.860	-0.331	-2.215	-3.436	2.128	1.297	-0.331	0.384	0.275
RACTNNRTTTNC_UNKNOWN RACTNNRTTTNC_UNKNOWN	0.420	1.645	0.420	1.381	-2.666	-2.666	1.140	-0.301	0.563	-0.580	-0.774
MIR4436A MIR4436A	0.349	-0.390	0.504	0.504	-3.774	-0.571	0.914	-0.812	-0.812	2.494	0.507
MIR4252 MIR4252	-0.268	1.730	0.337	0.337	-2.805	-2.096	2.072	0.337	-0.833	0.672	-0.402
MIR7844_5P MIR7844_5P	-1.104	-0.677	1.757	0.706	-3.066	-1.379	1.277	-0.677	0.876	1.277	-0.282
ZNF16_TARGET_GENES ZNF16_TARGET_GENES	0.412	0.412	0.265	-0.775	-3.151	-1.117	1.723	1.387	0.412	-1.117	0.827
MIR4424 MIR4424	-0.710	-0.377	0.472	1.013	-2.538	-3.189	1.013	1.013	-0.377	1.244	0.475
MIR6893_3P MIR6893_3P	-1.126	-0.812	0.504	-0.390	-2.063	-1.126	3.331	0.914	-0.812	0.914	0.696
MIR3675_3P MIR3675_3P	-0.377	-0.554	0.940	0.940	-3.732	-1.504	1.199	0.714	-0.377	0.940	-0.375
ZNF622_TARGET_GENES ZNF622_TARGET_GENES	-0.606	-0.240	0.790	0.560	-2.819	-1.331	2.544	0.560	-0.390	0.790	-0.906
TCTGGAC_MIR198 TCTGGAC_MIR198	0.289	-0.313	-0.313	0.831	-3.525	-0.691	1.081	0.831	1.081	0.615	-1.862
MIR370_3P MIR370_3P	-1.175	-0.606	0.651	-0.606	-2.129	-1.175	3.208	1.384	-0.606	0.651	0.474
MIR3189_3P MIR3189_3P	-2.142	1.465	-0.488	-0.488	-2.142	-0.488	1.814	1.814	-0.488	0.289	0.290
MIR147A MIR147A	-1.181	-0.315	-0.508	1.244	-2.611	-0.786	2.410	0.675	0.459	0.675	-0.783
MIR6843_3P MIR6843_3P	-0.351	0.256	-0.750	0.256	-3.649	-0.750	0.557	1.565	-0.521	2.261	0.392
MIR6815_5P MIR6815_5P	0.379	0.845	0.587	-0.399	-2.362	-2.362	-0.235	0.587	-0.645	1.899	0.381
SIPA1_TARGET_GENES SIPA1_TARGET_GENES	-0.868	-0.266	3.542	0.457	-3.255	-0.666	0.943	-0.502	-0.370	0.943	-0.663
MIR4522 MIR4522	0.379	-1.535	0.379	0.379	-2.362	-1.535	0.587	2.338	-0.399	0.845	0.381
MIR4647_MIR4662B MIR4647_MIR4662B	-0.750	0.390	-0.351	1.565	-1.447	-1.447	4.506	0.256	-0.521	-0.521	-0.519
MIR592 MIR592	-0.341	0.412	0.412	-1.117	-3.151	-1.579	2.095	0.412	0.823	0.598	0.414
MIR5089_5P MIR5089_5P	0.380	0.701	0.527	1.393	-2.703	-2.099	0.701	1.135	-0.493	0.701	-1.615
MIR191_5P MIR191_5P	-0.828	-0.828	2.148	1.521	-0.351	-0.828	0.566	-0.828	0.566	-0.828	0.257
MIR182_3P MIR182_3P	0.239	-0.586	0.581	0.239	-1.890	-2.777	2.607	0.581	-0.374	0.817	0.240
MIR4696 MIR4696	-0.506	-1.328	0.541	2.475	-2.329	-0.714	0.945	0.728	-0.714	1.471	-0.980
AGTCAGC_MIR345 AGTCAGC_MIR345	-0.434	-0.434	-0.434	1.075	-0.691	-1.605	3.714	0.784	-0.691	0.541	-1.602
MIR6765_3P MIR6765_3P	0.456	-0.290	0.840	1.652	-3.898	-0.623	0.840	1.079	-0.432	-0.623	-0.871
MIR3187_3P MIR3187_3P	-0.819	-0.559	0.381	1.995	-1.642	-2.288	1.313	1.637	-0.819	0.381	0.244
MIR506_5P MIR506_5P	-0.939	0.439	1.912	1.912	-1.533	-1.208	1.144	0.745	-0.939	0.320	-1.918
MIR12117 MIR12117	-1.175	-1.175	0.651	2.027	-2.843	-0.418	0.472	-0.279	0.472	2.027	-0.603
MIR6800_5P MIR6800_5P	-1.090	-0.373	-0.650	0.430	-1.823	-0.650	4.007	-0.373	-0.373	0.998	0.432
MIR3150B_3P MIR3150B_3P	-1.518	0.675	1.482	0.292	-1.881	-2.817	1.482	1.249	-0.424	0.399	0.294
MIR1324 MIR1324	-0.760	0.432	1.165	-0.566	-1.659	-2.099	4.179	-0.292	-0.292	-0.412	0.435
MIR891B MIR891B	-2.157	0.407	1.898	1.613	-2.157	-1.042	0.901	-0.795	0.548	0.712	-0.592
MIR183_3P MIR183_3P	0.442	-0.351	-0.457	0.842	-3.230	-2.338	2.088	1.192	-0.457	0.842	-0.348
MIR6878_3P MIR6878_3P	-1.362	-0.626	2.483	-0.934	-1.962	-0.934	1.681	0.539	0.539	0.763	-0.404
MIR141_5P MIR141_5P	-1.708	-0.677	1.541	0.279	-2.262	-1.277	1.858	0.997	-0.476	0.997	0.281
MIR595 MIR595	-0.586	0.388	0.388	-0.374	-0.884	-2.777	2.607	0.581	1.096	0.388	-1.298
MIR3170 MIR3170	-0.809	0.317	1.095	-0.285	-2.072	-0.809	-1.293	1.876	-0.492	1.876	0.319
COBLL1_TARGET_GENES COBLL1_TARGET_GENES	-0.666	2.185	0.597	-0.868	-2.170	-1.405	3.174	-0.266	0.339	-0.502	-0.368
MIR1278 MIR1278	-1.818	-0.834	0.876	0.876	-1.818	-1.241	0.876	0.422	0.422	2.288	-0.544
MIR6715A_3P MIR6715A_3P	-0.956	0.492	1.161	1.161	-3.223	-1.825	0.964	1.161	-0.751	0.787	-0.438
MIR5579_3P MIR5579_3P	-0.888	-0.888	1.728	-0.293	-2.566	-1.401	1.253	1.728	-0.398	1.253	-0.527
MIR562 MIR562	-1.854	1.131	-0.566	0.604	-1.854	-1.271	1.131	0.250	0.405	2.230	-0.564
MIR12116 MIR12116	-1.570	0.362	-0.668	0.362	-2.404	-0.668	1.112	1.112	-0.247	2.274	-0.414
MIR3682_5P MIR3682_5P	-0.385	-0.552	0.492	1.985	-1.856	-1.856	2.706	0.492	-0.552	0.492	-1.047
CRGAARNNNNCGA_UNKNOWN CRGAARNNNNCGA_UNKNOWN	-0.755	2.000	0.571	0.848	-1.225	-1.225	2.000	-0.755	0.571	-0.755	-1.222
MIR1288_5P MIR1288_5P	-0.348	-0.920	0.258	1.274	-0.920	-2.238	1.652	-0.920	0.258	2.075	-0.347
MIR378J MIR378J	-1.225	-0.397	0.724	0.724	-3.317	-0.864	0.353	0.724	0.724	1.901	-0.593
MIR4484 MIR4484	-0.733	-0.385	1.130	-0.733	-1.367	-0.733	0.754	1.130	0.231	2.091	-1.365
MIR7155_5P MIR7155_5P	0.290	-0.461	1.899	-0.461	-2.955	-2.229	0.594	1.286	0.426	0.793	-0.459
TTTNNANAGCYR_UNKNOWN TTTNNANAGCYR_UNKNOWN	-0.486	2.703	0.643	1.244	-1.438	-2.828	0.361	0.256	-1.438	0.361	0.493
MIR4724_3P MIR4724_3P	-0.412	-0.412	0.502	-1.252	-3.358	-0.614	1.855	0.502	0.937	1.208	-0.410
MIR491_5P MIR491_5P	0.976	0.762	0.576	0.576	-3.369	-2.008	0.976	-1.166	-0.312	0.976	0.292
MIR1291 MIR1291	0.481	-0.536	4.170	-0.737	-2.192	-0.991	0.344	0.481	-0.991	-0.381	1.061
MIR122_5P MIR122_5P	-0.571	0.349	2.494	0.349	-2.768	-1.126	1.771	-1.126	0.693	-0.258	-0.389
HEY2_TARGET_GENES HEY2_TARGET_GENES	0.301	0.906	1.187	0.664	-3.026	-0.710	-2.106	0.463	-0.471	0.463	0.910
MIR3142 MIR3142	-0.235	0.587	1.899	-1.005	-2.362	-1.535	1.150	-0.645	-0.399	0.587	0.847
TAANNYSGCG_UNKNOWN TAANNYSGCG_UNKNOWN	-2.435	0.678	0.909	0.484	-2.435	-1.279	1.811	0.326	-0.277	0.484	0.486
MIR5583_3P MIR5583_3P	-0.671	1.112	2.080	-0.957	-1.335	-1.834	1.402	1.112	-0.671	0.451	-0.954
CHAF1A_TARGET_GENES CHAF1A_TARGET_GENES	-1.277	0.412	0.997	0.412	-1.708	-2.262	2.575	1.254	-0.476	-0.476	0.281
MIR6833_5P MIR6833_5P	-0.610	0.395	2.491	-0.448	-0.812	-2.186	2.491	-0.448	-1.367	0.880	-0.445
MIR7851_3P MIR7851_3P	-0.382	1.551	0.397	1.190	-2.321	-2.321	0.397	0.877	0.233	-0.382	-0.380
MIR3188 MIR3188	-0.489	-1.391	0.419	1.052	-1.004	-2.582	2.766	1.052	-0.325	0.419	-0.487
TBX1_TARGET_GENES TBX1_TARGET_GENES	0.606	1.507	2.538	0.479	-2.827	-1.656	0.479	-0.714	0.277	0.370	-1.107
MIR4653_5P MIR4653_5P	-1.152	-0.391	0.724	1.103	-4.044	-1.152	1.324	1.103	0.319	0.568	-0.282
MIR4733_5P MIR4733_5P	-2.129	0.472	1.691	1.108	-1.591	-0.854	0.864	-0.418	-0.418	1.691	-1.172
MIR6792_3P MIR6792_3P	0.594	-1.633	-0.282	0.321	-3.259	-0.551	2.006	1.191	0.768	0.594	-0.978
MIR6845_3P MIR6845_3P	-0.395	-0.539	0.320	1.378	-3.649	-0.539	0.745	0.320	-1.208	2.533	0.322
MIR661 MIR661	-0.530	0.310	2.279	-0.398	-3.097	-1.729	1.045	-0.293	-0.398	1.728	-0.290
MIR34C_3P MIR34C_3P	-0.810	0.906	0.906	-1.211	-2.653	0.275	2.348	0.275	-0.810	0.651	-0.328
MIR4715_3P MIR4715_3P	-0.934	0.539	-0.626	0.763	-2.860	-0.934	1.029	-0.252	-0.626	2.064	0.766
MIR1208 MIR1208	-0.920	-0.384	0.763	1.665	-2.926	-1.897	1.947	0.595	-0.384	0.330	0.332
MIR203B_3P MIR203B_3P	-0.290	-0.290	0.312	0.456	-2.162	-2.880	2.732	-0.290	0.840	0.632	-0.430
MIR2117 MIR2117	-1.298	-0.292	0.749	0.311	-3.295	-1.298	0.578	2.620	0.578	0.578	-0.290
MIR500B_3P MIR500B_3P	-2.325	-0.244	0.538	-0.383	-2.325	-1.197	1.277	0.994	0.994	-0.244	0.998
MIR4720_3P MIR4720_3P	-1.012	-0.755	-0.393	1.836	-2.841	-1.012	1.273	1.031	0.816	0.816	-0.752
MIR4472 MIR4472	-0.345	-0.929	1.678	-0.493	-1.236	-2.703	3.073	0.380	0.261	0.380	0.262
ATCTTGC_MIR31 ATCTTGC_MIR31	-0.797	0.254	0.797	-0.354	-3.192	-0.797	0.397	1.349	-0.797	2.044	0.398
MIR4473 MIR4473	-0.505	0.576	1.023	1.023	-2.619	-1.932	1.942	0.404	0.404	-0.338	-1.025
MIR3664_3P MIR3664_3P	-0.822	0.934	0.934	1.849	-1.047	-3.590	-0.260	1.132	-0.635	-0.635	0.603
MIR6734_5P MIR6734_5P	-0.288	-0.688	1.223	0.481	-2.070	-2.985	0.481	0.688	0.481	-0.288	1.227
MIR449B_3P MIR449B_3P	0.353	-0.509	-0.255	0.486	-3.978	-0.923	3.177	0.486	-0.255	0.486	-0.363
MIR6752_3P MIR6752_3P	-0.833	0.482	0.795	1.430	-1.072	-3.189	0.985	0.795	-0.477	1.197	-1.355
MIR671_5P MIR671_5P	-1.042	-0.436	1.613	1.352	-3.365	-1.344	0.901	0.712	-0.311	-0.436	0.716
EVI1_01 EVI1_01	-0.663	0.762	-0.663	-0.247	-0.663	-0.247	-0.663	-0.663	-0.247	0.762	3.560
MIR3613_5P MIR3613_5P	0.463	-0.710	1.187	-0.710	-2.106	-1.038	0.301	2.253	0.463	1.187	-1.482
PHB2_TARGET_GENES PHB2_TARGET_GENES	0.396	1.533	0.781	0.301	-2.593	-1.526	1.319	-0.828	-1.526	1.533	0.303
MIR3921 MIR3921	-1.112	-0.502	0.759	1.149	-3.972	-1.112	1.149	1.149	0.339	0.597	-0.265
MIR10B_3P MIR10B_3P	-2.435	0.678	-0.633	1.811	-1.770	0.326	0.484	1.476	0.326	-1.279	0.486
RAX2_TARGET_GENES RAX2_TARGET_GENES	-0.647	1.635	1.635	-0.263	-1.998	0.342	0.997	-0.421	-0.960	0.737	-1.993
MIR4443 MIR4443	-1.267	-0.646	2.142	0.538	-1.548	-1.267	-0.285	0.317	-1.025	3.030	0.542
WCTCNATGGY_UNKNOWN WCTCNATGGY_UNKNOWN	-0.652	2.128	0.657	1.439	-2.472	-0.652	0.882	-0.652	-0.652	0.657	-1.303
MIR4298 MIR4298	-0.645	-0.399	1.899	1.899	-2.362	-1.535	0.845	-0.235	-0.235	-0.235	-0.397
MIR4682 MIR4682	0.256	-0.486	1.020	0.256	-4.362	-1.438	1.491	0.256	0.490	0.490	0.824
MIR197_3P MIR197_3P	-0.348	0.384	1.193	1.193	-3.067	-1.328	0.728	0.728	-1.767	0.728	0.260
MIR378E MIR378E	-0.574	-0.318	-0.318	-0.574	-1.699	-1.699	1.997	1.997	0.501	0.285	0.286
MIR378A_3P_MIR378C_MIR378D_MIR378I MIR378A_3P_MIR378C_MIR378D_MIR378I	-0.574	-0.318	-0.318	-0.574	-1.699	-1.699	1.997	1.997	0.501	0.285	0.286
GAANYNYGACNY_UNKNOWN GAANYNYGACNY_UNKNOWN	-1.090	0.276	-0.505	0.850	-3.109	-1.090	0.428	1.768	0.850	0.850	-0.326
YRTCANNRCGC_UNKNOWN YRTCANNRCGC_UNKNOWN	-1.211	1.928	1.205	0.906	-0.810	-1.211	1.928	-1.211	-0.527	-0.810	-0.328
MIR367_5P MIR367_5P	-0.276	-0.986	1.259	0.328	-2.943	-0.438	2.365	0.712	0.328	-0.276	-0.983
METHYLCYTOSINE_DIOXYGENASE_TET_UNIPROT_A0A023HHK9_UNREVIEWED_TARGET_GENES METHYLCYTOSINE_DIOXYGENASE_TET_UNIPROT_A0A023HHK9_UNREVIEWED_TARGET_GENES	0.919	0.604	1.772	0.269	-1.172	-1.172	0.752	-1.758	0.604	1.105	-2.539
MIR3201 MIR3201	-0.981	-0.981	0.435	0.435	-2.545	-0.981	1.683	0.615	-0.691	2.033	0.618
MIR4430 MIR4430	0.643	-0.340	0.265	0.495	-4.749	-1.053	0.495	0.814	0.370	1.716	-0.462
CAATGCA_MIR33 CAATGCA_MIR33	0.864	0.472	1.108	-0.418	-3.857	-1.591	0.651	0.864	-0.279	0.472	-0.416
MIR10393_5P MIR10393_5P	-1.427	-0.381	0.923	1.862	-3.289	-1.132	1.350	0.329	-0.275	0.742	-0.273
MIR758_3P MIR758_3P	-0.282	2.324	0.445	0.445	-2.602	-2.070	0.445	0.445	0.321	1.191	-1.271
MIR3159 MIR3159	-0.961	-0.336	-0.336	0.269	-2.296	-1.302	1.223	0.269	-0.336	3.784	0.400
MIR3652 MIR3652	0.526	-0.310	0.399	0.675	-5.060	-0.956	0.845	0.675	-0.310	1.249	-0.421
STTTCRNTTT_IRF_Q6 STTTCRNTTT_IRF_Q6	-0.770	0.845	0.845	-0.473	-2.487	-2.487	0.334	0.555	0.436	2.690	-0.268
MIR378H MIR378H	-0.599	0.269	-0.336	-0.599	-1.740	-1.740	1.927	1.927	0.476	0.269	0.270
MIR892A MIR892A	-0.412	-0.292	0.749	-0.292	-3.295	-0.760	1.409	-0.760	1.678	1.409	-0.998
MIR3606_5P MIR3606_5P	-1.541	1.015	0.513	0.659	-2.338	-1.541	0.659	0.388	1.706	1.015	-1.228
MIR4784 MIR4784	-1.253	0.644	1.676	0.377	-1.932	-2.879	1.429	0.808	-0.447	0.377	0.380
MIR203B_5P MIR203B_5P	0.481	0.688	-0.288	1.223	-2.985	-2.070	0.936	-0.688	0.481	0.688	-0.287
MIR6503_5P MIR6503_5P	0.245	1.600	0.245	1.231	-2.279	-0.948	-1.466	-0.600	1.231	0.637	-0.363
GGTGTGT_MIR329 GGTGTGT_MIR329	-1.260	-0.949	0.682	-0.507	-2.737	-0.949	1.108	1.950	0.252	0.682	1.113
MIR5585_5P MIR5585_5P	0.310	-0.407	2.492	0.310	-2.422	-1.951	1.603	0.426	-0.407	0.727	-0.953
MIR219B_3P MIR219B_3P	-0.260	0.346	-0.691	0.346	-1.605	-1.605	0.541	0.784	-1.605	2.674	0.787
MIR7843_3P MIR7843_3P	0.256	0.256	0.759	1.263	-2.656	-2.656	0.390	-0.750	0.557	1.263	0.392
GGCKCATGS_UNKNOWN GGCKCATGS_UNKNOWN	-0.606	0.790	0.372	0.372	-1.926	-1.331	-0.390	4.031	-0.240	-0.909	0.374
MIR6719_3P MIR6719_3P	-1.531	-1.185	-0.496	1.299	-2.475	-0.677	2.159	0.661	0.848	0.661	0.255
BCL6B_TARGET_GENES BCL6B_TARGET_GENES	-0.261	1.532	1.096	0.737	-2.770	-1.259	1.779	-0.261	-1.554	0.345	-0.617
MIR548V MIR548V	-0.920	-0.274	0.451	0.451	-2.363	-1.509	2.919	0.954	-0.525	1.168	-0.699
MIR10398_5P MIR10398_5P	0.381	0.558	0.772	0.558	-3.234	-2.288	0.558	-0.559	0.243	0.772	0.775
MIR668_3P MIR668_3P	-0.287	0.498	0.498	1.324	-1.122	-2.528	1.004	1.004	-1.676	0.498	-0.468
MIR5196_3P MIR5196_3P	0.342	-0.421	-0.421	-0.263	-0.960	-2.902	0.519	2.423	-0.647	1.635	-0.262
MIR200C_5P MIR200C_5P	0.288	-0.508	0.288	-0.508	-0.508	-1.747	3.916	-0.508	-1.181	1.592	-0.313
CTCCAAG_MIR432 CTCCAAG_MIR432	-0.442	0.657	1.439	1.143	-2.472	-1.802	1.767	-0.652	0.313	-0.289	-0.649
MIR4288 MIR4288	0.357	-0.806	0.357	-0.348	-3.557	-1.611	1.880	0.953	0.773	0.953	-0.346
MIR136_5P MIR136_5P	0.511	0.368	1.643	0.682	-2.737	-1.647	1.950	0.368	-0.949	0.252	-0.699
MIR495_5P MIR495_5P	-0.934	-0.252	-0.252	-0.252	-1.962	-1.362	2.937	-0.405	1.029	1.335	-0.624
MIR6858_5P MIR6858_5P	-2.487	-0.452	1.367	0.331	-0.714	-1.641	1.367	1.039	0.756	-0.273	-0.450
MIR7158_3P MIR7158_3P	-0.452	0.519	-1.092	1.367	-2.487	-1.092	0.331	0.519	0.756	1.738	-0.712
MIR4693_5P MIR4693_5P	0.543	-0.909	1.714	-0.479	-3.444	-0.667	0.721	0.270	0.721	1.425	-0.905
MIR6756_3P MIR6756_3P	0.398	1.223	-0.491	0.398	-4.065	-0.961	-0.336	1.506	-0.336	0.749	0.270
IRF2_01 IRF2_01	0.420	0.563	0.563	-0.301	-3.330	-2.128	0.923	1.140	0.730	0.730	-1.018
MIR15B_3P MIR15B_3P	-0.255	-1.706	0.724	-0.595	-1.706	-1.706	2.691	0.724	0.353	0.353	0.727
MIR3668 MIR3668	-1.166	0.419	1.490	-0.634	-3.369	-1.166	0.762	0.762	0.976	-0.312	0.765
MIR5681A MIR5681A	-0.790	0.628	0.974	0.974	-2.394	-1.958	2.500	0.367	-0.458	0.487	-0.786
MIR939_5P MIR939_5P	0.331	0.990	-0.273	-0.273	-1.608	-1.608	1.744	-0.537	-2.041	0.458	2.051
GCGSCMNTTT_UNKNOWN GCGSCMNTTT_UNKNOWN	-2.034	0.966	0.328	0.328	-0.986	-0.438	3.278	0.499	-0.667	0.499	-1.420
MIR6773_5P MIR6773_5P	-0.524	0.858	-0.283	-0.524	-1.616	-1.616	0.320	0.320	0.320	-0.283	3.289
MIR637 MIR637	-0.833	0.672	0.337	-0.268	-2.096	-1.562	1.730	1.138	-1.562	1.138	0.490
DR3_Q4 DR3_Q4	-0.920	-0.292	1.299	1.299	-1.830	-2.756	0.310	1.080	0.310	1.299	-0.708
MIR219A_1_3P MIR219A_1_3P	0.478	-1.151	0.970	0.301	-1.711	-2.570	0.701	-0.301	1.639	0.478	0.303
STAT5A_02 STAT5A_02	-0.622	0.265	0.265	0.370	-0.340	-3.864	0.643	0.643	-1.338	2.295	0.818
MIR4688 MIR4688	-0.242	0.597	0.883	0.370	-0.728	-1.947	0.597	0.597	-0.728	1.620	-1.944
MIR325 MIR325	-0.320	-1.243	2.990	-0.640	-0.640	-1.243	0.880	0.283	0.880	-0.640	0.284
MIR629_5P MIR629_5P	-1.213	-0.909	-0.479	1.714	-2.069	-0.909	2.736	0.928	-0.334	0.392	0.272
MIR575 MIR575	0.455	-1.396	0.691	2.138	-2.196	-0.892	0.691	0.455	-0.332	0.691	-0.890
MIR449C_5P MIR449C_5P	-0.292	-0.734	1.350	1.603	-2.991	-1.951	1.120	0.310	-0.407	0.727	-0.290
MIR2681_5P MIR2681_5P	-1.142	0.301	0.675	-0.301	-2.595	-1.753	2.864	-0.301	0.530	1.024	0.303
MIR505_5P MIR505_5P	0.637	-2.279	0.416	0.245	-0.948	-0.948	0.637	2.472	-0.948	0.910	-0.363
MIR216B_5P MIR216B_5P	0.337	-1.150	1.419	-0.588	-1.562	-2.805	1.138	-0.268	0.672	1.138	0.490
MIR6891_3P MIR6891_3P	0.604	0.604	0.604	1.825	-2.736	-1.854	0.846	-0.359	0.250	-0.566	-0.357
MIR17_3P MIR17_3P	-1.187	0.330	0.595	1.665	-1.897	-1.187	2.250	-0.384	0.451	0.763	-1.504
MIR4721 MIR4721	-2.985	0.314	-0.288	0.314	-0.688	-1.454	0.936	1.910	0.688	0.688	-0.452
ZSCAN5C_TARGET_GENES ZSCAN5C_TARGET_GENES	0.339	0.457	0.759	2.185	-1.754	-2.664	0.457	1.149	-0.370	0.339	-1.399
WYAAANNRNNNGCG_UNKNOWN WYAAANNRNNNGCG_UNKNOWN	-0.344	-1.818	-0.344	1.501	-2.694	0.422	0.262	1.875	0.422	-0.344	0.263
MIR4660 MIR4660	-0.418	1.096	0.301	-0.418	-3.024	-1.581	1.096	0.709	-0.750	2.137	-0.299
MIR149_5P MIR149_5P	0.388	0.513	1.225	0.659	-3.456	-2.338	0.513	0.388	-0.758	1.015	0.516
STN1_TARGET_GENES STN1_TARGET_GENES	0.187	4.917	0.187	0.187	-0.455	-0.455	-0.455	-0.455	-0.455	0.187	-0.455
MIR4527 MIR4527	0.357	1.335	0.357	1.335	-2.860	-0.934	-0.934	-0.934	1.029	0.539	-0.250
MIR4270 MIR4270	1.044	-0.991	0.705	0.335	-3.127	-1.827	0.440	0.440	0.440	2.206	-0.361
ZNF34_TARGET_GENES ZNF34_TARGET_GENES	-0.647	0.737	1.297	-0.421	-1.393	-0.421	1.297	1.297	-1.393	0.737	-1.993
MIR4305 MIR4305	-0.382	0.233	0.612	-0.382	-2.321	-0.977	2.894	-0.382	-0.977	0.877	0.614
MIR4691_5P MIR4691_5P	0.563	-1.321	0.301	0.301	-3.330	-0.777	1.933	1.140	0.730	0.563	-0.774
MIR2681_3P MIR2681_3P	-1.533	0.940	-0.860	-0.250	-1.533	-0.477	1.788	0.614	-0.250	1.332	-0.475
PAX6_01 PAX6_01	-1.406	-0.385	1.107	-0.770	-1.856	-1.856	-0.260	1.371	0.667	1.371	0.876
TAXCREB_01 TAXCREB_01	-0.995	-0.311	-0.429	0.871	-3.057	-1.606	1.297	1.073	-0.429	1.073	0.876
MIR6732_3P MIR6732_3P	-1.591	-0.854	1.108	0.651	-2.843	-0.279	1.384	-0.279	-0.606	1.384	0.474
MIR1910_5P MIR1910_5P	-0.614	0.339	1.208	1.515	-3.358	-0.266	0.937	-0.412	-0.887	0.701	-0.611
AGCTCCT_MIR28 AGCTCCT_MIR28	-0.377	-0.247	-0.247	0.521	-2.030	-1.504	3.859	-0.377	-0.791	0.940	-0.246
MIR6747_3P MIR6747_3P	-1.481	0.891	-0.469	1.356	-3.049	-0.469	0.891	0.891	0.891	0.388	-1.137
MIR4676_5P MIR4676_5P	0.416	-1.466	0.910	2.015	-2.279	-0.948	0.637	0.416	-0.365	0.637	-0.598
MIR6728_5P MIR6728_5P	-1.998	-0.647	-0.263	0.342	-1.998	-0.960	0.737	1.297	0.342	2.011	0.521
MIR4645_5P MIR4645_5P	-0.644	1.111	0.272	1.356	-3.049	-1.141	1.626	0.697	0.272	0.272	-1.137
MIR7112_3P MIR7112_3P	-1.226	0.441	1.318	-0.896	-1.226	-1.226	2.296	1.941	-0.446	-0.301	-0.638
CAGGGTC_MIR504 CAGGGTC_MIR504	-0.671	-0.457	0.856	-0.301	-0.671	-2.509	3.804	0.301	-0.671	-0.301	0.638
MIR34B_5P MIR34B_5P	-0.283	-0.718	1.378	1.634	-2.958	-1.924	0.933	0.320	-0.395	0.745	-0.281
MIR649 MIR649	-1.393	-0.421	1.297	0.519	-2.902	-0.960	1.297	0.519	-0.263	0.737	0.344
MIR3678_3P MIR3678_3P	-0.412	-0.412	-1.298	-0.412	-2.099	-1.298	2.979	0.578	1.409	0.578	0.313
MIR6770_5P MIR6770_5P	-1.345	0.379	1.114	-0.881	-1.345	-2.355	1.114	1.531	-0.318	1.531	-0.315
MIR3657 MIR3657	-1.431	-0.578	0.435	1.652	-2.238	-0.578	0.664	1.274	-0.348	0.944	-0.576
MIR549A_3P MIR549A_3P	-0.559	0.381	1.313	1.313	-3.234	-0.819	0.243	1.313	-0.819	0.243	0.244
MIR550B_3P MIR550B_3P	-0.399	0.587	0.587	-0.399	-1.535	-2.362	1.150	1.150	-0.235	1.150	-1.003
MIR4642 MIR4642	0.346	-0.260	1.107	-1.051	-2.430	-1.406	2.706	-0.552	0.872	-0.260	0.348
MIR223_5P MIR223_5P	-0.677	0.428	0.557	0.428	-3.692	-0.871	1.757	0.876	-0.388	1.277	-0.867
MIR378F MIR378F	-0.524	-0.283	-0.283	-0.524	-1.616	-1.616	1.655	2.143	0.555	-0.283	0.321
MIR3175 MIR3175	0.509	-0.310	0.646	0.509	-1.689	-2.948	2.710	0.975	-0.415	-0.310	-0.699
MIR1972 MIR1972	0.249	1.437	-0.360	-0.733	-3.105	-1.354	-0.360	1.437	-0.360	0.707	1.169
MIR135A_3P MIR135A_3P	0.380	0.380	-1.491	-0.234	-1.491	-0.828	1.858	0.380	-0.453	1.858	-0.452
MIR122_3P MIR122_3P	-0.331	-0.331	4.873	0.273	-0.331	-0.331	0.273	-0.331	-0.331	-0.331	-0.331
CCTGTGA_MIR513 CCTGTGA_MIR513	-0.273	0.458	0.610	0.331	-2.570	-2.041	0.458	0.458	-1.253	2.043	0.994
MIR3173_3P MIR3173_3P	-0.584	-0.411	0.323	-0.411	-2.498	-1.917	1.592	1.904	0.323	-0.280	1.057
MIR1304_5P MIR1304_5P	-0.812	-0.812	1.863	-0.448	-1.367	-2.186	2.491	0.282	-0.321	0.533	0.698
MIR7155_3P MIR7155_3P	-0.810	1.928	0.906	-0.329	-1.782	-1.211	-0.329	0.906	-1.211	1.546	-0.328
MIR4684_3P MIR4684_3P	-0.885	-0.482	1.327	0.515	-2.443	-2.443	1.086	0.376	1.086	0.679	0.264
MIR887_5P MIR887_5P	-1.142	0.783	1.001	-1.142	-1.512	-1.977	2.154	0.593	-0.437	0.593	0.596
MIR4425 MIR4425	-0.750	1.898	-1.052	1.898	-1.052	-1.965	0.557	0.557	0.557	0.390	-1.049
RYTGCNNRGNAAC_MIF1_01 RYTGCNNRGNAAC_MIF1_01	0.256	3.076	0.256	0.256	-1.965	-2.656	-0.351	0.390	0.390	0.557	0.258
MIR6831_3P MIR6831_3P	-1.034	1.112	0.564	0.362	-2.404	-0.668	0.362	0.564	0.814	1.112	-1.567
CREBP1_01 CREBP1_01	-0.301	0.301	0.514	0.647	-3.248	-1.922	2.354	0.399	-0.401	0.967	-0.398
MIR4745_5P MIR4745_5P	0.313	1.143	0.657	1.143	-2.472	-2.472	0.467	-0.652	-0.442	0.313	0.886
MIR4314 MIR4314	-0.407	-0.407	0.310	-0.552	-2.991	-1.951	0.565	1.878	0.912	1.120	0.429
GAGCCAG_MIR149 GAGCCAG_MIR149	-0.266	-0.502	1.376	0.943	-3.255	-1.112	1.625	0.339	-0.266	0.759	-1.107
MIR6754_5P MIR6754_5P	-0.365	-1.557	0.353	0.828	-1.983	-1.208	-0.255	0.486	0.828	3.177	-0.507
TRIP13_TARGET_GENES TRIP13_TARGET_GENES	-0.659	-0.659	0.594	-0.461	-1.251	-0.918	4.399	-0.461	-0.659	1.286	-0.311
MIR5572 MIR5572	-0.633	1.175	-0.277	0.484	-3.400	-0.427	0.484	1.476	-0.910	0.909	-0.425
MIR3191_5P MIR3191_5P	-1.422	1.024	0.301	0.840	-3.129	-1.422	0.840	0.840	0.301	1.229	-0.406
MIR6837_5P MIR6837_5P	1.037	1.271	-0.255	0.486	-3.978	-0.693	0.353	-0.255	0.353	1.037	-1.203
MIR4739 MIR4739	-0.851	-0.258	0.612	0.612	-2.142	-1.729	3.220	-0.490	-0.258	0.964	-0.358
MIR4468 MIR4468	-1.456	-0.628	0.716	0.716	-1.870	-1.870	1.386	1.959	0.400	0.281	0.283
MIR6799_3P MIR6799_3P	-1.076	-0.430	-0.430	-0.810	-2.317	-0.810	3.098	0.426	0.577	0.755	0.963
AR_01 AR_01	0.319	0.706	-0.518	-0.284	-4.443	-0.871	0.876	1.507	-0.284	0.876	-0.282
GGGNNTTTCC_NFKB_Q6_01 GGGNNTTTCC_NFKB_Q6_01	0.351	0.351	-1.461	-0.671	-1.461	-1.461	1.729	0.800	-0.362	2.659	-0.360
MIR1321 MIR1321	-0.800	-0.330	0.659	0.832	-2.059	-1.655	3.364	-0.453	0.274	0.659	-0.450
MIR4450 MIR4450	0.412	-0.523	1.387	0.823	-2.215	-0.775	1.723	-1.579	-0.775	0.598	0.414
TNCATNTCCYR_UNKNOWN TNCATNTCCYR_UNKNOWN	-0.373	0.976	1.193	0.782	-2.333	-2.893	0.611	0.976	-0.512	0.340	-0.371
MIR936 MIR936	-0.283	0.439	0.320	0.745	-3.649	-1.924	0.933	0.580	-0.283	1.378	-0.281
MIR3612 MIR3612	-0.613	0.291	1.416	0.291	-2.348	-1.097	0.561	2.323	-0.828	0.936	-0.825
GATA_Q6 GATA_Q6	0.341	-0.351	-1.371	0.842	-0.351	-1.972	-0.585	-0.264	-0.918	1.009	3.573
MIR5007_3P MIR5007_3P	0.254	-1.185	1.849	0.500	-3.119	-1.185	0.254	0.848	0.254	0.364	1.066
MIR4302 MIR4302	-0.884	0.998	-0.499	-0.499	-2.860	-1.461	0.998	1.729	0.477	0.477	0.630
MIR5584_3P MIR5584_3P	-0.976	0.414	0.551	1.096	-2.452	-2.452	1.324	0.709	-0.301	0.414	0.554
