GO	[-31.63 -1.10]	[-1.10 -0.61]	[-0.61 -0.28]	[-0.28 -0.05]	[-0.05 0.00]	[0.00 0.00]	[0.00 0.00]	[0.00 0.17]	[0.17 0.47]	[0.47 1.10]	[1.10 23.45]
SGCGSSAAA_E2F1DP2_01 SGCGSSAAA_E2F1DP2_01	-1.597	0.327	5.520	8.386	-1.298	-5.762	-7.017	-1.043	3.198	0.435	-4.042
TMTCGCGANR_UNKNOWN TMTCGCGANR_UNKNOWN	-1.873	-0.463	1.810	4.851	-1.238	-5.644	-6.892	2.668	3.685	0.602	-3.295
SETBP1_TARGET_GENES SETBP1_TARGET_GENES	-1.094	0.285	3.195	3.877	-0.699	-7.684	-7.684	1.533	2.877	-0.547	-1.100
E2F_Q2 E2F_Q2	-0.632	0.849	0.552	3.751	-2.224	-6.194	-3.735	0.849	6.151	-0.277	-1.857
RUVBL1_TARGET_GENES RUVBL1_TARGET_GENES	-1.526	0.691	3.751	5.715	-1.526	-4.412	-5.214	0.552	2.176	-1.008	-1.013
GGAANCGGAANY_UNKNOWN GGAANCGGAANY_UNKNOWN	-1.236	0.702	3.075	3.075	-1.236	-4.562	-3.481	3.075	1.136	-0.928	-2.708
HOXD11_TARGET_GENES HOXD11_TARGET_GENES	-0.514	0.583	1.863	3.878	-1.426	-4.007	-4.903	1.597	1.597	0.445	-3.296
HOXA7_TARGET_GENES HOXA7_TARGET_GENES	-0.291	-0.791	2.076	2.770	-1.381	-4.812	-4.812	1.218	2.770	-0.417	-0.584
GCGNNANTTCC_UNKNOWN GCGNNANTTCC_UNKNOWN	-1.252	0.611	1.470	2.045	-0.537	-5.186	-4.054	0.332	3.875	0.788	-1.612
MYBL1_TARGET_GENES MYBL1_TARGET_GENES	-0.436	0.721	2.419	3.003	-2.286	-2.699	-5.886	1.439	1.660	0.359	-1.932
ZBTB5_TARGET_GENES ZBTB5_TARGET_GENES	-1.042	-0.391	2.683	1.853	-0.293	-4.482	-6.273	0.409	2.683	0.816	-0.663
HDAC8_TARGET_GENES HDAC8_TARGET_GENES	-0.812	-0.609	2.167	7.393	-1.061	-4.246	-2.730	0.396	1.091	-0.447	-0.815
ACTWSNACTNY_UNKNOWN ACTWSNACTNY_UNKNOWN	0.419	1.220	0.762	1.491	-1.538	-2.007	-3.368	4.110	1.220	-1.165	-3.375
CGTSACG_PAX3_B CGTSACG_PAX3_B	-0.283	-0.527	2.419	2.419	-0.902	-4.043	-4.942	1.831	1.325	-1.151	0.317
HEN1_02 HEN1_02	-0.350	0.559	-0.350	2.090	-0.585	-6.984	-4.394	2.090	0.559	0.843	0.838
ZNF547_TARGET_GENES ZNF547_TARGET_GENES	-2.337	0.660	1.708	1.226	-0.757	-4.187	-3.454	1.457	3.257	0.388	-0.761
ZNF133_TARGET_GENES ZNF133_TARGET_GENES	-0.319	0.514	1.016	2.580	-2.337	-4.187	-3.454	0.514	2.270	1.226	-0.978
ZMYM2_TARGET_GENES ZMYM2_TARGET_GENES	-0.981	0.446	1.712	1.192	-0.743	-5.227	-3.258	0.769	1.192	1.712	-0.554
ZNF165_TARGET_GENES ZNF165_TARGET_GENES	-0.864	0.353	0.353	2.281	-1.705	-3.316	-3.316	-0.397	2.281	0.966	0.962
ZNF746_TARGET_GENES ZNF746_TARGET_GENES	0.397	1.056	-1.143	1.681	-2.251	-2.251	-3.191	-0.540	3.337	1.056	0.252
CGGAARNGGCNG_UNKNOWN CGGAARNGGCNG_UNKNOWN	-2.320	1.191	0.233	0.612	-1.500	-1.500	-2.320	3.424	0.877	1.191	-0.979
PHB2_TARGET_GENES PHB2_TARGET_GENES	-0.301	-0.658	2.274	3.482	-1.025	-1.833	-4.902	0.944	0.301	1.124	-1.031
NR1D1_TARGET_GENES NR1D1_TARGET_GENES	-0.468	1.357	0.698	1.112	-1.140	-3.048	-3.862	0.530	1.923	1.628	-1.485
THRA_TARGET_GENES THRA_TARGET_GENES	-0.667	-1.212	1.163	1.163	-0.478	-4.521	-2.668	0.393	1.163	2.031	0.718
GGGNNTTTCC_NFKB_Q6_01 GGGNNTTTCC_NFKB_Q6_01	0.628	-1.144	-0.362	-0.670	-3.541	-1.460	-1.842	0.351	2.019	2.329	2.652
TGASTMAGC_NFE2_01 TGASTMAGC_NFE2_01	-0.527	0.387	0.927	0.496	-2.619	-1.545	-4.228	-0.309	0.927	2.519	1.730
GATGKMRGCG_UNKNOWN GATGKMRGCG_UNKNOWN	-0.859	-0.359	-0.359	1.459	-0.859	-1.853	-2.735	1.459	3.663	0.604	-0.861
TTTNNANAGCYR_UNKNOWN TTTNNANAGCYR_UNKNOWN	0.821	0.362	-0.655	0.362	-2.827	-3.506	-0.865	-0.351	3.061	2.369	0.254
LXR_DR4_Q3 LXR_DR4_Q3	2.394	-0.279	-0.418	2.394	-1.175	-1.590	-3.856	0.325	0.864	0.652	-0.856
ZNF532_TARGET_GENES ZNF532_TARGET_GENES	-1.210	0.907	0.907	1.929	-0.810	-1.782	-2.652	2.349	0.651	-1.210	-0.331
ZSCAN5C_TARGET_GENES ZSCAN5C_TARGET_GENES	0.944	-0.266	0.598	2.827	-3.254	-2.663	-1.404	0.339	0.944	1.150	-0.871
GTF3A_TARGET_GENES GTF3A_TARGET_GENES	-0.540	-0.354	-1.143	-1.143	1.350	2.875	3.337	-1.610	-0.796	-1.610	0.252
BCL6B_TARGET_GENES BCL6B_TARGET_GENES	-0.474	0.346	1.306	2.045	-1.008	-3.317	-1.898	1.306	1.780	-0.261	-1.264
ZNF585B_TARGET_GENES ZNF585B_TARGET_GENES	0.433	-0.291	0.433	1.166	-2.098	-1.658	-2.633	0.946	2.285	0.311	0.309
YWATTWNNRGCT_UNKNOWN YWATTWNNRGCT_UNKNOWN	-0.667	0.713	-0.667	-0.985	-0.437	-0.437	-2.942	0.500	0.966	0.966	1.956
