GO	[-1.00 -0.89]	[-0.89 -0.73]	[-0.73 -0.55]	[-0.55 -0.35]	[-0.35 -0.15]	[-0.15 0.07]	[0.07 0.30]	[0.30 0.52]	[0.52 0.71]	[0.71 0.88]	[0.88 1.00]
GO:0005762 39S ribosomal protein L33, mitochondrial	-0.837	-2.114	-0.837	-1.328	-1.328	-0.837	-0.513	-1.328	2.272	0.751	9.029
GO:0000124 Transcriptional adapter 2-alpha	4.783	1.057	-0.787	-0.787	-0.324	-0.787	-0.324	0.279	-0.787	-0.787	0.279
GO:0035267 YEATS domain-containing protein 4	-0.324	-0.324	-0.787	-0.324	-0.787	-0.787	0.609	0.279	-0.324	-0.324	4.783
GO:0099524 Protein kinase C gamma type	0.332	-0.704	-0.272	1.822	-0.704	-0.704	-0.704	0.706	1.822	-0.704	-0.272
GO:0070847 Mediator of RNA polymerase II transcription subunit 8	4.875	-0.331	-0.331	-0.331	-0.331	-0.331	0.273	-0.331	-0.331	0.273	-0.331
GO:0030904 Sorting nexin-2	-0.497	-0.497	-0.497	0.524	0.524	-0.497	-0.497	-0.497	-0.497	1.052	2.548
GO:1990498 HAUS augmin-like complex subunit 5	-0.497	0.524	0.167	-0.497	-0.497	0.167	-0.497	-0.497	-0.497	0.524	3.496
GO:0016589 SWI/SNF-related matrix-associated actin-dependent regulator of chromatin subfamily A member 5	4.465	-0.248	-0.248	-0.248	-0.248	-0.248	-0.248	-0.248	-0.248	0.361	-0.248
GO:0033010 Neurofascin	-0.331	-0.331	0.273	-0.331	-0.331	-0.331	-0.331	2.452	1.528	-0.331	-0.331
