chr	start	end	name	score	strand	thickStart	thickEnd	itemRgb	blockCount	blockSizes	blockStarts	logFC	p_value
chr13	113845719	113845768	1011168:LINE:L1ME4b_3end	0	+	113845719	113845768	0	1	50	0	5.31320597904179	0.000846196956225232
chr13	114315605	114315654	1011370:LINE:L1MB8_3end	0	+	114315605	114315654	0	1	50	0	5.24174701505964	0.00096343344930383
chr14	19061114	19061163	1011737:LINE:L1P1_orf2	0	+	19061114	19061163	0	1	50	0	20.2729995586205	0.00386595692596559
chr1	155468145	155468194	103841:LINE:L1MD3_3end	0	-	155468145	155468194	0	1	50	0	6.46146817634434	3.37858026000504e-08
chr14	75003707	75003756	1049006:LINE:L1M5_orf2	0	+	75003707	75003756	0	1	50	0	3.85014760185526	0.000611166710993594
chr14	97240300	97240349	1065433:LINE:L1M5_orf2	0	+	97240300	97240349	0	1	50	0	2.42353770358273	0.00173599242782596
chr14	102205152	102205201	1068881:LINE:L1ME4b_3end	0	+	102205152	102205201	0	1	50	0	3.92197333628132	0.000252616088675328
chr14	102703484	102703533	1069359:LINE:L1M4c_5end	0	+	102703484	102703533	0	1	50	0	4.43081680147402	0.000249315075590894
chr1	166277423	166277472	111430:LINE:L1PREC2_orf2	0	-	166277423	166277472	0	1	50	0	4.6634390941027	1.43190905910195e-07
chr14	93288411	93288460	1123320:LINE:HAL1	0	-	93288411	93288460	0	1	50	0	5.25749537322567	1.39692967666694e-05
chr1	167943199	167943248	112619:LINE:L1M5_orf2	0	-	167943199	167943248	0	1	50	0	4.66343909411207	0.00270999037185671
chr14	105055635	105055684	1132354:LINE:L1MB3_3end	0	-	105055635	105055684	0	1	50	0	-0.919784621128207	9.52337474192655e-05
chr14	106243312	106243361	1132902:LINE:L1PA5_3end	0	-	106243312	106243361	0	1	50	0	3.85014760154904	1.04578811688238e-06
chr15	30131502	30131557	1139416:LINE:L2d2_3end	0	+	30131502	30131557	0	1	56	0	-2.96183072187831	0.00302264113485273
chr15	44744179	44744228	1149855:LINE:L1PA3_3end	0	+	44744179	44744228	0	1	50	0	2.74084002376418	0.000637590858735715
chr15	75341633	75341682	1173315:LINE:L1MDa_5end	0	+	75341633	75341682	0	1	50	0	1.16315080980568	0.000333199921506488
chr15	79412828	79412877	1176867:LINE:L1PA13_5end	0	+	79412828	79412877	0	1	50	0	3.23212105109847	0.000950039822631976
chr15	79412978	79413027	1176867:LINE:L1PA13_5end	0	+	79412978	79413027	0	1	50	0	4.85592890417425	1.79192221727576e-07
chr15	97438559	97438608	1189749:LINE:L1PA3_3end	0	+	97438559	97438608	0	1	50	0	-2.03017049267285	0.000173693029000499
chr15	50165362	50165411	1213076:LINE:L1M1_orf2	0	-	50165362	50165411	0	1	50	0	4.06902675423781	0.00245860199366188
chr15	56434363	56434412	1217526:LINE:L4_C_Mam	0	-	56434363	56434412	0	1	50	0	-2.2246235515953	0.00340409035199718
chr15	97394456	97394505	1249362:LINE:L1PA3_3end	0	-	97394456	97394505	0	1	50	0	-1.74823320417909	0.00423955253800856
chr16	2562823	2562872	1253778:LINE:L2c_3end	0	-	2562823	2562872	0	1	50	0	-0.670973323065164	0.000546073138789293
chr16	13276035	13276084	1263911:LINE:L1PB1_3end	0	-	13276035	13276084	0	1	50	0	3.96081316943655	6.6334644499566e-07
chr16	31458383	31458432	1282670:LINE:L3	0	-	31458383	31458432	0	1	50	0	-1.6094379124341	0.000146615847695153
chr16	62488762	62488811	1297350:LINE:L1PA3_3end	0	-	62488762	62488811	0	1	50	0	3.15700042115011	0.0017130106793366
chr1	194492852	194492901	130155:LINE:L1PA4_3end	0	-	194492852	194492901	0	1	50	0	2.56494935730759	0.0025997631141963
chr16	76158389	76158438	1308352:LINE:L1PA5_3end	0	-	76158389	76158438	0	1	50	0	4.63472898822963	0.00285038785667158
chr17	29787749	29787798	1407982:LINE:L1MB3_3end	0	-	29787749	29787798	0	1	50	0	3.88156379794344	0.00342933661174316
chr17	72818152	72818201	1444318:LINE:L3b_3end	0	-	72818152	72818201	0	1	50	0	-5.08347261752877	0.00119358360383504
chr17	58293005	58293054	1497217:LINE:L1MD2_5end	0	+	58293005	58293054	0	1	50	0	2.12931337170036	0.00220650868207273
chr17	66232567	66232616	1504280:LINE:L1MC4_5end	0	+	66232567	66232616	0	1	50	0	3.25809653801211	0.000627452182314414
chr17	80957140	80957189	1515790:LINE:L1M4_orf2	0	+	80957140	80957189	0	1	50	0	4.84418708644923	3.5363251514875e-06
chr17	80957290	80957339	1515790:LINE:L1M4_orf2	0	+	80957290	80957339	0	1	50	0	-2.60268968528336	0.00222544473667596
chr18	35223501	35223550	1536798:LINE:L1PREC2_orf2	0	-	35223501	35223550	0	1	50	0	3.09104245335095	0.0029629269195095
chr18	79285474	79285523	1564085:LINE:L1PA3_3end	0	-	79285474	79285523	0	1	50	0	3.58351893889307	0.000267869825527289
chr18	79897088	79897137	1564324:LINE:L1M4b_5end	0	-	79897088	79897137	0	1	50	0	-3.99820070067906	0.00271431824049018
chr1	236546412	236546461	159622:LINE:HAL1b	0	-	236546412	236546461	0	1	50	0	-1.64160719536749	0.000326317500838335
chr18	54290243	54290292	1596885:LINE:L1PA6_3end	0	+	54290243	54290292	0	1	50	0	3.72569342967551	0.000291501774269509
chr19	12894954	12895003	1624824:LINE:L2c_3end	0	+	12894954	12895003	0	1	50	0	-4.84418708629757	0.000250459830223204
chr19	22412744	22412793	1633795:LINE:L1PREC2_orf2	0	+	22412744	22412793	0	1	50	0	4.79991426261959	1.07663635995348e-06
chr19	43907347	43907396	1648475:LINE:L1MDa_5end	0	+	43907347	43907396	0	1	50	0	1.16387309224913	8.33041826359127e-05
chr19	52325189	52325238	1656929:LINE:L1PA15_3end	0	+	52325189	52325238	0	1	50	0	-0.920710252921187	0.00123974777470237
chr19	52325739	52325788	1656929:LINE:L1PA15_3end	0	+	52325739	52325788	0	1	50	0	1.78700564024137	0.000643184352102977
chr19	54496013	54496062	1658844:LINE:L1MC1_3end	0	+	54496013	54496062	0	1	50	0	3.25809653801235	0.00136908560374316
chr19	3538402	3538451	1665532:LINE:L1MB5_3end	0	-	3538402	3538451	0	1	50	0	-1.19978152366184	0.00226564077262514
chr19	3538652	3538701	1665532:LINE:L1MB5_3end	0	-	3538652	3538701	0	1	50	0	1.04145387482816	0.000936230593390875
chr19	4646646	4646695	1666749:LINE:L1MB7_3end	0	-	4646646	4646695	0	1	50	0	3.3672958299771	7.74430430393603e-05
chr19	15878617	15878666	1678917:LINE:L1MB5_3end	0	-	15878617	15878666	0	1	50	0	2.5257286438772	0.00112366246412898
chr19	29854007	29854056	1687100:LINE:L1MEb_5end	0	-	29854007	29854056	0	1	50	0	4.99721227376411	0.00149732402568781
chr19	43661517	43661566	1698948:LINE:L1MEb_5end	0	-	43661517	43661566	0	1	50	0	5.30330490804971	3.8154996606643e-07
chr1	4508500	4508549	170475:LINE:L1PA4_3end	0	+	4508500	4508549	0	1	50	0	1.79175946922865	0.000615332116345901
chr2	24800578	24800627	1729747:LINE:L1PA4_3end	0	-	24800578	24800627	0	1	50	0	3.97029191354276	9.05974724522141e-05
chr2	73646666	73646715	1764664:LINE:L1P1_orf2	0	-	73646666	73646715	0	1	50	0	5.13285292682051	0.000352592464325618
chr2	179045260	179045309	1829556:LINE:L1PA3_3end	0	-	179045260	179045309	0	1	50	0	3.73766961828665	0.000546208478183097
chr2	2204926	2204975	1871508:LINE:L1PA4_3end	0	+	2204926	2204975	0	1	50	0	4.43081679884331	0.00407009883874876
chr2	22307813	22307862	1884908:LINE:L1PA3_3end	0	+	22307813	22307862	0	1	50	0	3.76120011569356	0.00423826071472411
chr2	41366250	41366299	1899129:LINE:L1PA13_5end	0	+	41366250	41366299	0	1	50	0	4.61512051684126	0.000916321984972379
chr2	69655442	69655491	1918862:LINE:L1PA7_3end	0	+	69655442	69655491	0	1	50	0	-2.62681336500619	0.00243189131149546
chr2	97275325	97275374	1934935:LINE:L1PA10_5end	0	+	97275325	97275374	0	1	50	0	0.722838970385086	0.000744696841717296
chr2	97275925	97275974	1934935:LINE:L1PA10_5end	0	+	97275925	97275974	0	1	50	0	3.33220451143515	0.00076401666821968
chr2	97276375	97276424	1934935:LINE:L1PA10_5end	0	+	97276375	97276424	0	1	50	0	-3.2311083918191	0.000364121655155092
chr2	141071418	141071467	1963278:LINE:L1P1_orf2	0	+	141071418	141071467	0	1	50	0	-0.983457375417995	0.000199605919948165
chr2	191695925	191695974	1993662:LINE:L1MC5a_3end	0	+	191695925	191695974	0	1	50	0	0.805899663027615	0.00147774163344194
chr2	203207126	203207175	2001384:LINE:HAL1b	0	+	203207126	203207175	0	1	50	0	-3.64544988809033	0.00204342386194256
chr20	298712	298761	2027147:LINE:MARE6	0	+	298712	298761	0	1	50	0	0.699911580648487	0.000832109010432958
chr20	14516956	14517005	2037819:LINE:L1PA7_3end	0	+	14516956	14517005	0	1	50	0	4.83628190695148	0.00199583172172024
chr1	43413455	43413504	206647:LINE:L1MA3_3end	0	+	43413455	43413504	0	1	50	0	-1.50205515139529	0.00107633821863917
chr21	24335756	24335805	2133695:LINE:L1PA4_3end	0	-	24335756	24335805	0	1	50	0	3.33220451041512	0.00325993897481591
chr21	40961410	40961459	2144819:LINE:L1PA4_3end	0	-	40961410	40961459	0	1	50	0	1.60943791244496	0.00194491630886395
chr21	46321553	46321602	2147994:LINE:L1MC3_3end	0	-	46321553	46321602	0	1	50	0	0.579107131182395	0.00257702427727102
chr1	53010492	53010541	215188:LINE:L1PA5_3end	0	+	53010492	53010541	0	1	50	0	4.63472898822963	0.00285038785667158
chr21	45291655	45291704	2171073:LINE:L1M5_orf2	0	+	45291655	45291704	0	1	50	0	-1.06250728402599	0.00253025218488678
chr22	12088761	12088810	2172456:LINE:L1PA7_3end	0	+	12088761	12088810	0	1	50	0	4.96284463025991	0.00159239558646007
chr22	12789077	12789126	2172666:LINE:L1MCa_5end	0	+	12789077	12789126	0	1	50	0	3.29583686621492	0.00353044986769846
chr22	15783706	15783755	2172981:LINE:L1P1_orf2	0	+	15783706	15783755	0	1	50	0	20.2729995586205	0.00386595692596559
chr22	15812569	15812618	2172990:LINE:HAL1	0	+	15812569	15812618	0	1	50	0	5.24702407216049	0.000954263773599418
chr22	25461342	25461391	2180033:LINE:L1PA8_3end	0	+	25461342	25461391	0	1	50	0	-1.11754029855363	0.00305934975272137
chr22	50204205	50204254	2201862:LINE:L1MB1_3end	0	+	50204205	50204254	0	1	50	0	-5.20400668706743	5.02056902942361e-05
chr22	19330795	19330844	2205614:LINE:L1MEc_5end	0	-	19330795	19330844	0	1	50	0	-1.30875502780507	0.000104622729168558
chr22	37464849	37464898	2221895:LINE:L1MC5a_3end	0	-	37464849	37464898	0	1	50	0	5.605802066296	0.000495599344241038
chr3	47916695	47916744	2267379:LINE:L2	0	-	47916695	47916744	0	1	50	0	-5.18365445770815	6.97867129797469e-05
chr3	49268776	49268825	2268549:LINE:L1MD3_3end	0	-	49268776	49268825	0	1	50	0	4.55387689160054	0.00328463648875843
chr3	84434795	84434844	2292658:LINE:L1PA7_3end	0	-	84434795	84434844	0	1	50	0	5.35658627466267	1.78219664503931e-06
chr3	158284146	158284195	2337477:LINE:L1ME3G_3end	0	-	158284146	158284195	0	1	50	0	3.73766961828665	0.000546208478183097
chr3	158284143	158284192	2337478:LINE:L1PA3_3end	0	-	158284143	158284192	0	1	50	0	3.73766961828665	0.000546208478183097
chr3	168967162	168967211	2343709:LINE:L1M4a1_5end	0	-	168967162	168967211	0	1	50	0	4.06044301202014	8.43541840404027e-05
chr3	172491488	172491537	2346104:LINE:L1PA4_3end	0	-	172491488	172491537	0	1	50	0	2.77258872246008	0.00283965175643997
chr3	179290479	179290528	2350540:LINE:L1MA10_3end	0	-	179290479	179290528	0	1	50	0	20.5574729016879	6.10513216148245e-06
chr3	195980958	195981007	2363010:LINE:L1MA9_3end	0	-	195980958	195981007	0	1	50	0	3.90197266941362	2.53520644255545e-07
chr3	19863790	19863839	2379855:LINE:L1PA4_3end	0	+	19863790	19863839	0	1	50	0	4.43081679884331	0.00407009883874876
chr3	21698607	21698656	2380984:LINE:L1PA7_3end	0	+	21698607	21698656	0	1	50	0	2.35137525716482	0.000896744281610573
chr3	72929414	72929463	2418265:LINE:L1M4b_5end	0	+	72929414	72929463	0	1	50	0	3.99820070150818	1.16117228254886e-06
chr3	93806585	93806634	2427761:LINE:L1PA2_3end	0	+	93806585	93806634	0	1	50	0	3.48124008917466	1.2964509233937e-06
chr3	121193537	121193586	2443962:LINE:L1PA6_3end	0	+	121193537	121193586	0	1	50	0	3.85014760154904	1.04578811688238e-06
chr3	155440168	155440217	2467762:LINE:L1PA2_3end	0	+	155440168	155440217	0	1	50	0	2.30258509298468	0.00397612227779775
chr3	157188805	157188854	2468924:LINE:L1PA13_5end	0	+	157188805	157188854	0	1	50	0	-3.83945231243229	0.00332240904014924
chr3	170919698	170919747	2476918:LINE:L1PREC2_orf2	0	+	170919698	170919747	0	1	50	0	4.20469261938165	6.39696483077933e-05
chr1	98856374	98856423	247747:LINE:L2	0	+	98856374	98856423	0	1	50	0	2.33537491581666	0.00123629025349115
chr3	180676259	180676308	2483055:LINE:L1PA5_3end	0	+	180676259	180676308	0	1	50	0	2.35137525716482	0.000896744281610573
chr3	195667334	195667383	2494611:LINE:L1MA9_3end	0	+	195667334	195667383	0	1	50	0	4.56434819145847	2.06659869661507e-07
chr4	15631773	15631822	2507889:LINE:L1PA6_3end	0	-	15631773	15631822	0	1	50	0	4.46590811865458	0.00382943875904029
chr4	34025206	34025255	2520055:LINE:L1PA7_3end	0	-	34025206	34025255	0	1	50	0	4.00733318523246	0.00274418173063085
chr4	49188185	49188234	2530367:LINE:L1MB2_3end	0	-	49188185	49188234	0	1	50	0	3.29583686621492	0.00353044986769846
chr4	119970077	119970126	2571906:LINE:L1MA4_3end	0	-	119970077	119970126	0	1	50	0	2.45315795147337	0.00422191490932711
chr4	1964893	1964942	2614252:LINE:L1M4c_5end	0	+	1964893	1964942	0	1	50	0	-2.84490938232601	0.00187710848615441
chr4	22151558	22151607	2628899:LINE:L1PA2_3end	0	+	22151558	22151607	0	1	50	0	4.4773368148183	0.00010840763426645
chr4	27241826	27241875	2632856:LINE:L1PA3_3end	0	+	27241826	27241875	0	1	50	0	1.60943791244496	0.00194491630886395
chr4	40786153	40786202	2641620:LINE:L1M5_orf2	0	+	40786153	40786202	0	1	50	0	0.925999546001118	0.00318932739053179
chr4	66784405	66784454	2656498:LINE:L1PA3_3end	0	+	66784405	66784454	0	1	50	0	4.48863637008457	0.000105615084612265
chr4	85509075	85509124	2668533:LINE:L2d_3end	0	+	85509075	85509124	0	1	50	0	3.73766961828665	0.000546208478183097
chr4	105485093	105485142	2680189:LINE:L1PA7_3end	0	+	105485093	105485142	0	1	50	0	4.48863636972277	6.71170745092376e-06
chr4	145553765	145553814	2703538:LINE:L1M5_orf2	0	+	145553765	145553814	0	1	50	0	3.78418963478153	0.00117344001858699
chr1	160508924	160508973	275915:LINE:L1PA6_3end	0	+	160508924	160508973	0	1	50	0	4.36944785246702	0.00143276067684439
chr5	91810463	91810512	2783451:LINE:L1PA3_3end	0	-	91810463	91810512	0	1	50	0	4.4773368148183	0.00010840763426645
chr5	177028758	177028807	2842100:LINE:L1M4a2_5end	0	-	177028758	177028807	0	1	50	0	2.94443897915707	0.00014226478648971
chr5	177615397	177615446	2842742:LINE:L1MCa_5end	0	-	177615397	177615446	0	1	50	0	-4.0253516902154	0.000195025702949825
chr5	178508867	178508916	2843494:LINE:L1MDa_5end	0	-	178508867	178508916	0	1	50	0	4.55387689159122	2.15793261737485e-05
chr5	264072	264121	2845965:LINE:L1ME1_3end	0	+	264072	264121	0	1	50	0	-0.662892772202142	0.00125606190982652
chr5	108443910	108443959	2908357:LINE:L1PA7_3end	0	+	108443910	108443959	0	1	50	0	4.36944785246702	0.00143276067684439
chr5	129613563	129613612	2920721:LINE:L1P1_orf2	0	+	129613563	129613612	0	1	50	0	4.02535168974501	0.00185329429630787
chr5	151270498	151270547	2937322:LINE:L1MC4a_3end	0	+	151270498	151270547	0	1	50	0	4.84418708644922	4.49381418987648e-06
chr5	179083146	179083195	2959175:LINE:L1MC4_5end	0	+	179083146	179083195	0	1	50	0	-1.95036449948766	0.00365167673527533
chr6	53052100	53052149	2999027:LINE:L1PA8A_3end	0	-	53052100	53052149	0	1	50	0	-2.6822744128033	0.000308787141136468
chr6	109639461	109639510	3031128:LINE:L1PA6_3end	0	-	109639461	109639510	0	1	50	0	2.0149030205423	0.00211079663436053
chr6	144010186	144010235	3052294:LINE:L1PA7_3end	0	-	144010186	144010235	0	1	50	0	5.35658627466267	1.78219664503931e-06
chr6	149859384	149859433	3056272:LINE:L1ME4c_3end	0	-	149859384	149859433	0	1	50	0	4.28358656186063	0.00167318009611461
chr6	170582746	170582795	3068762:LINE:L1MC5_3end	0	-	170582746	170582795	0	1	50	0	1.43696865208316	7.25778224555106e-05
chr6	11457669	11457718	3076419:LINE:L1PA6_3end	0	+	11457669	11457718	0	1	50	0	2.77258872246008	0.00283965175643997
chr6	36923409	36923458	3095639:LINE:L4_A_Mam	0	+	36923409	36923458	0	1	50	0	1.03476081668178	0.00012219588441309
chr6	102093778	102093827	3134546:LINE:L1PA2_3end	0	+	102093778	102093827	0	1	50	0	3.19867311757051	0.000655126555486385
chr6	106665784	106665833	3137310:LINE:L1MC4a_3end	0	+	106665784	106665833	0	1	50	0	4.73619844839449	0.00238344848973482
chr6	114073556	114073605	3143049:LINE:L1PA6_3end	0	+	114073556	114073605	0	1	50	0	4.40671924726425	0.00424378937490288
chr6	154177403	154177452	3167919:LINE:L1PA6_3end	0	+	154177403	154177452	0	1	50	0	4.4659081195838	0.000147847418387026
chr7	24626972	24627039	3193796:LINE:L1MEg_5end	0	+	24626972	24627039	0	1	68	0	4.9487598903688	3.01904243382722e-07
chr7	82647674	82647723	3232656:LINE:L1PA7_3end	0	+	82647674	82647723	0	1	50	0	4.04305126783455	0.00257515861433788
chr7	84068137	84068186	3233440:LINE:L1PA2_3end	0	+	84068137	84068186	0	1	50	0	4.27666611901606	0.0016941874619909
chr7	966731	966780	3283302:LINE:L1MC4_5end	0	-	966731	966780	0	1	50	0	1.29000714166774	0.000751889154393948
chr7	17244044	17244093	3293935:LINE:L1PA3_3end	0	-	17244044	17244093	0	1	50	0	3.21887582585185	0.00100244145933859
chr7	33826836	33826885	3304970:LINE:L1PA4_3end	0	-	33826836	33826885	0	1	50	0	3.9120230054188	0.000146418296806394
chr7	43628637	43628686	3311414:LINE:L1ME2z_3end	0	-	43628637	43628686	0	1	50	0	-1.90187058766433	0.00227075916399133
chr7	50590748	50590797	3315697:LINE:L1M7_5end	0	-	50590748	50590797	0	1	50	0	-4.2046926193816	0.00375924345870382
chr7	90063398	90063447	3341852:LINE:L1PA6_3end	0	-	90063398	90063447	0	1	50	0	3.95124371980872	0.000793595504596234
chr7	104390990	104391039	3352604:LINE:L1PA5_3end	0	-	104390990	104391039	0	1	50	0	4.57471098163094	0.000174538908804145
chr7	106929674	106929723	3354577:LINE:L1PA4_3end	0	-	106929674	106929723	0	1	50	0	-2.03017049267285	0.000173693029000499
chr10	5784852	5784901	339406:LINE:L1PBa_5end	0	-	5784852	5784901	0	1	50	0	-4.09434456221273	0.00185602497225179
chr8	32861845	32861894	3410246:LINE:L3	0	+	32861845	32861894	0	1	50	0	2.83321334404685	0.00266601472431127
chr8	65438559	65438608	3429068:LINE:L1PA4_3end	0	+	65438559	65438608	0	1	50	0	20.4595855141055	0.00107225649570219
chr8	79987541	79987590	3438347:LINE:L1PA3_3end	0	+	79987541	79987590	0	1	50	0	4.4773368148183	0.00010840763426645
chr8	96695555	96695604	3448786:LINE:L1PA3_3end	0	+	96695555	96695604	0	1	50	0	4.4773368148183	0.00010840763426645
chr8	99204624	99204673	3450675:LINE:L1PA7_3end	0	+	99204624	99204673	0	1	50	0	4.38202663451285	3.35421400277091e-06
chr8	111510738	111510787	3458716:LINE:L1PA5_3end	0	+	111510738	111510787	0	1	50	0	2.35137525716482	0.000896744281610573
chr8	22614075	22614124	3497378:LINE:L1ME3G_3end	0	-	22614075	22614124	0	1	50	0	-0.970778917158225	0.00175092130474452
chr8	46740592	46740641	3513381:LINE:L1PA4_3end	0	-	46740592	46740641	0	1	50	0	3.4657359026387	2.44363352008836e-06
chr8	47084447	47084496	3513505:LINE:L1PA13_5end	0	-	47084447	47084496	0	1	50	0	4.49980967033027	0.00360989631688135
chr8	50987320	50987369	3515779:LINE:L1M4_orf2	0	-	50987320	50987369	0	1	50	0	3.0445224377154	0.00323716509492589
chr8	50987288	50987337	3515780:LINE:L1PA5_3end	0	-	50987288	50987337	0	1	50	0	3.0445224377154	0.00323716509492589
chr8	63059058	63059107	3523096:LINE:L1M2_orf2	0	-	63059058	63059107	0	1	50	0	2.56494935730051	0.000561305401944434
chr8	96739312	96739361	3544513:LINE:L1PA3_3end	0	-	96739312	96739361	0	1	50	0	4.4773368148183	0.00010840763426645
chr8	100550412	100550461	3547467:LINE:L1MC1_3end	0	-	100550412	100550461	0	1	50	0	1.90423745265479	0.00140859928314585
chr8	106657349	106657398	3551937:LINE:L2	0	-	106657349	106657398	0	1	50	0	-2.14843441316678	0.00217982745916945
chr8	126313944	126313993	3565169:LINE:L1PA2_3end	0	-	126313944	126313993	0	1	50	0	3.17805383034255	0.002503293235529
chr8	143556952	143557051	3577647:LINE:L1MB7_3end	0	-	143556952	143557051	0	1	100	0	1.20585781902167	2.72518547175496e-05
chr8	143557202	143557251	3577647:LINE:L1MB7_3end	0	-	143557202	143557251	0	1	50	0	0.550504107584166	0.0039605666703737
chr9	21423868	21423917	3592097:LINE:L1P4_orf2	0	-	21423868	21423917	0	1	50	0	1.3862943611199	0.00414387596230548
chr9	31545767	31545816	3597780:LINE:L1ME2_3end	0	-	31545767	31545816	0	1	50	0	3.83945231259331	0.00369373276347562
chr9	41253966	41254015	3605021:LINE:L1PA4_3end	0	-	41253966	41254015	0	1	50	0	-5.00394630578443	0.00277582213727523
chr9	87967136	87967185	3623598:LINE:L1M5_orf2	0	-	87967136	87967185	0	1	50	0	3.77276093809464	0.00415321659409129
chr9	92082492	92082541	3626261:LINE:L1PA3_3end	0	-	92082492	92082541	0	1	50	0	4.04305126782518	8.19468912299781e-05
chr10	42514076	42514125	364396:LINE:L1MA3_3end	0	-	42514076	42514125	0	1	50	0	2.0971411187792	0.00107179351307563
chr10	42515285	42515334	364397:LINE:L1MA3_3end	0	-	42515285	42515334	0	1	50	0	2.29498049360868	0.000695812992763334
chr9	133098393	133098442	3660234:LINE:L1M4_orf2	0	-	133098393	133098442	0	1	50	0	-1.01459343261492	0.00370634232984257
chr9	27245228	27245277	3680162:LINE:L1PA4_3end	0	+	27245228	27245277	0	1	50	0	3.1986731184885	0.00105189927417893
chr10	58212514	58212563	373727:LINE:L2	0	-	58212514	58212563	0	1	50	0	2.30258509283302	0.0016907574440046
chrX	23001856	23001905	3764431:LINE:L3	0	+	23001856	23001905	0	1	50	0	3.25809653786046	6.53345217649371e-06
chrX	81070371	81070420	3799281:LINE:L1PA6_3end	0	+	81070371	81070420	0	1	50	0	2.77258872246008	0.00283965175643997
chrX	94151417	94151466	3805938:LINE:L1PA6_3end	0	+	94151417	94151466	0	1	50	0	4.36944785246702	0.00143276067684439
chrX	102269105	102269154	3810865:LINE:L1PA4_3end	0	+	102269105	102269154	0	1	50	0	4.43081679884331	0.00407009883874876
chrX	17230225	17230274	3859298:LINE:L1PA4_3end	0	-	17230225	17230274	0	1	50	0	-4.96633503503865	0.00389030552956538
chrX	42173699	42173748	3876880:LINE:L1PA7_3end	0	-	42173699	42173748	0	1	50	0	3.88156379794344	0.00342933661174316
chrX	51531789	51531838	3884155:LINE:L1MC2_3end	0	-	51531789	51531838	0	1	50	0	2.30258509298468	0.00397612227779775
chrX	55677887	55677936	3887238:LINE:L1PA6_3end	0	-	55677887	55677936	0	1	50	0	2.35137525716482	0.000896744281610573
chrX	57077262	57077311	3888036:LINE:L1PB2_3end	0	-	57077262	57077311	0	1	50	0	-2.94443897670842	0.00393427704072891
chrX	102417971	102418020	3910936:LINE:L1PA4_3end	0	-	102417971	102418020	0	1	50	0	4.43081679884331	0.00407009883874876
chrX	102828053	102828102	3911189:LINE:L1PA4_3end	0	-	102828053	102828102	0	1	50	0	4.43081679884331	0.00407009883874876
chrX	118591896	118591945	3921579:LINE:L1PA4_3end	0	-	118591896	118591945	0	1	50	0	-2.04307389750848	0.00023014793659204
chrX	119977445	119977494	3922889:LINE:L1PA5_3end	0	-	119977445	119977494	0	1	50	0	4.93447393312133	4.37892761018243e-06
chr10	83781275	83781324	392474:LINE:L1PB4_3end	0	-	83781275	83781324	0	1	50	0	3.21887582502521	0.00417366885290748
chr10	83781309	83781358	392475:LINE:L1PA2_3end	0	-	83781309	83781358	0	1	50	0	3.21887582502521	0.00417366885290748
chrX	131790837	131790886	3930307:LINE:L1M4_orf2	0	-	131790837	131790886	0	1	50	0	5.63478960316926	0.000469878406543556
chrX	136883548	136883597	3933916:LINE:L2a_3end	0	-	136883548	136883597	0	1	50	0	4.09434456229703	0.000256549093746394
chr10	85499299	85499348	393580:LINE:L1PA6_3end	0	-	85499299	85499348	0	1	50	0	4.63472898822963	0.00285038785667158
chrX	141250229	141250278	3936955:LINE:L1P3_orf2	0	-	141250229	141250278	0	1	50	0	4.63472898822963	0.00285038785667158
chrX	155486180	155486229	3945772:LINE:L1PA13_5end	0	-	155486180	155486229	0	1	50	0	-1.86859190127135	0.000457767071085025
chrY	19373986	19374035	3970562:LINE:L1PA2_3end	0	-	19373986	19374035	0	1	50	0	3.4657359026387	2.44363352008836e-06
chr10	31520814	31520863	448998:LINE:CR1-3_Croc	0	+	31520814	31520863	0	1	50	0	-5.67675380225891	0.00296484262987429
chr10	38122798	38122847	453547:LINE:L1MC4a_3end	0	+	38122798	38122847	0	1	50	0	0.657499841829708	0.00124381514249949
chr10	46770605	46770654	457168:LINE:L1M4_orf2	0	+	46770605	46770654	0	1	50	0	4.36944785246702	7.87940715031299e-05
chr10	48782344	48782393	458412:LINE:L3	0	+	48782344	48782393	0	1	50	0	-2.38443611942262	0.000844671632861394
chr10	58130471	58130520	463932:LINE:L1PA7_3end	0	+	58130471	58130520	0	1	50	0	4.19720194766181	0.00195455670690847
chr10	87138334	87138383	485205:LINE:L1MEf_5end	0	+	87138334	87138383	0	1	50	0	-3.16607763930123	0.00393673699128039
chr10	87934629	87934678	485744:LINE:L3	0	+	87934629	87934678	0	1	50	0	-5.17614973256446	0.00415779482482392
chr10	107745551	107745600	501057:LINE:L1MDa_5end	0	+	107745551	107745600	0	1	50	0	0.895095831467589	0.00275941915104461
chr11	6591543	6591592	521261:LINE:L1M4a1_5end	0	-	6591543	6591592	0	1	50	0	5.18178355029208	0.00032191200244247
chr11	8668317	8668366	522473:LINE:L1MB3_3end	0	-	8668317	8668366	0	1	50	0	3.41772668345234	6.6333334067803e-06
chr11	12081100	12081149	525129:LINE:L1PA4_3end	0	-	12081100	12081149	0	1	50	0	4.17438726989563	0.00203627251433036
chr11	27888941	27888990	536247:LINE:L1ME4b_3end	0	-	27888941	27888990	0	1	50	0	4.96284463025991	0.0015923955864604
chr11	40586175	40586224	545082:LINE:L1PA2_3end	0	-	40586175	40586224	0	1	50	0	3.48124008917467	2.02215537126182e-06
chr11	42896463	42896512	546473:LINE:L1PA4_3end	0	-	42896463	42896512	0	1	50	0	2.80336038074565	0.000780166137918315
chr11	67617534	67617583	562138:LINE:L1MA7_3end	0	-	67617534	67617583	0	1	50	0	2.99573227256385	0.00106698368644598
chr11	13180796	13180845	618704:LINE:L1PA6_3end	0	+	13180796	13180845	0	1	50	0	3.67630067434338	3.17584388279668e-05
chr11	14850204	14850253	619895:LINE:L1PA3_3end	0	+	14850204	14850253	0	1	50	0	-6.00388706709717	0.000151595201703381
chr1	74121819	74121868	63630:LINE:L1PA4_3end	0	-	74121819	74121868	0	1	50	0	2.80336038074565	0.000780166137918315
chr1	9880222	9880271	6388:LINE:L1PA8_3end	0	-	9880222	9880271	0	1	50	0	-3.8572147684134	0.000665912328155827
chr1	80514768	80514817	67757:LINE:L1PA5_3end	0	-	80514768	80514817	0	1	50	0	2.63905732970351	0.00384101960818328
chr12	17656224	17656273	715307:LINE:L1PA2_3end	0	-	17656224	17656273	0	1	50	0	3.3843902647435	0.000673557278065617
chr12	39664381	39664430	727354:LINE:L1PA4_3end	0	-	39664381	39664430	0	1	50	0	4.43081679884331	0.00407009883874876
chr12	43752010	43752059	729985:LINE:L1PA5_3end	0	-	43752010	43752059	0	1	50	0	4.44265125649031	0.00398736352739537
chr12	45161770	45161819	730821:LINE:L1PREC2_orf2	0	-	45161770	45161819	0	1	50	0	3.74950407593037	0.00432598385172167
chr12	45317933	45317982	730951:LINE:L1PA5_3end	0	-	45317933	45317982	0	1	50	0	2.35137525716482	0.000896744281610573
chr12	46190100	46190149	731582:LINE:L1PA6_3end	0	-	46190100	46190149	0	1	50	0	3.6109179126349	0.000383183988841407
chr12	98515096	98515145	767396:LINE:L2	0	-	98515096	98515145	0	1	50	0	1.12805948998906	0.000153253203882486
chr12	98515446	98515495	767396:LINE:L2	0	-	98515446	98515495	0	1	50	0	1.24365128814411	0.00022444118337861
chr12	117020656	117020705	784475:LINE:L1ME4b_3end	0	-	117020656	117020705	0	1	50	0	3.50405476420714	0.0034023536056581
chr12	27322620	27322707	817283:LINE:L1MA1_3end	0	+	27322620	27322707	0	1	88	0	1.59968173748834	0.00171539351092331
chr1	105218599	105218648	83387:LINE:L1PA5_3end	0	-	105218599	105218648	0	1	50	0	4.63472898822963	0.00285038785667158
chr12	62896714	62896763	839663:LINE:L1PA5_3end	0	+	62896714	62896763	0	1	50	0	4.51085950651684	0.00354098007678472
chr12	66309648	66309697	842183:LINE:HAL1	0	+	66309648	66309697	0	1	50	0	4.69134788222915	0.00257994260966676
chr12	67408936	67408985	842958:LINE:L1PA6_3end	0	+	67408936	67408985	0	1	50	0	-1.84891788306791	0.00106182032755253
chr12	75619453	75619502	848287:LINE:L1PA7_3end	0	+	75619453	75619502	0	1	50	0	4.27666611901605	0.00169418746199068
chr12	83571435	83571484	853279:LINE:L1PA3_3end	0	+	83571435	83571484	0	1	50	0	4.71849887129509	0.00245918205619644
chr12	133011025	133011074	894027:LINE:L2	0	+	133011025	133011074	0	1	50	0	0.84386089402934	0.000522723866086539
chr13	22493133	22493182	897302:LINE:L1P3_orf2	0	-	22493133	22493182	0	1	50	0	3.52636052641971	0.000476736633314157
chr13	96698259	96698308	942514:LINE:L1PA4_3end	0	-	96698259	96698308	0	1	50	0	3.93182563275357	0.000364281951335976
chr13	98376787	98376836	943809:LINE:L1MA3_3end	0	-	98376787	98376836	0	1	50	0	2.60268968528336	3.81372321006657e-05
chr13	110696018	110696067	950916:LINE:L1PA7_3end	0	-	110696018	110696067	0	1	50	0	-2.5471639251299	0.00282244396637199
chr13	113187695	113187744	952118:LINE:L1M4_orf2	0	-	113187695	113187744	0	1	50	0	5.62401750617854	1.12341295788188e-06
chr1	145164417	145164466	95915:LINE:L1M5_orf2	0	-	145164417	145164466	0	1	50	0	-1.76417151271691	0.00371543567117782
chr13	27651169	27651218	959286:LINE:L1MC5a_3end	0	+	27651169	27651218	0	1	50	0	0.949080554681722	0.00287782800794867
chr13	48421782	48421831	973655:LINE:L1PA7_3end	0	+	48421782	48421831	0	1	50	0	4.48300255201388	0.00116595233678551
chr13	50473118	50473167	975240:LINE:L1PA4_3end	0	+	50473118	50473167	0	1	50	0	4.51085950651684	0.00354098007678472
