GO	[-8.26 -0.74]	[-0.74 -0.34]	[-0.34 -0.15]	[-0.15 0.00]	[0.00 0.00]	[0.00 0.00]	[0.00 0.04]	[0.04 0.22]	[0.22 0.51]	[0.51 1.06]	[1.06 6.94]
TMTCGCGANR_UNKNOWN TMTCGCGANR_UNKNOWN	-1.531	-0.346	5.271	9.169	-4.698	-6.892	-1.873	2.990	1.560	-2.740	-3.939
SETBP1_TARGET_GENES SETBP1_TARGET_GENES	-1.094	1.115	6.728	4.241	-4.586	-7.684	-2.354	3.528	0.491	-0.547	-5.412
SGCGSSAAA_E2F1DP2_01 SGCGSSAAA_E2F1DP2_01	-0.647	12.969	3.908	1.056	-4.032	-7.017	-1.947	-0.374	-0.497	-0.827	-1.604
GCGNNANTTCC_UNKNOWN GCGNNANTTCC_UNKNOWN	-1.607	1.746	0.991	1.746	-4.054	-5.186	-2.040	9.630	-0.537	0.991	-5.195
ZBTB5_TARGET_GENES ZBTB5_TARGET_GENES	-1.285	2.113	2.390	1.177	-7.559	-5.289	-2.276	4.018	2.113	-0.293	-1.575
GGAANCGGAANY_UNKNOWN GGAANCGGAANY_UNKNOWN	-2.099	0.702	2.689	3.075	-3.481	-4.562	-1.236	3.916	2.327	-2.702	-2.104
MYBL1_TARGET_GENES MYBL1_TARGET_GENES	-1.608	3.318	2.703	4.722	-5.044	-5.044	-0.887	1.234	0.876	-1.093	-2.295
GTF3A_TARGET_GENES GTF3A_TARGET_GENES	-2.251	-1.610	-2.251	-1.610	11.843	2.046	1.681	-1.610	-0.354	-0.796	-1.614
MCM3_TARGET_GENES MCM3_TARGET_GENES	-2.883	1.055	1.459	3.741	-2.883	-4.691	-1.699	5.251	1.459	-0.928	-1.706
E2F_Q2 E2F_Q2	-1.008	0.691	1.433	1.911	-1.526	-7.476	-2.224	6.151	1.026	-0.490	-1.532
HOXD11_TARGET_GENES HOXD11_TARGET_GENES	-0.884	1.127	1.597	1.863	-4.903	-4.903	-0.884	2.458	3.130	-0.884	-1.785
SREBP1_01 SREBP1_01	-0.907	0.382	1.831	1.357	-1.400	-5.958	-1.711	2.990	4.811	-1.711	-1.406
ZNF667_TARGET_GENES ZNF667_TARGET_GENES	-2.224	5.520	2.115	1.568	-2.224	-4.942	-0.902	0.904	0.904	-0.527	-2.231
KRCTCNNNNMANAGC_UNKNOWN KRCTCNNNNMANAGC_UNKNOWN	6.037	5.397	0.405	-1.270	0.250	-2.735	-1.270	-1.853	-1.853	-0.359	-0.861
PAX5_01 PAX5_01	-1.294	-0.348	1.378	0.614	-1.028	-5.214	-4.296	5.973	0.954	1.156	-0.624
MXD1_TARGET_GENES MXD1_TARGET_GENES	-0.481	1.591	2.129	1.850	-2.450	-6.476	-0.481	1.352	1.850	-1.633	-1.639
FREAC7_01 FREAC7_01	0.432	-0.751	-0.359	2.061	1.173	-8.351	-3.803	0.992	1.173	1.371	-0.470
TGASTMAGC_NFE2_01 TGASTMAGC_NFE2_01	-0.842	-0.527	-0.309	1.299	-1.276	-8.101	-1.276	0.766	0.293	3.440	2.508
TNCATNTCCYR_UNKNOWN TNCATNTCCYR_UNKNOWN	-0.901	0.612	2.618	1.194	-1.484	-5.602	-1.869	2.967	1.435	-1.484	-0.375
STTTCRNTTT_IRF_Q6 STTTCRNTTT_IRF_Q6	-1.183	0.436	1.206	1.017	-1.744	-5.586	-4.063	0.846	1.412	2.693	0.687
HDAC8_TARGET_GENES HDAC8_TARGET_GENES	-0.812	0.533	3.596	1.091	-4.246	-3.399	-0.609	3.208	0.881	-1.061	-1.066
GKCGCNNNNNNNTGAYG_UNKNOWN GKCGCNNNNNNNTGAYG_UNKNOWN	-1.675	2.540	2.540	1.325	-1.675	-2.528	0.316	1.325	0.316	-1.675	-2.532
ZMYM2_TARGET_GENES ZMYM2_TARGET_GENES	-2.069	0.321	0.446	2.326	-5.227	-2.601	-0.743	3.413	0.321	0.595	0.765
BCL6B_TARGET_GENES BCL6B_TARGET_GENES	-1.008	0.457	5.211	0.457	-2.300	-3.963	-0.355	1.780	0.346	1.097	-2.777
CYTAGCAAY_UNKNOWN CYTAGCAAY_UNKNOWN	-0.955	0.399	0.527	1.484	-0.310	-6.268	-2.816	3.673	-0.424	1.250	-0.312
GGGNRMNNYCAT_UNKNOWN GGGNRMNNYCAT_UNKNOWN	-1.306	2.130	2.522	2.522	-0.289	-3.441	-1.801	0.657	0.467	-1.801	-1.310
NRSF_01 NRSF_01	1.255	1.255	-0.324	0.771	2.204	-4.022	-2.991	-0.475	-1.276	-0.475	0.994
YRTCANNRCGC_UNKNOWN YRTCANNRCGC_UNKNOWN	-0.810	0.651	4.990	0.275	-0.810	-2.652	-0.526	1.206	0.907	-1.782	-1.213
ZNF133_TARGET_GENES ZNF133_TARGET_GENES	0.388	1.708	0.284	3.257	-2.847	-4.187	-1.540	0.827	0.388	0.284	0.282
PPARGC1A_TARGET_GENES PPARGC1A_TARGET_GENES	-0.521	0.524	1.165	3.222	-1.796	-4.147	-0.521	1.165	-0.521	0.921	-1.358
NR1D1_TARGET_GENES NR1D1_TARGET_GENES	-1.140	1.923	1.628	1.923	-3.862	-2.410	-0.468	1.112	0.530	-0.332	-1.145
ZNF704_TARGET_GENES ZNF704_TARGET_GENES	-0.546	1.168	2.289	1.876	-2.693	-2.693	0.422	0.262	0.422	-0.834	-0.837
RYTGCNWTGGNR_UNKNOWN RYTGCNWTGGNR_UNKNOWN	0.439	-0.791	-0.291	2.411	0.312	-4.812	-2.285	0.594	0.983	-0.291	0.979
PPARA_TARGET_GENES PPARA_TARGET_GENES	-0.585	1.097	4.120	0.818	-2.776	-1.889	-0.884	0.582	0.389	-0.374	-0.886
THRA_TARGET_GENES THRA_TARGET_GENES	-0.667	2.738	0.928	0.543	-2.668	-2.668	-1.592	1.163	0.928	0.722	-0.912
ZNF677_TARGET_GENES ZNF677_TARGET_GENES	-0.847	1.044	1.796	1.522	-0.847	-4.323	-1.413	1.044	1.272	-0.473	-0.851
KDM1B_TARGET_GENES KDM1B_TARGET_GENES	-0.360	1.165	1.165	1.165	-2.362	-2.362	-1.796	-0.732	2.428	0.372	0.248
ZNF585B_TARGET_GENES ZNF585B_TARGET_GENES	0.311	1.411	1.971	1.411	-2.098	-3.293	-1.658	-0.411	0.579	0.311	0.309
YAATNRNNNYNATT_UNKNOWN YAATNRNNNYNATT_UNKNOWN	0.630	-0.584	-1.095	1.593	1.054	-4.313	-1.458	0.630	0.323	0.462	0.823
SIX4_TARGET_GENES SIX4_TARGET_GENES	-0.573	1.129	-0.990	1.997	-0.990	-1.698	-0.990	0.501	-0.318	-0.318	1.993
ZNF16_TARGET_GENES ZNF16_TARGET_GENES	-0.340	0.599	1.087	-1.116	-1.579	-1.579	-1.579	1.388	1.087	0.265	1.083
