	[-0.22 -0.18]	[-0.18 -0.11]	[-0.11 -0.07]	[-0.07 -0.04]	[-0.04 -0.02]	[-0.02 0.00]	[0.00 0.03]	[0.03 0.06]	[0.06 0.10]	[0.10 0.18]	[0.18 0.22]
GOBP_STEROID_BIOSYNTHETIC_PROCESS	-1.25	-0.644	-0.644	-0.321	0.282	-0.644	0.282	-0.644	-0.321	0.883	4.527
GOBP_REGULATION_OF_STEROID_BIOSYNTHETIC_PROCESS	-0.873	-0.873	-0.873	-0.379	0.235	-0.379	0.235	-0.379	0.235	0.526	4.419
GOBP_REGULATION_OF_STEROID_METABOLIC_PROCESS	-0.915	-0.915	-0.915	-0.40700000000000003	0.21600000000000003	-0.40700000000000003	0.21600000000000003	0.21600000000000003	0.21600000000000003	0.49	4.226
GOBP_REGULATION_OF_ALCOHOL_BIOSYNTHETIC_PROCESS	-0.79	-0.79	-0.79	0.278	-0.325	-0.325	-0.325	-0.325	-0.325	1.0590000000000002	3.912
GOBP_REGULATION_OF_CHOLESTEROL_BIOSYNTHETIC_PROCESS	-0.623	-0.623	-0.623	-0.223	-0.223	-0.223	-0.623	-0.223	-0.223	0.8240000000000001	3.8169999999999997
GOBP_REGULATION_OF_CHOLESTEROL_METABOLIC_PROCESS	-0.665	-0.665	-0.665	-0.248	0.36200000000000004	-0.248	-0.665	-0.248	-0.248	0.762	3.6010000000000004
GOBP_STEROL_BIOSYNTHETIC_PROCESS	-0.79	-0.79	-0.79	0.278	0.278	-0.325	-0.79	-0.325	-0.325	1.62	3.06
GOCC_COPII_COATED_ER_TO_GOLGI_TRANSPORT_VESICLE	-0.748	-0.748	-0.748	0.303	0.303	-0.299	-0.748	1.72	-0.299	-0.299	2.431
GOBP_POSITIVE_REGULATION_OF_T_CELL_PROLIFERATION	-0.54	-0.54	-0.54	-0.177	-0.54	-0.177	-0.54	1.607	0.47600000000000003	-0.54	2.395
