	[-0.26 -0.21]	[-0.21 -0.13]	[-0.13 -0.08]	[-0.08 -0.05]	[-0.05 -0.01]	[-0.01 0.01]	[0.01 0.05]	[0.05 0.09]	[0.09 0.14]	[0.14 0.22]	[0.22 0.27]
GOCC_EXTRINSIC_COMPONENT_OF_ORGANELLE_MEMBRANE	2.235	-0.374	-0.374	-0.374	-0.374	0.239	-0.374	-0.374	-0.374	1.3840000000000001	0.242
GOBP_NUCLEAR_TRANSCRIBED_MRNA_CATABOLIC_PROCESS_NONSENSE_MEDIATED_DECAY	2.213	1.1079999999999999	1.804	0.237	0.38799999999999996	-0.895	-1.319	-0.377	-1.319	-1.319	-0.368
GOCC_CIS_GOLGI_NETWORK	0.255	0.5660000000000001	-0.35200000000000004	-0.8320000000000001	-0.8320000000000001	-0.35200000000000004	-0.8320000000000001	0.255	-0.8320000000000001	0.5660000000000001	3.725
GOCC_GOLGI_CIS_CISTERNA	-0.332	-0.332	-0.332	-0.332	0.272	-0.332	-0.332	-0.332	-0.332	0.795	3.592
GOBP_CELLULAR_RESPONSE_TO_CORTICOSTEROID_STIMULUS	0.7120000000000001	-0.373	-0.373	-0.373	0.239	-0.373	-0.373	-0.373	-0.373	0.239	3.273
GOCC_GOLGI_CISTERNA	-0.301	0.301	-1.209	-0.614	-0.614	-0.614	-1.209	0.5720000000000001	-0.301	1.3730000000000002	3.179
GOCC_GOLGI_CISTERNA_MEMBRANE	-0.46399999999999997	-0.204	-0.9990000000000001	-0.46399999999999997	-0.9990000000000001	-0.46399999999999997	-0.9990000000000001	0.773	-0.204	1.218	3.097
GOCC_GOLGI_STACK	0.318	0.318	-0.9329999999999999	-0.528	-0.528	-0.9329999999999999	-1.63	0.555	-0.528	1.673	2.759
GOBP_NEGATIVE_REGULATION_OF_PHAGOCYTOSIS	-0.415	-0.415	0.64	0.21100000000000002	-0.415	-0.415	1.258	-0.415	-0.415	-0.415	2.057
