GO	[-18.23 -0.96]	[-0.96 -0.50]	[-0.50 -0.22]	[-0.22 -0.15]	[-0.15 0.00]	[0.00 0.00]	[0.00 0.14]	[0.14 0.50]	[0.50 1.13]	[1.13 1.99]	[1.99 10.00]
SETBP1_TARGET_GENES SETBP1_TARGET_GENES	-0.547	9.173	5.843	-0.880	0.285	-5.400	-2.354	2.575	-0.699	-3.308	-4.597
TMTCGCGANR_UNKNOWN TMTCGCGANR_UNKNOWN	-0.781	5.707	8.109	-0.463	0.260	-5.644	-0.606	1.560	-0.606	-3.929	-5.655
SGCGSSAAA_E2F1DP2_01 SGCGSSAAA_E2F1DP2_01	-0.497	10.007	5.094	-0.827	-0.276	-7.017	-1.043	-0.276	-0.374	-3.381	-1.304
TOX4_TARGET_GENES TOX4_TARGET_GENES	-0.769	2.404	4.368	-0.607	0.436	-7.893	-0.472	3.653	-0.361	-1.183	-3.471
MCM3_TARGET_GENES MCM3_TARGET_GENES	-0.343	2.471	6.533	-0.583	0.263	-6.509	-0.583	1.687	0.352	-2.433	-2.892
GTF3A_TARGET_GENES GTF3A_TARGET_GENES	-0.540	-1.610	-2.251	0.397	1.681	8.768	1.350	-2.251	-1.610	0.254	-3.197
GGAANCGGAANY_UNKNOWN GGAANCGGAANY_UNKNOWN	-0.345	5.865	2.327	-1.236	-0.684	-3.481	1.394	0.905	0.261	-3.481	-3.488
ZBED4_TARGET_GENES ZBED4_TARGET_GENES	-0.284	6.818	2.828	-0.508	-0.284	-7.059	-0.508	0.691	-0.384	-1.620	-1.979
ZNF667_TARGET_GENES ZNF667_TARGET_GENES	0.568	4.223	5.986	0.433	0.904	-3.321	-0.902	-0.527	-1.804	-2.724	-2.732
MXD1_TARGET_GENES MXD1_TARGET_GENES	-0.357	5.015	2.743	-1.046	1.133	-6.476	-0.481	0.757	-0.259	-1.315	-2.979
ZZZ3_TARGET_GENES ZZZ3_TARGET_GENES	-1.925	5.513	2.900	0.680	0.680	-3.900	0.515	0.263	-0.660	-2.442	-2.448
ARHGAP35_TARGET_GENES ARHGAP35_TARGET_GENES	-0.442	3.049	5.242	-1.097	-1.097	-4.895	-1.097	1.417	0.736	-1.097	-1.435
GKCGCNNNNNNNTGAYG_UNKNOWN GKCGCNNNNNNNTGAYG_UNKNOWN	0.499	4.690	5.970	-1.121	-0.287	-1.675	-0.470	-0.737	-1.121	-1.675	-2.532
GCGNNANTTCC_UNKNOWN GCGNNANTTCC_UNKNOWN	-0.388	3.078	3.875	-1.607	0.459	-4.054	-0.726	0.611	1.470	-1.252	-3.231
DNMT1_TARGET_GENES DNMT1_TARGET_GENES	0.353	4.262	4.262	-1.780	0.591	-6.076	-0.344	-0.594	-0.760	-0.457	-0.764
GGCNKCCATNK_UNKNOWN GGCNKCCATNK_UNKNOWN	-0.343	1.886	4.560	-1.505	0.376	-3.900	0.680	2.201	-1.505	-1.162	-2.448
E2F_Q2 E2F_Q2	-0.632	0.691	4.492	-2.224	1.026	-5.214	-0.804	2.176	1.026	-0.632	-1.857
YBX3_TARGET_GENES YBX3_TARGET_GENES	0.259	3.602	4.190	-0.577	-0.577	-2.237	-0.348	0.945	-0.920	-2.237	-2.241
RUVBL1_TARGET_GENES RUVBL1_TARGET_GENES	-0.277	2.458	4.885	-0.372	1.026	-4.412	-0.632	-0.372	0.691	-2.224	-2.665
ZBTB5_TARGET_GENES ZBTB5_TARGET_GENES	0.409	1.610	5.595	-0.512	-0.659	-5.289	0.409	-0.659	1.385	-1.042	-2.284
HOXA7_TARGET_GENES HOXA7_TARGET_GENES	-0.291	2.411	4.901	-0.791	0.594	-4.812	0.439	0.439	-0.581	-1.785	-1.790
CREB3L2_TARGET_GENES CREB3L2_TARGET_GENES	0.695	4.880	1.326	-0.321	-0.812	-3.399	-0.812	1.864	-0.609	-0.447	-4.254
AAGWWRNYGGC_UNKNOWN AAGWWRNYGGC_UNKNOWN	-1.185	1.850	5.940	-1.530	0.365	-3.939	-0.354	1.062	0.501	-0.903	-1.960
ZNF547_TARGET_GENES ZNF547_TARGET_GENES	-0.319	4.007	1.979	-1.905	-0.319	-5.097	-0.757	1.016	1.708	-0.973	-1.546
AACYNNNNTTCCS_UNKNOWN AACYNNNNTTCCS_UNKNOWN	0.897	4.048	3.164	-1.027	0.359	-4.188	-1.027	-1.379	0.508	-1.379	-0.539
SREBP1_01 SREBP1_01	-0.907	0.498	2.095	-0.907	0.957	-3.541	1.148	1.585	2.095	-1.711	-4.214
GGAMTNNNNNTCCY_UNKNOWN GGAMTNNNNNTCCY_UNKNOWN	-1.097	5.742	2.676	-2.347	-0.442	-2.347	-0.442	1.164	-0.442	-0.442	-1.435
IRX2_TARGET_GENES IRX2_TARGET_GENES	-0.529	1.482	5.203	0.691	-0.292	-5.409	-0.887	0.859	-0.529	-0.691	-1.406
CCAWYNNGAAR_UNKNOWN CCAWYNNGAAR_UNKNOWN	-0.514	1.597	1.597	-0.884	1.351	-6.101	-1.131	1.597	-1.778	-0.275	0.738
MYC_Q2 MYC_Q2	1.293	6.216	1.293	-1.363	-0.326	-3.339	-2.380	-0.326	-0.431	-0.713	0.275
KCCGNSWTTT_UNKNOWN KCCGNSWTTT_UNKNOWN	-2.037	2.072	2.072	0.742	0.559	-3.406	1.191	0.742	-0.322	-2.633	-1.570
ZNF532_TARGET_GENES ZNF532_TARGET_GENES	0.440	4.394	2.349	-1.210	-0.810	-2.652	-0.329	0.907	-0.329	-1.210	-1.786
E2F_01 E2F_01	-0.605	4.594	1.728	1.376	-0.389	-2.818	0.373	-1.331	-0.909	-1.925	-0.391
GGCNRNWCTTYS_UNKNOWN GGCNRNWCTTYS_UNKNOWN	-2.545	2.826	0.832	-0.980	2.415	-2.545	-0.980	1.082	0.832	-1.362	-0.693
HOXD11_TARGET_GENES HOXD11_TARGET_GENES	-0.380	3.878	1.351	-0.514	-0.681	-3.287	-0.380	1.351	1.351	-1.426	-2.701
TNCATNTCCYR_UNKNOWN TNCATNTCCYR_UNKNOWN	-0.511	4.562	0.977	-1.484	-0.511	-4.438	-0.511	1.983	-0.265	-0.511	-0.514
ZNF704_TARGET_GENES ZNF704_TARGET_GENES	0.422	2.739	3.746	-0.834	0.627	-2.693	0.262	-1.240	-0.546	-0.546	-1.821
PPARGC1A_TARGET_GENES PPARGC1A_TARGET_GENES	0.249	3.657	4.116	-1.005	0.372	-3.104	-0.732	-1.005	-1.005	0.249	-0.523
MYBL1_TARGET_GENES MYBL1_TARGET_GENES	-0.561	2.419	1.660	-0.333	0.463	-5.886	-1.093	1.047	1.234	-0.710	-1.098
TBX1_TARGET_GENES TBX1_TARGET_GENES	0.278	2.540	1.741	-1.992	0.370	-5.437	-0.559	1.293	0.752	-0.713	-0.562
AACWWCAANK_UNKNOWN AACWWCAANK_UNKNOWN	0.339	3.931	0.760	-1.404	-0.666	-4.864	-1.404	1.150	0.598	-0.370	0.455
CCGNMNNTNACG_UNKNOWN CCGNMNNTNACG_UNKNOWN	0.539	1.596	1.949	-1.197	0.539	-3.275	-0.244	2.334	-0.841	-1.197	-1.678
ETF_Q6 ETF_Q6	0.736	0.736	2.325	-1.430	0.291	-3.786	0.413	1.164	1.417	-1.841	-1.846
GATGKMRGCG_UNKNOWN GATGKMRGCG_UNKNOWN	-2.735	4.209	1.826	-0.565	0.847	-1.853	-0.565	0.405	0.250	-0.859	-0.861
RACTNNRTTTNC_UNKNOWN RACTNNRTTTNC_UNKNOWN	-0.301	2.578	1.141	-2.665	0.301	-4.169	-0.423	0.731	1.935	-0.580	-0.781
ZNF133_TARGET_GENES ZNF133_TARGET_GENES	-0.435	1.016	0.514	-2.337	0.388	-4.187	-0.319	3.623	1.457	-0.579	-0.761
GCGSCMNTTT_UNKNOWN GCGSCMNTTT_UNKNOWN	0.328	3.279	0.966	-0.985	-0.275	-2.942	0.966	1.260	-0.667	-0.985	-2.037
EGR2_01 EGR2_01	-0.871	0.278	1.925	-0.427	-1.587	-2.672	-1.076	3.358	0.736	-1.587	1.916
ZNF595_TARGET_GENES ZNF595_TARGET_GENES	-0.770	3.461	3.017	-1.475	0.376	-1.996	0.540	0.246	0.376	-1.996	-1.080
MCM2_TARGET_GENES MCM2_TARGET_GENES	0.971	2.038	3.461	-1.151	-0.300	-2.569	0.302	-0.761	0.302	-0.761	-1.715
ZMYM2_TARGET_GENES ZMYM2_TARGET_GENES	-0.551	1.192	2.667	-0.399	-0.981	-5.227	-0.399	0.968	1.192	-0.551	-0.554
NR1D1_TARGET_GENES NR1D1_TARGET_GENES	-0.332	2.584	0.698	-0.468	-0.332	-3.048	-0.865	3.745	0.388	-1.140	-1.485
RRCCGTTA_UNKNOWN RRCCGTTA_UNKNOWN	-0.521	4.508	1.566	-0.750	0.558	-3.648	-0.350	-0.350	-0.350	-0.350	-1.055
ACTWSNACTNY_UNKNOWN ACTWSNACTNY_UNKNOWN	-0.451	1.220	2.839	-0.312	-0.633	-3.368	-0.633	2.839	-1.538	-0.633	-0.313
RAX2_TARGET_GENES RAX2_TARGET_GENES	-0.421	2.425	4.411	-0.959	-0.263	-1.392	-0.421	0.342	0.342	-1.392	-2.001
NCX_01 NCX_01	-1.442	0.269	1.773	-0.940	-0.446	-4.273	-1.171	1.773	1.773	0.920	0.360
GATA_Q6 GATA_Q6	-0.917	-0.917	-0.737	-1.650	-0.585	-1.650	-0.350	0.559	0.342	1.842	5.787
KRCTCNNNNMANAGC_UNKNOWN KRCTCNNNNMANAGC_UNKNOWN	-0.859	0.604	3.663	-0.359	-0.859	-2.735	0.405	0.405	-0.859	-1.270	1.820
ZSCAN5C_TARGET_GENES ZSCAN5C_TARGET_GENES	-1.111	0.944	3.931	-0.502	0.339	-2.663	-0.370	-0.370	2.186	-0.867	-1.409
PPARA_TARGET_GENES PPARA_TARGET_GENES	1.097	0.389	1.776	0.239	-0.374	-1.889	-0.374	3.079	-0.585	-1.889	-1.893
CHAF1A_TARGET_GENES CHAF1A_TARGET_GENES	-0.677	0.998	2.976	-0.475	-0.324	-4.022	0.279	0.998	0.771	-1.276	-0.680
TAANNYSGCG_UNKNOWN TAANNYSGCG_UNKNOWN	-0.277	1.477	0.679	-1.769	0.679	-2.434	-0.426	2.578	0.484	-2.434	-0.279
SIPA1_TARGET_GENES SIPA1_TARGET_GENES	0.598	1.377	1.626	-1.111	-0.867	-1.753	-0.666	3.931	-0.266	-1.111	-1.409
SOX11_TARGET_GENES SOX11_TARGET_GENES	0.431	3.385	3.385	-0.650	-0.650	-1.090	-0.650	-1.090	-1.090	-0.650	0.239
GCCNNNWTAAR_UNKNOWN GCCNNNWTAAR_UNKNOWN	-1.212	-0.955	0.527	-1.212	-0.955	-2.816	0.846	0.676	1.250	0.292	3.661
DICER1_TARGET_GENES DICER1_TARGET_GENES	2.012	1.636	0.998	-0.959	-1.392	-1.997	-0.959	1.636	-0.421	0.342	-1.396
RBM15_TARGET_GENES RBM15_TARGET_GENES	-1.072	0.796	3.645	-1.703	-1.072	-2.602	0.359	1.687	0.359	0.258	-0.352
TTCNRGNNNNTTC_HSF_Q6 TTCNRGNNNNTTC_HSF_Q6	-0.469	3.478	0.614	-1.983	0.954	-3.555	-0.469	0.614	-0.805	0.357	0.472
TSHZ1_TARGET_GENES TSHZ1_TARGET_GENES	-0.263	0.343	1.661	-1.423	0.447	-4.030	-0.263	1.227	1.903	0.343	-1.728
GGGNNTTTCC_NFKB_Q6_01 GGGNNTTTCC_NFKB_Q6_01	-0.362	-1.842	-0.362	-1.144	-0.670	-1.842	-0.362	3.014	3.387	0.478	-0.258
CGGAARNGGCNG_UNKNOWN CGGAARNGGCNG_UNKNOWN	-1.500	1.191	1.191	-0.976	1.191	-2.320	-0.976	1.551	0.612	-0.976	0.232
PER1_TARGET_GENES PER1_TARGET_GENES	-0.385	0.453	5.552	-0.733	0.754	-0.385	-0.733	-0.733	-1.367	-0.733	0.230
ZNF622_TARGET_GENES ZNF622_TARGET_GENES	-0.605	0.790	2.546	-0.389	-0.240	-2.818	0.790	0.560	0.790	-1.925	-0.912
HOXC13_TARGET_GENES HOXC13_TARGET_GENES	0.282	1.960	3.803	0.282	-0.321	-3.013	-1.119	-0.628	0.401	-0.455	-0.850
FOXQ1_TARGET_GENES FOXQ1_TARGET_GENES	0.359	1.789	0.614	-0.250	-0.250	-1.532	-1.532	1.789	0.614	-1.532	-0.862
ATGGYGGA_UNKNOWN ATGGYGGA_UNKNOWN	-1.118	1.028	1.865	-0.424	-0.828	-1.946	1.028	2.559	-0.424	-1.946	-0.426
ZBTB1_TARGET_GENES ZBTB1_TARGET_GENES	-0.754	1.837	1.543	-0.392	0.333	-3.633	-0.271	2.157	-0.551	-0.551	-1.015
SNACANNNYSYAGA_UNKNOWN SNACANNNYSYAGA_UNKNOWN	-0.896	2.680	1.052	-2.195	0.613	-2.195	-0.301	1.052	0.817	-0.641	-0.899
ZNF777_TARGET_GENES ZNF777_TARGET_GENES	-0.782	0.546	4.096	-1.258	-1.258	-1.258	-0.471	-0.270	1.137	-0.782	0.812
PAX5_01 PAX5_01	-2.422	0.475	3.851	-1.028	-0.620	-1.028	-0.620	1.882	0.774	-0.348	-0.624
TFCP2_TARGET_GENES TFCP2_TARGET_GENES	-0.314	0.878	1.153	0.446	-0.314	-3.067	-0.731	2.619	0.446	-0.731	-1.520
GGCNNMSMYNTTG_UNKNOWN GGCNNMSMYNTTG_UNKNOWN	-0.752	3.003	0.620	-1.090	-0.327	-1.547	0.851	2.147	-0.505	-0.752	-1.551
STAT3_02 STAT3_02	0.320	0.904	-1.151	-0.696	-0.527	-2.724	-2.224	1.104	0.725	1.104	2.107
CREBP1_01 CREBP1_01	-1.305	0.648	1.361	-0.672	-0.672	-3.833	-0.524	2.954	0.301	0.399	0.644
FREAC4_01 FREAC4_01	-0.991	-0.593	-0.773	-1.931	-0.446	-1.563	0.501	-0.446	0.995	2.234	3.200
CCCNNNNNNAAGWT_UNKNOWN CCCNNNNNNAAGWT_UNKNOWN	-1.458	-0.280	0.630	0.827	0.462	-4.313	0.827	1.310	0.462	-1.095	0.459
KDM1B_TARGET_GENES KDM1B_TARGET_GENES	1.165	-0.521	2.071	-0.521	-0.360	-2.362	-1.796	2.812	0.249	-0.521	-0.523
TERF2_TARGET_GENES TERF2_TARGET_GENES	0.330	-0.701	-0.701	-0.920	-0.274	-2.924	-0.274	3.672	1.169	1.169	-0.924
MCRS1_TARGET_GENES MCRS1_TARGET_GENES	0.320	0.858	2.144	-0.524	2.144	-1.615	0.555	-0.925	-0.925	-0.925	-0.927
ZNF37A_TARGET_GENES ZNF37A_TARGET_GENES	-0.367	-0.267	1.327	-2.035	0.338	-1.657	-1.657	3.034	1.563	-0.367	-0.496
HEY2_TARGET_GENES HEY2_TARGET_GENES	-0.709	1.188	1.507	-0.709	-0.301	-3.025	-0.471	-1.037	-0.471	1.863	0.903
ZNF677_TARGET_GENES ZNF677_TARGET_GENES	-0.847	1.796	3.490	-0.847	0.505	-1.789	0.373	0.840	-0.639	-0.847	-1.418
SYNCRIP_TARGET_GENES SYNCRIP_TARGET_GENES	0.527	-0.869	0.527	-0.869	-0.869	-0.869	-0.378	-0.869	0.527	0.930	2.722
TAAWWATAG_RSRFC4_Q2 TAAWWATAG_RSRFC4_Q2	-0.293	0.413	-0.520	-0.394	-0.674	-3.445	-1.642	0.413	2.789	1.431	0.831
STTTCRNTTT_IRF_Q6 STTTCRNTTT_IRF_Q6	-0.361	0.334	-0.361	-1.744	-1.443	-1.744	-0.769	2.131	1.635	-0.361	2.394
PR_02 PR_02	-0.901	-0.265	0.612	-0.901	-0.901	-3.577	-0.373	1.435	1.983	-0.265	1.429
RBL1_TARGET_GENES RBL1_TARGET_GENES	-0.256	0.571	4.204	0.571	-0.755	-1.988	-1.224	0.352	-0.256	-0.755	-0.257
ZNF623_TARGET_GENES ZNF623_TARGET_GENES	0.441	1.616	2.680	-1.225	0.301	-1.225	-0.446	0.817	0.441	-1.225	-2.200
HDAC8_TARGET_GENES HDAC8_TARGET_GENES	-0.609	1.583	4.433	-0.609	-0.321	-1.737	-0.812	0.881	-0.609	-0.812	-0.612
METHYLCYTOSINE_DIOXYGENASE_TET_UNIPROT_A0A023HHK9_UNREVIEWED_TARGET_GENES METHYLCYTOSINE_DIOXYGENASE_TET_UNIPROT_A0A023HHK9_UNREVIEWED_TARGET_GENES	0.269	3.580	1.533	-1.442	0.363	-1.757	0.269	0.474	-0.446	0.269	-2.130
AAANWWTGC_UNKNOWN AAANWWTGC_UNKNOWN	-0.671	-1.042	-0.527	-0.407	0.496	-4.228	0.293	1.104	0.293	1.299	2.233
STAT1_01 STAT1_01	0.357	0.764	3.949	-1.361	-0.251	-1.961	-0.934	0.764	0.357	-0.934	-0.407
PR_01 PR_01	-0.711	-0.402	0.310	-0.919	-2.252	-2.252	0.554	0.310	1.539	1.081	2.372
ZNF584_TARGET_GENES ZNF584_TARGET_GENES	-0.411	-0.865	2.323	-0.535	0.293	-3.278	0.389	2.915	0.293	-0.686	-0.414
CDH4_TARGET_GENES CDH4_TARGET_GENES	0.857	0.857	1.113	-0.457	-0.671	-2.508	-1.834	1.403	0.451	0.857	-1.338
DR3_Q4 DR3_Q4	-1.472	0.554	2.080	-1.472	-0.919	-1.171	-0.711	0.422	0.310	-0.292	3.387
TAXCREB_01 TAXCREB_01	-1.605	0.403	-0.310	-1.272	-0.579	-3.056	0.872	1.545	0.693	0.403	1.806
CGTSACG_PAX3_B CGTSACG_PAX3_B	-0.696	0.725	0.904	-0.391	0.320	-4.942	-0.391	1.568	-0.391	-0.391	1.098
PAX8_TARGET_GENES PAX8_TARGET_GENES	0.807	0.596	1.052	-1.390	0.278	-3.565	0.420	0.596	0.420	0.807	-1.394
THRAP3_TARGET_GENES THRAP3_TARGET_GENES	-0.609	0.303	1.365	1.877	-1.201	-1.201	-0.609	1.877	-0.609	-0.299	-0.611
WCTCNATGGY_UNKNOWN WCTCNATGGY_UNKNOWN	0.883	0.657	1.144	-1.801	0.883	-3.441	0.314	0.883	-0.442	-0.442	-0.444
PCGF6_TARGET_GENES PCGF6_TARGET_GENES	-0.389	0.790	2.546	-1.331	-0.605	-1.925	1.063	1.063	0.373	-1.331	-0.608
EGR3_01 EGR3_01	-0.910	0.484	0.910	-0.910	-0.632	-1.769	-0.426	2.179	1.477	-1.769	0.906
MAPK3_TARGET_GENES MAPK3_TARGET_GENES	0.262	0.876	1.502	-1.240	0.262	-2.693	-0.834	0.876	1.502	-0.344	-0.837
ZNF669_TARGET_GENES ZNF669_TARGET_GENES	-0.460	3.158	0.519	0.384	-0.331	-2.762	-0.331	1.068	0.519	-0.624	-1.769
ZNF165_TARGET_GENES ZNF165_TARGET_GENES	-0.595	0.520	-0.255	-1.224	-0.255	-3.316	1.902	1.556	0.520	-0.255	-0.399
EVI1_02 EVI1_02	0.330	-1.186	0.764	-0.701	-0.701	-2.362	-0.274	0.330	0.330	-0.274	4.488
WWTAAGGC_UNKNOWN WWTAAGGC_UNKNOWN	-0.266	-1.111	0.944	0.339	-0.266	-3.254	-1.404	-0.266	0.339	2.186	1.371
MIF1_01 MIF1_01	0.799	1.824	1.584	-0.524	-0.850	-3.247	-0.672	0.301	1.361	-0.524	-0.854
ZNF585B_TARGET_GENES ZNF585B_TARGET_GENES	0.433	0.311	0.946	-1.001	1.411	-2.098	-0.411	1.679	1.166	-1.658	-1.302
COBLL1_TARGET_GENES COBLL1_TARGET_GENES	-0.666	2.186	2.186	-0.370	-0.867	-2.169	1.626	-0.266	-0.502	-0.867	-0.669
NUFIP1_TARGET_GENES NUFIP1_TARGET_GENES	-0.411	3.193	0.920	0.389	0.920	-1.157	-0.411	-0.411	-1.905	-0.411	-0.704
SQSTM1_TARGET_GENES SQSTM1_TARGET_GENES	-2.113	1.056	1.818	-0.300	0.302	-0.513	-1.327	1.818	-0.300	-0.300	-0.839
RORA2_01 RORA2_01	-0.259	0.347	-0.357	-0.481	-1.315	-3.589	0.757	0.935	-0.357	0.347	2.733
YYCATTCAWW_UNKNOWN YYCATTCAWW_UNKNOWN	0.317	0.664	2.338	-0.798	-1.484	-2.538	-1.220	0.416	0.813	-0.285	1.359
OCT1_07 OCT1_07	-0.261	-1.898	-0.355	0.738	0.346	-1.898	-0.796	-0.620	3.637	0.346	0.903
CDP_02 CDP_02	0.252	-0.949	-1.647	-0.949	0.252	-2.129	0.368	0.683	1.951	1.951	0.509
YTAATTAA_LHX3_01 YTAATTAA_LHX3_01	-0.798	0.416	0.531	-0.379	-0.632	-2.997	-0.992	0.416	-0.379	1.819	2.611
THRA_TARGET_GENES THRA_TARGET_GENES	0.722	0.271	2.372	-1.592	0.543	-3.443	-0.334	0.722	-0.334	-0.334	0.269
HFH3_01 HFH3_01	-0.856	-0.684	0.377	-0.684	-0.538	-3.113	-0.417	1.712	0.751	0.485	2.475
MCAATNNNNNGCG_UNKNOWN MCAATNNNNNGCG_UNKNOWN	-0.301	1.403	0.857	-0.956	-0.301	-1.834	-0.301	2.081	0.857	-1.834	-0.673
YTAAYNGCT_UNKNOWN YTAAYNGCT_UNKNOWN	-1.273	0.267	0.629	0.267	-0.607	-2.393	-1.010	0.629	0.488	3.525	0.365
TTTNNANAGCYR_UNKNOWN TTTNNANAGCYR_UNKNOWN	-1.437	0.256	3.061	-0.865	-0.655	-2.273	0.256	1.021	0.362	0.256	0.816
HMEF2_Q6 HMEF2_Q6	-0.593	-2.031	-0.593	-0.782	1.051	-1.014	-0.441	-0.593	2.374	0.676	1.774
