GO	[-8.63 -0.99]	[-0.99 -0.56]	[-0.56 -0.27]	[-0.27 -0.00]	[-0.00 0.00]	[0.00 0.00]	[0.00 0.06]	[0.06 0.35]	[0.35 0.74]	[0.74 1.88]	[1.88 11.51]
TMTCGCGANR_UNKNOWN TMTCGCGANR_UNKNOWN	-1.531	1.810	4.057	2.668	-5.644	-6.892	-4.698	3.685	1.119	0.602	-3.295
SETBP1_TARGET_GENES SETBP1_TARGET_GENES	-0.699	2.575	3.528	2.575	-6.391	-5.400	-2.354	2.877	1.533	-0.421	-5.412
RUVBL1_TARGET_GENES RUVBL1_TARGET_GENES	-0.372	5.293	3.404	2.757	-7.476	-6.194	-1.526	2.176	-0.490	-0.804	-2.665
SGCGSSAAA_E2F1DP2_01 SGCGSSAAA_E2F1DP2_01	-1.043	1.481	2.260	2.260	-4.032	-7.017	-1.947	2.868	2.868	0.327	-4.819
HEN1_01 HEN1_01	-2.337	-1.650	-0.264	1.010	3.239	-5.961	-6.984	0.693	2.090	2.929	0.555
GGAANCGGAANY_UNKNOWN GGAANCGGAANY_UNKNOWN	-0.928	2.327	6.404	1.679	-2.702	-4.562	-1.619	0.527	0.905	-0.492	-4.570
CREB3L2_TARGET_GENES CREB3L2_TARGET_GENES	-0.609	3.208	0.533	3.596	-3.399	-5.394	-0.812	2.167	0.396	0.396	-4.254
HOXD11_TARGET_GENES HOXD11_TARGET_GENES	-0.380	3.878	0.583	2.784	-4.007	-4.903	-2.693	1.127	2.151	-0.380	-2.203
MYC_Q2 MYC_Q2	0.607	1.293	1.991	2.257	0.370	-7.726	-5.437	0.752	0.752	-2.380	0.367
AAANWWTGC_UNKNOWN AAANWWTGC_UNKNOWN	-0.527	0.387	-0.407	-0.671	3.777	-8.101	-4.938	0.766	3.118	0.293	0.761
MYBL1_TARGET_GENES MYBL1_TARGET_GENES	-1.608	2.419	2.703	2.703	-4.328	-5.044	-2.699	1.897	0.584	-0.333	-0.440
ZMYM2_TARGET_GENES ZMYM2_TARGET_GENES	0.321	1.192	3.818	0.769	-5.227	-4.092	-4.092	0.968	1.440	0.321	-0.554
ZNF547_TARGET_GENES ZNF547_TARGET_GENES	0.660	1.016	2.270	1.979	-4.187	-6.309	-1.905	0.827	1.979	0.284	-1.912
GCGNNANTTCC_UNKNOWN GCGNNANTTCC_UNKNOWN	-0.272	0.991	3.875	3.466	-2.569	-5.186	-0.961	0.991	0.611	-0.961	-3.231
TAAWWATAG_RSRFC4_Q2 TAAWWATAG_RSRFC4_Q2	0.413	0.676	-0.394	-0.674	1.015	-7.101	-4.882	1.213	-0.293	4.574	0.307
ZBTB5_TARGET_GENES ZBTB5_TARGET_GENES	0.409	0.987	3.319	1.610	-5.289	-4.482	-1.569	1.385	0.309	1.385	-2.284
ZNF584_TARGET_GENES ZNF584_TARGET_GENES	-0.309	0.783	2.051	3.572	-3.278	-5.363	-3.278	1.796	0.503	0.389	-0.690
GTF3A_TARGET_GENES GTF3A_TARGET_GENES	-1.610	-0.796	-1.143	-1.610	4.902	5.480	1.350	-1.143	-1.610	-1.610	-0.356
ATF_B ATF_B	-0.976	0.326	0.829	2.371	0.678	-7.934	-3.492	1.185	0.998	0.678	-0.373
ZNF532_TARGET_GENES ZNF532_TARGET_GENES	-1.782	3.831	2.807	0.440	-2.652	-2.652	-0.526	0.440	0.440	0.440	-1.786
NR1D1_TARGET_GENES NR1D1_TARGET_GENES	0.272	1.923	2.584	3.336	-3.862	-3.048	-0.865	0.272	0.272	-0.468	-1.485
ZNF133_TARGET_GENES ZNF133_TARGET_GENES	-0.757	1.226	1.016	0.660	-1.540	-4.187	-3.454	1.457	3.623	0.388	-0.761
ZNF704_TARGET_GENES ZNF704_TARGET_GENES	-0.344	2.289	0.876	0.422	-2.693	-2.693	-1.817	2.739	1.168	-0.546	-1.243
PAX8_TARGET_GENES PAX8_TARGET_GENES	-1.004	0.807	3.202	0.278	-1.390	-3.565	-2.582	1.988	0.596	0.596	-0.491
THRA_TARGET_GENES THRA_TARGET_GENES	0.543	0.543	1.426	-0.478	-2.068	-3.443	-2.668	0.543	3.980	0.722	-0.670
GGGNNTTTCC_NFKB_Q6_01 GGGNNTTTCC_NFKB_Q6_01	0.351	0.351	-1.460	-0.362	0.351	-4.400	-2.859	2.661	1.219	2.329	-0.364
ZNF165_TARGET_GENES ZNF165_TARGET_GENES	-1.224	-0.255	1.902	1.556	-2.361	-3.316	-1.224	2.281	0.725	-0.864	0.721
CAGNWMCNNNGAC_UNKNOWN CAGNWMCNNNGAC_UNKNOWN	0.405	0.267	-1.028	-0.730	5.123	-3.607	-1.418	0.405	1.023	-1.028	0.780
GATGKMRGCG_UNKNOWN GATGKMRGCG_UNKNOWN	-0.359	-0.565	1.132	2.673	-1.270	-2.735	-1.270	2.673	0.604	-0.359	-1.273
HOX13_01 HOX13_01	-1.123	0.958	0.226	-1.123	1.737	-1.864	-1.864	0.226	2.205	0.958	-0.677
SIPA1_TARGET_GENES SIPA1_TARGET_GENES	-0.867	-0.266	3.176	1.150	-3.254	-2.663	-0.370	0.760	0.339	0.944	-0.505
BCL6B_TARGET_GENES BCL6B_TARGET_GENES	-0.355	1.780	0.738	1.534	-2.769	-2.769	-1.008	2.045	-0.474	0.588	-0.801
ZNF585B_TARGET_GENES ZNF585B_TARGET_GENES	0.311	-0.411	0.579	1.411	-1.658	-2.633	-1.658	1.166	1.679	1.411	-1.302
TERF2_TARGET_GENES TERF2_TARGET_GENES	-0.525	0.955	-0.384	1.666	-1.896	-2.362	-1.508	0.955	1.666	1.169	-0.924
FOXD3_TARGET_GENES FOXD3_TARGET_GENES	0.403	-0.430	-1.449	1.933	-0.430	-1.449	-1.449	1.933	0.403	0.680	-0.431
MED16_TARGET_GENES MED16_TARGET_GENES	0.684	-0.373	0.431	0.998	-1.823	-1.823	0.998	-0.650	0.431	1.371	-1.092
PTPRA_TARGET_GENES PTPRA_TARGET_GENES	0.311	2.285	0.946	1.166	-1.297	-1.658	-2.098	0.433	0.946	-1.001	-0.414
THRAP3_TARGET_GENES THRAP3_TARGET_GENES	-0.609	1.877	0.928	0.928	-1.201	-1.201	-1.201	0.572	-0.299	-0.609	0.571
