GO	[-4.93 -0.53]	[-0.53 -0.25]	[-0.25 -0.13]	[-0.13 -0.04]	[-0.04 0.00]	[0.00 0.04]	[0.04 0.14]	[0.14 0.28]	[0.28 0.55]	[0.55 1.08]	[1.08 6.79]
CTIP_DN.V1_UP CTIP_DN.V1_UP	2.468	-0.694	-5.122	-3.993	0.831	1.278	-0.365	-1.991	0.354	-0.365	4.001
KRAS.LUNG.BREAST_UP.V1_UP KRAS.LUNG.BREAST_UP.V1_UP	2.386	-0.352	-4.380	-0.656	0.646	2.068	-2.283	-2.283	-0.868	0.646	2.706
KRAS.LUNG_UP.V1_UP KRAS.LUNG_UP.V1_UP	2.769	-0.641	-2.807	-2.807	1.049	1.049	-1.797	-0.850	0.264	1.278	1.039
KRAS.LUNG.BREAST_UP.V1_DN KRAS.LUNG.BREAST_UP.V1_DN	2.814	0.864	-2.774	-0.626	-2.224	3.182	-1.086	-0.832	-0.331	-0.626	1.062
IL15_UP.V1_DN IL15_UP.V1_DN	2.662	-1.158	-0.928	-5.059	0.487	0.772	-1.158	-0.571	1.342	0.277	1.556
KRAS.KIDNEY_UP.V1_UP KRAS.KIDNEY_UP.V1_UP	2.553	-1.539	-1.539	-1.539	-0.539	2.553	-0.942	-1.212	-0.942	1.150	2.213
ALK_DN.V1_DN ALK_DN.V1_DN	2.181	-0.448	-0.814	-3.414	-1.065	0.534	-1.065	-0.448	-0.448	1.332	2.842
KRAS.300_UP.V1_DN KRAS.300_UP.V1_DN	3.465	0.646	-1.127	-0.352	0.362	1.773	-1.443	-1.824	-1.127	-0.656	0.639
ATF2_UP.V1_UP ATF2_UP.V1_UP	2.195	-0.491	-3.177	0.327	0.553	1.228	-1.013	-1.535	-0.373	0.431	1.020
