GO	[-6.85 -0.64]	[-0.64 -0.29]	[-0.29 -0.12]	[-0.12 0.00]	[0.00 0.00]	[0.00 0.00]	[0.00 0.07]	[0.07 0.24]	[0.24 0.54]	[0.54 1.07]	[1.07 24.36]
SGCGSSAAA_E2F1DP2_01 SGCGSSAAA_E2F1DP2_01	-2.828	3.908	5.094	8.913	-5.762	-4.808	-1.597	-0.497	0.871	-2.354	-1.954
TOX4_TARGET_GENES TOX4_TARGET_GENES	-1.744	1.017	5.549	2.693	-6.588	-7.893	-0.361	4.747	1.017	-2.940	-2.097
SETBP1_TARGET_GENES SETBP1_TARGET_GENES	-1.094	1.115	5.013	5.013	-5.400	-7.684	-1.634	2.575	1.533	-2.354	-2.362
TMTCGCGANR_UNKNOWN TMTCGCGANR_UNKNOWN	-3.286	0.602	6.624	4.057	-6.892	-6.892	0.355	2.668	-0.346	-0.781	-1.537
ZBED4_TARGET_GENES ZBED4_TARGET_GENES	-0.843	1.694	3.860	1.694	-7.059	-5.801	-1.620	3.860	1.694	-0.843	-2.866
GGCNKCCATNK_UNKNOWN GGCNKCCATNK_UNKNOWN	-1.505	0.376	3.283	7.086	-5.020	-3.900	-0.482	3.283	-0.343	-3.900	-1.167
SREBP1_01 SREBP1_01	-2.490	-1.711	4.035	5.648	-4.204	-4.204	-0.318	2.095	3.322	-1.400	-2.499
GCGNNANTTCC_UNKNOWN GCGNNANTTCC_UNKNOWN	-1.252	0.991	3.875	2.045	-5.186	-5.186	-0.272	0.991	3.078	-0.961	-4.062
KCCGNSWTTT_UNKNOWN KCCGNSWTTT_UNKNOWN	-2.037	1.458	1.458	4.509	-4.479	-4.479	0.952	3.183	-0.888	-2.037	-1.193
AAGWWRNYGGC_UNKNOWN AAGWWRNYGGC_UNKNOWN	-0.676	0.662	3.231	4.494	-5.061	-5.061	1.850	0.365	0.365	-2.474	-1.536
GGAANCGGAANY_UNKNOWN GGAANCGGAANY_UNKNOWN	-3.481	1.679	4.848	1.679	-4.562	-3.481	0.380	1.679	0.527	-0.684	-2.708
ZBTB5_TARGET_GENES ZBTB5_TARGET_GENES	-2.713	0.987	1.177	4.390	-6.273	-6.273	-0.512	2.113	0.309	0.987	-0.394
E2F_Q2 E2F_Q2	-2.657	1.911	1.433	3.751	-3.156	-6.194	-0.277	4.492	-0.490	-0.804	-1.253
DNMT1_TARGET_GENES DNMT1_TARGET_GENES	-0.760	0.902	6.344	2.001	-4.308	-5.103	-0.760	1.507	0.591	-0.457	-2.582
ZNF667_TARGET_GENES ZNF667_TARGET_GENES	-1.804	2.115	5.071	1.568	-3.321	-4.942	0.320	2.115	0.320	-1.804	-1.810
HOXA7_TARGET_GENES HOXA7_TARGET_GENES	-0.417	0.983	3.153	2.411	-4.812	-3.709	-0.581	2.770	0.594	-1.785	-2.291
IRX2_TARGET_GENES IRX2_TARGET_GENES	-3.096	0.310	0.417	3.980	-5.409	-3.096	-0.292	3.605	1.996	-0.292	-1.127
HOXD11_TARGET_GENES HOXD11_TARGET_GENES	-1.131	0.583	1.351	1.597	-4.903	-4.007	-0.681	4.698	1.597	0.329	-2.701
MCM3_TARGET_GENES MCM3_TARGET_GENES	-3.400	1.249	1.932	3.741	-4.691	-3.400	0.458	1.687	1.249	-0.741	-1.706
ZNF622_TARGET_GENES ZNF622_TARGET_GENES	-2.818	0.560	5.809	0.560	-2.818	-2.818	0.373	0.560	2.119	-1.331	-1.334
NR1D1_TARGET_GENES NR1D1_TARGET_GENES	-1.140	0.530	1.628	3.745	-3.048	-3.862	-1.480	3.336	0.892	0.272	-3.055
ZZZ3_TARGET_GENES ZZZ3_TARGET_GENES	-1.162	1.328	2.539	0.870	-3.900	-3.900	-0.343	2.539	2.539	-1.505	-2.448
CREB3L2_TARGET_GENES CREB3L2_TARGET_GENES	-1.737	2.167	2.167	2.493	-4.246	-4.246	-0.321	2.167	0.533	-0.609	-2.191
ZMYM2_TARGET_GENES ZMYM2_TARGET_GENES	-1.633	-0.399	2.667	2.326	-4.092	-5.227	0.968	2.326	-0.282	-0.282	-0.746
GTF3A_TARGET_GENES GTF3A_TARGET_GENES	-2.251	-1.610	-0.796	-0.540	6.086	4.902	0.578	-0.796	-1.143	-2.251	-0.356
HOXC13_TARGET_GENES HOXC13_TARGET_GENES	-1.455	1.661	4.238	0.914	-4.936	-3.013	-0.628	0.717	1.661	-1.119	-0.631
RUVBL1_TARGET_GENES RUVBL1_TARGET_GENES	-1.008	0.552	3.072	2.458	-3.735	-4.412	-0.277	3.072	0.552	-1.247	-1.253
CCGNMNNTNACG_UNKNOWN CCGNMNNTNACG_UNKNOWN	-1.197	1.596	1.596	2.752	-2.324	-3.275	-0.244	1.278	0.995	-3.275	-1.200
GGCNNMSMYNTTG_UNKNOWN GGCNNMSMYNTTG_UNKNOWN	-1.547	-0.505	1.427	3.986	-2.178	-3.108	0.277	3.003	0.620	-0.752	-2.183
MXD1_TARGET_GENES MXD1_TARGET_GENES	-1.315	0.935	3.430	1.133	-2.971	-4.333	1.591	1.850	-0.357	-0.634	-2.015
TSHZ1_TARGET_GENES TSHZ1_TARGET_GENES	-0.462	1.036	3.036	3.036	-3.431	-4.726	-0.944	0.862	0.862	-0.352	-1.728
PPARGC1A_TARGET_GENES PPARGC1A_TARGET_GENES	-1.005	0.921	1.740	4.116	-4.147	-2.362	-0.360	1.165	0.524	-2.362	-0.523
MYBL1_TARGET_GENES MYBL1_TARGET_GENES	-0.561	1.439	2.419	1.234	-3.709	-4.328	-1.608	2.419	1.439	-0.887	-0.715
ACTWSNACTNY_UNKNOWN ACTWSNACTNY_UNKNOWN	-0.868	0.576	2.839	1.491	-4.438	-3.368	1.491	1.789	-0.633	-1.165	-0.636
RRCCGTTA_UNKNOWN RRCCGTTA_UNKNOWN	-1.052	1.264	2.656	4.508	-3.648	-1.052	-1.052	0.760	0.257	-1.447	-1.451
ATGGYGGA_UNKNOWN ATGGYGGA_UNKNOWN	-1.118	1.559	2.199	3.353	-1.946	-4.354	-0.424	1.028	0.447	-1.485	-1.122
TNCATNTCCYR_UNKNOWN TNCATNTCCYR_UNKNOWN	-0.686	1.435	2.290	1.698	-2.892	-3.577	-0.901	2.618	0.782	-0.686	-2.339
PCGF6_TARGET_GENES PCGF6_TARGET_GENES	-0.909	0.373	3.504	1.728	-2.818	-2.818	-0.240	1.728	0.560	-0.909	-1.929
TAANNYSGCG_UNKNOWN TAANNYSGCG_UNKNOWN	-0.910	0.326	0.679	4.469	-2.434	-3.399	-0.426	3.466	-0.910	-0.426	-0.635
MYC_Q2 MYC_Q2	-1.363	1.508	2.839	1.741	-3.931	-3.931	-0.326	1.741	-0.431	0.480	-1.117
UBE2I_TARGET_GENES UBE2I_TARGET_GENES	-0.959	-0.263	0.998	2.872	-2.901	-1.997	-1.392	4.986	-0.263	-0.646	-0.649
CGTSACG_PAX3_B CGTSACG_PAX3_B	-0.902	-0.391	3.085	3.825	-4.043	-3.321	-0.696	1.104	0.433	0.320	-0.699
E2F_01 E2F_01	-1.925	0.790	2.546	5.187	-2.818	-1.331	-1.331	-0.240	-0.240	-0.240	-0.912
GGAMTNNNNNTCCY_UNKNOWN GGAMTNNNNNTCCY_UNKNOWN	-1.430	2.676	2.325	2.325	-1.841	-3.786	-0.442	1.164	-0.311	-0.612	-1.846
ZBTB1_TARGET_GENES ZBTB1_TARGET_GENES	-1.729	0.467	2.501	1.032	-3.633	-2.840	0.333	1.543	2.157	-0.392	-1.735
GKCGCNNNNNNNTGAYG_UNKNOWN GKCGCNNNNNNNTGAYG_UNKNOWN	-0.470	2.540	1.004	3.023	-2.528	-2.528	-0.470	0.316	0.316	-0.287	-2.532
AACWWCAANK_UNKNOWN AACWWCAANK_UNKNOWN	-1.753	1.150	2.827	0.944	-3.254	-4.864	-0.370	0.760	0.944	0.598	-0.505
EGR2_01 EGR2_01	-1.587	0.892	2.452	0.474	-4.294	-4.294	-0.427	1.462	1.256	-0.325	0.731
HEN1_02 HEN1_02	-0.585	0.843	0.843	0.843	-5.961	-3.229	-0.917	1.842	-0.456	1.842	0.838
STTTCRNTTT_IRF_Q6 STTTCRNTTT_IRF_Q6	-0.361	2.404	0.846	-0.960	-4.063	-4.762	0.334	1.206	2.131	-0.270	-0.273
PPARA_TARGET_GENES PPARA_TARGET_GENES	-0.585	1.097	3.079	3.079	-2.776	-1.300	-0.884	0.239	0.818	-1.300	-1.893
ETF_Q6 ETF_Q6	-1.097	1.998	1.164	0.937	-3.786	-2.347	0.413	3.445	-0.311	-1.841	-0.445
MAZ_Q6 MAZ_Q6	-0.783	0.678	1.609	2.657	-4.797	-3.492	-0.278	2.101	0.426	-0.620	-0.486
KDM1B_TARGET_GENES KDM1B_TARGET_GENES	0.372	1.165	2.071	3.657	-3.104	-2.362	0.921	-0.360	-0.732	-1.796	-1.009
ZNF532_TARGET_GENES ZNF532_TARGET_GENES	-0.810	1.206	1.206	0.651	-2.652	-2.652	-0.810	2.349	1.929	-1.210	-0.812
ZNF133_TARGET_GENES ZNF133_TARGET_GENES	-0.757	-0.435	2.270	0.660	-4.187	-3.454	-1.232	2.270	1.016	0.660	0.510
HDAC8_TARGET_GENES HDAC8_TARGET_GENES	-0.812	1.091	0.695	2.493	-3.399	-4.246	-0.321	1.091	1.091	-1.366	0.530
YBX3_TARGET_GENES YBX3_TARGET_GENES	-1.430	0.945	2.543	0.945	-2.237	-2.237	1.275	0.259	0.664	-0.348	-2.241
AHRARNT_01 AHRARNT_01	0.274	-0.453	1.749	-1.315	-4.709	-2.542	0.381	1.247	3.366	0.274	0.272
YGCANTGCR_UNKNOWN YGCANTGCR_UNKNOWN	-2.098	0.750	1.971	2.622	-3.293	-2.633	-1.001	1.411	0.433	-0.565	0.576
BCL6B_TARGET_GENES BCL6B_TARGET_GENES	0.908	0.908	0.346	2.949	-4.735	-3.963	0.457	0.908	-0.261	-0.474	-0.477
ZNF547_TARGET_GENES ZNF547_TARGET_GENES	-0.973	0.388	1.457	2.270	-5.097	-2.337	1.226	0.284	1.457	-0.435	-0.761
ZNF584_TARGET_GENES ZNF584_TARGET_GENES	-0.411	0.389	1.796	0.950	-5.363	-3.278	-0.411	2.051	0.950	-0.535	0.386
AACYNNNNTTCCS_UNKNOWN AACYNNNNTTCCS_UNKNOWN	-0.250	2.028	1.136	1.136	-3.141	-4.188	-0.372	0.687	1.136	-1.027	-0.539
ZNF669_TARGET_GENES ZNF669_TARGET_GENES	0.273	-0.331	4.372	-0.331	-2.762	-2.762	-0.624	1.830	0.384	1.068	-1.769
RBM15_TARGET_GENES RBM15_TARGET_GENES	-1.703	2.260	0.986	2.577	-2.602	-2.602	0.359	0.796	0.986	-0.636	-1.709
GCGSCMNTTT_UNKNOWN GCGSCMNTTT_UNKNOWN	-0.667	0.500	1.592	4.322	-2.942	-2.033	-0.275	0.713	0.328	-1.423	-0.669
GGGNRMNNYCAT_UNKNOWN GGGNRMNNYCAT_UNKNOWN	-2.471	3.398	-0.442	2.522	-2.471	-1.306	-0.289	0.883	0.314	0.467	-1.310
CHAF1A_TARGET_GENES CHAF1A_TARGET_GENES	-1.276	0.412	1.255	0.771	-2.261	-2.261	0.998	2.577	0.998	-0.324	-2.997
RACTNNRTTTNC_UNKNOWN RACTNNRTTTNC_UNKNOWN	-0.777	0.420	3.309	0.731	-1.684	-4.169	-0.580	1.647	1.382	-0.580	-1.025
GATGKMRGCG_UNKNOWN GATGKMRGCG_UNKNOWN	-1.270	1.132	1.459	4.209	-2.735	-1.853	0.405	-0.359	0.250	-0.565	-0.861
CREBP1_01 CREBP1_01	-0.524	1.156	0.799	1.824	-3.247	-5.326	-0.301	0.301	1.361	-0.301	0.511
KTGGYRSGAA_UNKNOWN KTGGYRSGAA_UNKNOWN	-0.540	-0.354	1.350	4.351	-3.191	-2.251	-0.796	-0.354	0.798	0.397	-0.356
ACAWNRNSRCGG_UNKNOWN ACAWNRNSRCGG_UNKNOWN	-1.782	0.275	0.907	4.990	-2.652	-1.210	0.651	0.651	-0.329	-0.526	-0.812
TBX1_TARGET_GENES TBX1_TARGET_GENES	-0.713	1.293	0.370	2.257	-2.826	-2.826	-0.326	2.839	0.752	-0.431	-1.662
RAX2_TARGET_GENES RAX2_TARGET_GENES	-1.392	0.519	0.519	4.411	-1.392	-2.901	0.519	0.342	-0.421	0.998	-1.396
CCTNTMAGA_UNKNOWN CCTNTMAGA_UNKNOWN	-2.302	1.730	0.999	-0.256	-3.541	-2.302	-0.498	2.019	0.478	0.999	0.349
DROSHA_TARGET_GENES DROSHA_TARGET_GENES	-0.240	-0.389	1.376	-0.240	-2.818	-1.925	-1.331	1.728	3.008	0.373	-0.912
TAXCREB_01 TAXCREB_01	-0.995	-2.004	2.413	1.813	-3.056	-1.605	-0.579	1.545	1.074	-0.429	0.534
KMCATNNWGGA_UNKNOWN KMCATNNWGGA_UNKNOWN	0.290	0.290	1.579	1.579	-2.228	-2.954	0.594	2.250	0.426	-1.678	-1.254
CTR9_TARGET_GENES CTR9_TARGET_GENES	0.288	0.676	0.938	0.459	-2.610	-2.610	-0.507	3.380	0.676	-0.507	-1.183
ATF6_01 ATF6_01	0.321	-1.633	1.440	0.446	-5.227	-0.981	-0.399	1.192	0.769	1.712	-0.402
WCTCNATGGY_UNKNOWN WCTCNATGGY_UNKNOWN	-1.801	1.440	0.883	1.440	-1.306	-3.441	-0.651	1.144	1.440	-0.933	-0.290
SOX11_TARGET_GENES SOX11_TARGET_GENES	-1.090	-0.373	0.684	4.008	-1.823	-1.823	-0.373	0.684	1.371	-0.373	-1.092
ZNF704_TARGET_GENES ZNF704_TARGET_GENES	-0.344	1.168	1.502	1.876	-2.693	-2.693	-0.344	0.876	0.422	-0.546	-1.243
ARHGAP35_TARGET_GENES ARHGAP35_TARGET_GENES	0.291	0.736	0.736	1.998	-3.786	-3.786	0.736	0.561	0.736	-0.311	-0.831
SMARCA1_TARGET_GENES SMARCA1_TARGET_GENES	0.464	0.464	2.290	0.782	-3.577	-2.332	-0.373	1.983	0.612	-0.373	-1.875
ADNP_TARGET_GENES ADNP_TARGET_GENES	-0.896	2.680	1.616	-0.896	-1.225	-2.916	-1.225	1.052	1.616	0.441	-0.899
HEN1_01 HEN1_01	-0.350	-0.350	0.693	1.010	-5.115	-2.337	-0.917	0.843	0.843	2.355	0.439
ZNF623_TARGET_GENES ZNF623_TARGET_GENES	-1.225	0.301	1.052	1.052	-1.648	-2.916	-0.301	1.616	3.090	-1.225	-0.643
ZNF746_TARGET_GENES ZNF746_TARGET_GENES	-0.540	0.397	0.254	0.397	-3.191	-1.610	0.397	3.830	1.350	-1.610	0.252
CCCNNNNNNAAGWT_UNKNOWN CCCNNNNNNAAGWT_UNKNOWN	-1.458	-0.280	1.905	1.054	-2.497	-1.916	0.630	1.905	1.593	-1.095	-1.099
RPA1_TARGET_GENES RPA1_TARGET_GENES	0.233	0.397	2.895	1.957	-2.320	-2.320	-0.976	-0.381	0.877	-0.622	-0.383
YTCCCRNNAGGY_UNKNOWN YTCCCRNNAGGY_UNKNOWN	0.446	1.815	1.815	0.878	-1.516	-2.142	-0.488	2.200	-1.063	-1.063	-1.520
COBLL1_TARGET_GENES COBLL1_TARGET_GENES	-0.867	1.150	0.944	2.497	-3.254	-2.663	0.760	0.457	0.944	-0.370	-1.409
ZNF595_TARGET_GENES ZNF595_TARGET_GENES	-1.076	0.968	1.232	1.232	-2.693	-1.996	-0.537	0.737	2.601	-1.475	-0.365
ZNF165_TARGET_GENES ZNF165_TARGET_GENES	-0.595	-0.595	1.556	1.556	-2.361	-3.316	-0.864	1.556	-0.255	0.725	0.518
ZSCAN5C_TARGET_GENES ZSCAN5C_TARGET_GENES	0.760	1.150	1.377	2.186	-2.169	-3.254	-0.867	1.150	0.339	-0.666	-1.409
GGCNRNWCTTYS_UNKNOWN GGCNRNWCTTYS_UNKNOWN	-1.866	0.290	2.415	1.082	-0.980	-2.545	0.435	1.685	1.082	-1.362	-0.983
MIF1_01 MIF1_01	0.399	2.647	2.356	-0.301	-3.247	-2.741	-0.672	0.799	0.648	-0.850	-0.404
THRA_TARGET_GENES THRA_TARGET_GENES	-1.592	0.393	2.031	0.928	-2.668	-2.068	-1.592	0.928	1.715	0.271	0.540
CCAWNWWNNNGGC_UNKNOWN CCAWNWWNNNGGC_UNKNOWN	-0.505	0.577	2.312	2.312	-3.607	-1.418	0.267	-0.338	0.577	0.267	-1.422
CYTAGCAAY_UNKNOWN CYTAGCAAY_UNKNOWN	-0.566	2.620	2.306	0.292	-3.421	-1.880	0.527	0.676	0.527	-1.517	-0.426
PAX3_B PAX3_B	-1.125	0.693	0.915	0.915	-1.532	-2.062	-2.062	1.772	-1.125	2.119	0.502
CGGAARNGGCNG_UNKNOWN CGGAARNGGCNG_UNKNOWN	-0.976	0.397	0.397	0.877	-2.320	-2.320	1.191	1.551	1.551	-0.622	-0.979
KRCTCNNNNMANAGC_UNKNOWN KRCTCNNNNMANAGC_UNKNOWN	-0.359	2.231	3.663	-0.359	-2.735	-1.270	-0.565	0.405	-0.859	-0.565	0.403
SIPA1_TARGET_GENES SIPA1_TARGET_GENES	-2.169	0.457	1.150	1.377	-2.169	-1.404	0.339	2.497	1.377	-0.867	-1.116
CCAATNNSNNNGCG_UNKNOWN CCAATNNSNNNGCG_UNKNOWN	0.331	0.756	1.368	1.039	-2.486	-2.486	-0.714	1.739	-0.714	0.520	-0.716
PAX8_TARGET_GENES PAX8_TARGET_GENES	-0.325	0.420	0.807	1.988	-3.565	-2.582	-0.710	0.278	0.807	-0.325	1.048
XBP1_01 XBP1_01	-0.686	0.341	0.612	0.464	-4.438	-1.484	0.464	3.337	-0.373	0.977	-0.514
YYCATTCAWW_UNKNOWN YYCATTCAWW_UNKNOWN	-1.484	0.416	0.980	0.531	-2.997	-2.997	-0.285	1.164	1.366	-0.379	1.576
ZNF677_TARGET_GENES ZNF677_TARGET_GENES	-0.639	0.840	1.522	1.044	-2.243	-2.243	0.840	1.044	1.044	-0.639	-2.250
PAF1_TARGET_GENES PAF1_TARGET_GENES	-0.774	0.599	2.096	1.724	-1.579	-3.150	0.265	0.824	0.265	0.265	-1.120
ATCMNTCCGY_UNKNOWN ATCMNTCCGY_UNKNOWN	-0.534	1.017	0.477	5.049	-0.864	-1.361	-0.864	0.287	0.477	-0.864	-1.364
EGR3_01 EGR3_01	-2.434	0.484	2.179	0.910	-1.769	-2.434	-0.632	0.484	0.910	0.484	0.482
TRIP13_TARGET_GENES TRIP13_TARGET_GENES	-0.917	2.628	-0.312	0.290	-2.954	-1.250	-0.917	0.426	1.579	1.579	-0.661
AAANWWTGC_UNKNOWN AAANWWTGC_UNKNOWN	0.623	3.118	0.496	-0.842	-2.212	-3.616	-0.309	-0.407	0.927	0.927	-0.311
CAVIN1_TARGET_GENES CAVIN1_TARGET_GENES	0.376	-0.363	-0.537	1.528	-3.690	-1.475	0.376	1.856	0.737	-1.076	0.734
MCM2_TARGET_GENES MCM2_TARGET_GENES	-0.300	1.640	1.284	0.971	-2.569	-1.711	-0.488	1.284	0.478	-0.761	-1.154
IRF2_01 IRF2_01	0.420	1.935	0.420	-0.301	-2.665	-2.665	-0.423	0.563	1.935	0.731	-1.325
PPARA_02 PPARA_02	-0.473	1.044	1.044	0.505	-4.323	-2.243	0.373	1.272	0.373	-0.639	0.836
GTTGNYNNRGNAAC_UNKNOWN GTTGNYNNRGNAAC_UNKNOWN	-0.334	-0.334	0.543	-0.334	-4.521	-2.068	1.163	0.928	0.928	0.543	0.540
STAT1_01 STAT1_01	-0.405	0.764	1.030	2.484	-1.961	-2.859	-0.251	0.539	0.539	-0.934	-0.407
ZNF585B_TARGET_GENES ZNF585B_TARGET_GENES	-0.760	0.750	0.946	2.622	-2.098	-3.293	0.311	-0.291	1.166	-0.291	-0.568
MCAATNNNNNGCG_UNKNOWN MCAATNNNNNGCG_UNKNOWN	0.451	-0.457	1.113	0.451	-2.508	-2.508	0.301	2.885	0.636	-0.956	-0.302
ZSCAN23_TARGET_GENES ZSCAN23_TARGET_GENES	0.435	0.290	2.415	1.367	-1.866	-2.545	-0.980	1.082	0.290	-0.980	0.288
GTTNYYNNGGTNA_UNKNOWN GTTNYYNNGGTNA_UNKNOWN	0.390	1.566	0.257	1.264	-2.656	-2.656	0.558	0.558	0.390	0.558	-1.451
GGGNNTTTCC_NFKB_Q6_01 GGGNNTTTCC_NFKB_Q6_01	-0.256	0.478	-0.256	0.628	-2.859	-2.859	-1.144	0.628	2.019	0.628	0.994
GATA2_01 GATA2_01	-1.118	0.611	1.865	1.559	-1.118	-3.292	-0.600	0.611	0.312	1.028	-0.831
FOXD3_TARGET_GENES FOXD3_TARGET_GENES	-1.449	-0.430	2.478	1.030	-1.449	-1.449	-0.218	1.030	0.403	-0.430	-0.219
RBL1_TARGET_GENES RBL1_TARGET_GENES	0.352	0.352	2.001	2.485	-0.451	-1.988	-1.224	0.352	-1.224	0.352	-0.757
SNACANNNYSYAGA_UNKNOWN SNACANNNYSYAGA_UNKNOWN	-0.446	0.817	1.052	0.613	-2.916	-1.648	0.613	1.319	1.319	-0.896	-1.229
PAX5_01 PAX5_01	0.259	0.259	-0.348	0.954	-1.294	-4.296	0.614	1.620	1.378	0.475	-1.033
PHB2_TARGET_GENES PHB2_TARGET_GENES	0.396	2.274	1.124	0.782	-1.833	-2.187	0.508	-0.516	1.124	-0.398	-2.195
ZNF37A_TARGET_GENES ZNF37A_TARGET_GENES	-0.648	-0.367	1.327	0.585	-1.657	-4.369	0.338	0.585	0.451	1.819	0.335
TFCP2_TARGET_GENES TFCP2_TARGET_GENES	-1.063	1.153	3.070	1.153	-1.516	-2.142	0.289	0.446	-0.488	-0.731	-0.315
RTTTNNNYTGGM_UNKNOWN RTTTNNNYTGGM_UNKNOWN	1.591	-2.009	0.347	0.347	-3.589	-1.046	-0.481	0.757	0.757	1.133	0.752
NME2_TARGET_GENES NME2_TARGET_GENES	0.764	-0.405	0.539	-1.961	-0.405	-2.859	0.539	-0.626	0.357	0.539	2.478
NKX22_01 NKX22_01	-0.632	0.664	0.531	-0.494	-3.523	-2.138	-0.285	0.813	1.584	-0.285	1.810
ZNF708_TARGET_GENES ZNF708_TARGET_GENES	-2.916	-0.446	1.616	0.613	-0.641	-1.648	0.301	0.441	2.680	-0.301	-0.448
RUVBL2_TARGET_GENES RUVBL2_TARGET_GENES	-0.500	-0.266	1.278	3.391	-1.574	-0.892	-0.266	-0.266	0.898	-0.892	-0.894
CDH4_TARGET_GENES CDH4_TARGET_GENES	-0.956	-0.301	2.081	0.636	-1.334	-3.482	0.451	0.636	-0.301	0.857	0.300
TTCNRGNNNNTTC_HSF_Q6 TTCNRGNNNNTTC_HSF_Q6	-1.028	0.614	0.357	2.464	-1.610	-1.610	0.259	1.620	1.378	-1.028	-1.033
AR_01 AR_01	-1.379	-0.284	0.707	0.877	-0.677	-3.691	-0.677	0.319	0.707	2.624	0.425
GTCNYYATGR_UNKNOWN GTCNYYATGR_UNKNOWN	-0.321	1.960	-1.119	1.387	-1.455	-2.379	-0.846	0.282	1.960	0.282	0.280
TGASTMAGC_NFE2_01 TGASTMAGC_NFE2_01	-0.671	0.927	0.387	0.927	-2.619	-3.616	0.293	0.293	0.927	1.104	0.619
ALX4_TARGET_GENES ALX4_TARGET_GENES	-0.363	1.184	1.647	0.247	-1.325	-0.363	-1.325	1.647	0.247	-1.325	-0.364
GGCKCATGS_UNKNOWN GGCKCATGS_UNKNOWN	-1.331	-0.240	2.546	-0.389	-1.925	-0.909	-0.909	2.119	0.790	-0.240	-0.241
HOXC11_TARGET_GENES HOXC11_TARGET_GENES	0.259	0.259	1.653	0.945	-1.430	-2.237	-0.577	0.435	1.275	0.435	-1.433
DICER1_TARGET_GENES DICER1_TARGET_GENES	-1.392	-0.263	1.636	0.998	-1.392	-1.997	-0.959	0.519	0.738	1.636	-0.423
MSX1_01 MSX1_01	-0.569	-0.924	-0.731	0.618	-1.734	0.277	-2.097	0.618	2.950	0.277	1.794
CRGAARNNNNCGA_UNKNOWN CRGAARNNNNCGA_UNKNOWN	-0.755	0.352	1.180	1.565	-1.224	-1.988	0.352	1.565	0.352	-1.224	-0.452
HNF3_Q6 HNF3_Q6	0.416	0.317	-2.138	0.317	-1.788	-1.220	-0.992	0.416	2.070	1.819	0.974
AR_03 AR_03	-0.416	0.363	1.845	0.564	-1.570	-2.403	-1.034	0.814	-0.416	1.112	0.361
METHYLCYTOSINE_DIOXYGENASE_TET_UNIPROT_A0A023HHK9_UNREVIEWED_TARGET_GENES METHYLCYTOSINE_DIOXYGENASE_TET_UNIPROT_A0A023HHK9_UNREVIEWED_TARGET_GENES	-0.940	1.533	3.237	0.269	-1.442	-2.122	-0.581	0.920	0.363	-0.581	-0.338
LXR_DR4_Q3 LXR_DR4_Q3	-0.279	0.864	1.692	0.325	-1.175	-3.856	-0.418	0.325	1.109	-0.279	-0.280
MYAATNNNNNNNGGC_UNKNOWN MYAATNNNNNNNGGC_UNKNOWN	-0.368	-0.521	0.496	0.496	-1.283	-0.719	-0.969	0.860	4.705	-0.368	-1.288
ZNF41_TARGET_GENES ZNF41_TARGET_GENES	0.576	0.412	2.577	0.998	-1.276	-1.707	-0.939	0.412	0.998	-0.475	-1.712
YBX1_TARGET_GENES YBX1_TARGET_GENES	-0.327	-0.505	-0.752	1.427	-1.547	-1.547	-0.327	3.480	-0.505	0.851	-0.328
MCRS1_TARGET_GENES MCRS1_TARGET_GENES	-0.283	-0.283	1.656	0.858	-0.524	-0.925	-0.283	2.688	-0.524	-0.925	-1.618
CCAWYNNGAAR_UNKNOWN CCAWYNNGAAR_UNKNOWN	0.445	0.583	2.458	1.597	-1.426	-2.693	-0.514	0.445	0.329	-0.380	-1.136
CENPT_TARGET_GENES CENPT_TARGET_GENES	-0.277	0.679	0.679	0.910	-1.279	-2.434	0.326	2.179	0.326	-1.769	-0.279
ZNF34_TARGET_GENES ZNF34_TARGET_GENES	-1.392	0.342	0.998	0.998	-1.392	-0.959	-0.421	2.872	0.342	0.342	-1.396
GRE_C GRE_C	0.408	1.615	-0.311	1.899	-1.710	-2.697	0.713	-0.794	-0.594	0.713	-0.313
FXR_IR1_Q6 FXR_IR1_Q6	0.860	-0.252	-0.521	0.496	-0.521	-2.160	-1.674	2.970	0.664	-0.969	0.661
ZNF501_TARGET_GENES ZNF501_TARGET_GENES	-0.538	0.477	3.261	-0.176	-0.538	-0.538	-0.538	-0.176	0.968	-0.538	-0.539
YRTCANNRCGC_UNKNOWN YRTCANNRCGC_UNKNOWN	-1.782	0.907	1.929	1.206	-1.210	-0.810	0.907	0.651	-0.526	-0.810	-0.812
PTPRA_TARGET_GENES PTPRA_TARGET_GENES	-1.001	1.411	2.981	0.311	-1.297	-1.658	-0.411	1.166	-0.411	-0.291	-0.763
STAT3_02 STAT3_02	-0.527	-0.283	0.433	3.085	-1.449	-2.224	-1.151	0.568	0.725	-0.283	0.721
