GO	[-4.84 -0.50]	[-0.50 -0.28]	[-0.28 -0.16]	[-0.16 -0.06]	[-0.06 0.00]	[0.00 0.03]	[0.03 0.14]	[0.14 0.28]	[0.28 0.52]	[0.52 1.04]	[1.04 7.51]
MODULE_92 MODULE_92	0.856	-0.786	-3.106	-3.812	0.392	4.247	-3.106	-3.106	-1.300	3.075	5.103
MODULE_324 MODULE_324	0.927	0.733	-2.678	-2.678	-1.693	0.564	-2.137	-3.345	-0.581	4.159	6.538
GNF2_HCK GNF2_HCK	-2.515	-0.458	-0.672	-0.959	-1.338	-2.515	-2.515	-0.301	5.428	2.900	2.889
MODULE_180 MODULE_180	1.370	-1.264	-2.138	-2.748	-0.703	0.252	-1.653	-0.508	-0.703	1.370	9.348
MODULE_292 MODULE_292	0.365	0.365	-1.190	-2.485	-0.496	0.365	-1.190	-3.132	0.254	4.087	3.645
MODULE_80 MODULE_80	1.243	-1.285	-1.285	-1.285	-1.285	0.837	0.264	-1.285	0.837	0.264	2.878
GNF2_DNM1 GNF2_DNM1	0.520	0.520	-2.002	-2.002	-0.422	0.520	-1.395	-0.647	-0.263	1.000	3.873
GNF2_CCNA1 GNF2_CCNA1	0.423	-0.344	-0.836	-0.836	0.423	2.298	-2.699	-1.243	-0.344	0.262	2.741
MODULE_416 MODULE_416	-0.953	0.200	-0.953	-0.434	2.476	0.200	-0.953	0.457	-0.953	-0.434	2.470
