GO	[-5.59 -0.39]	[-0.39 -0.22]	[-0.22 -0.13]	[-0.13 -0.05]	[-0.05 0.00]	[0.00 0.04]	[0.04 0.13]	[0.13 0.23]	[0.23 0.45]	[0.45 0.92]	[0.92 6.96]
GNF2_KISS1 GNF2_KISS1	-0.411	-0.703	-1.908	-1.908	0.626	0.921	-1.908	-1.908	-0.411	3.804	3.194
GNF2_DNM1 GNF2_DNM1	1.642	-0.962	-0.263	-0.962	-0.962	0.342	-2.002	-2.002	-0.647	2.020	3.873
MORF_MAP2K7 MORF_MAP2K7	0.310	-1.085	-1.653	-2.907	0.310	0.840	-0.677	-1.085	0.310	2.506	3.837
GNF2_MLF1 GNF2_MLF1	1.337	-1.394	-0.711	-1.007	0.278	0.809	-0.711	-3.576	0.420	1.056	2.365
MODULE_199 MODULE_199	-0.382	-1.503	-0.623	0.397	-1.503	-2.324	0.397	-0.382	0.613	1.555	3.428
MODULE_111 MODULE_111	2.354	-0.454	-0.802	-1.038	-1.038	-1.322	-0.610	-0.802	-1.038	3.029	2.668
GNF2_HPX GNF2_HPX	2.862	-0.611	-2.196	-0.611	-0.611	0.697	-1.066	-1.373	-0.815	1.593	2.171
MODULE_316 MODULE_316	0.342	-0.263	-2.002	-0.647	-0.647	0.342	-1.395	-1.395	0.520	2.435	2.874
MODULE_455 MODULE_455	-0.283	-1.617	-1.617	0.320	-0.525	-0.283	-0.525	-0.525	0.320	2.149	2.687
