GO	[-1.51 -0.14]	[-0.14 -0.09]	[-0.09 -0.06]	[-0.06 -0.03]	[-0.03 -0.01]	[-0.01 0.02]	[0.02 0.04]	[0.04 0.07]	[0.07 0.10]	[0.10 0.14]	[0.14 1.00]
MORF_SNRP70 MORF_SNRP70	4.714	0.499	0.316	-1.123	-1.123	0.316	-0.738	-0.470	0.499	-2.532	0.493
GCM_CBFB GCM_CBFB	4.716	0.820	0.389	-1.303	-0.885	-0.374	0.239	-0.374	-0.885	-1.893	0.576
GCM_APEX1 GCM_APEX1	3.263	0.291	1.226	-2.014	-2.609	0.291	0.578	-0.311	-0.634	-0.870	0.569
GCM_CSNK2B GCM_CSNK2B	4.743	0.674	0.892	-1.566	-1.153	-0.589	0.337	-0.834	-0.268	-0.834	-0.410
MORF_G22P1 MORF_G22P1	6.179	-0.292	-0.398	-1.127	-0.891	-0.891	0.418	-0.531	-0.531	-0.292	0.303
GCM_PPP1CC GCM_PPP1CC	2.146	0.983	0.456	-1.398	-1.398	-0.893	0.272	0.272	-0.893	-0.893	1.698
MORF_CUL1 MORF_CUL1	2.685	0.406	-0.860	-0.860	0.406	-0.359	0.849	-0.566	-1.857	-1.273	1.451
GNF2_FBL GNF2_FBL	2.556	-0.539	-0.539	-0.942	-0.395	1.388	1.388	-0.395	-1.932	-1.539	0.573
MODULE_183 MODULE_183	2.359	-0.811	2.359	-1.212	0.275	0.441	-1.785	-0.527	-0.527	-0.527	0.435
