GO	[-5.84 -0.54]	[-0.54 -0.29]	[-0.29 -0.15]	[-0.15 -0.05]	[-0.05 0.00]	[0.00 0.03]	[0.03 0.14]	[0.14 0.28]	[0.28 0.55]	[0.55 1.08]	[1.08 8.49]
SGCGSSAAA_E2F1DP2_01 SGCGSSAAA_E2F1DP2_01	-1.302	2.273	3.220	1.994	1.489	-2.839	-0.648	-0.276	-0.648	-2.363	-1.973
SREBP1_01 SREBP1_01	-1.717	-2.500	1.594	2.693	0.788	-1.717	1.153	1.153	0.961	-1.405	-2.522
GGCNKCCATNK_UNKNOWN GGCNKCCATNK_UNKNOWN	-1.165	0.263	1.601	2.914	0.681	-1.930	1.333	1.090	-1.165	-3.910	-1.177
GCGNNANTTCC_UNKNOWN GCGNNANTTCC_UNKNOWN	-0.537	0.459	2.054	0.790	-0.388	-3.232	0.790	0.612	1.753	-0.963	-4.086
NRSF_01 NRSF_01	1.259	-2.997	0.280	-0.940	0.773	1.259	-1.710	-1.710	-0.677	0.773	2.566
HNF3_Q6 HNF3_Q6	0.533	-0.285	-2.147	-2.550	0.666	0.533	-3.539	0.417	1.373	1.830	0.970
GATA_Q6 GATA_Q6	0.695	-0.920	-1.376	-3.244	0.342	1.401	-1.376	1.015	0.561	-0.739	3.232
YNTTTNNNANGCARM_UNKNOWN YNTTTNNNANGCARM_UNKNOWN	-0.288	-2.072	-1.455	-0.688	-1.012	2.750	-1.455	0.315	1.226	0.938	1.215
GGAANCGGAANY_UNKNOWN GGAANCGGAANY_UNKNOWN	-2.708	1.399	1.999	1.399	-0.345	-0.685	0.703	0.381	-0.345	-0.685	-2.725
