GO	[-4.32 -0.51]	[-0.51 -0.24]	[-0.24 -0.13]	[-0.13 -0.05]	[-0.05 0.00]	[0.00 0.03]	[0.03 0.13]	[0.13 0.27]	[0.27 0.53]	[0.53 1.04]	[1.04 6.70]
MODULE_152 MODULE_152	-3.210	0.628	2.426	1.507	1.790	1.017	1.790	-1.238	-1.238	-2.556	-5.140
MODULE_183 MODULE_183	-1.825	0.422	7.592	0.877	1.170	-0.548	-0.345	0.261	-2.703	-1.825	-2.684
MODULE_29 MODULE_29	-1.162	-0.581	1.433	7.549	1.433	-0.581	-1.162	-1.162	-1.162	-1.162	-1.154
MODULE_62 MODULE_62	-2.007	0.245	3.483	1.235	1.235	0.539	2.224	-1.082	-1.483	-2.706	-3.681
MODULE_92 MODULE_92	1.086	-0.716	-3.383	-3.383	-0.293	4.214	-2.272	-0.716	-0.404	1.086	3.112
MODULE_146 MODULE_146	-0.555	-1.056	-1.867	-1.414	0.668	1.377	-1.414	-2.444	-0.260	0.874	7.282
MODULE_122 MODULE_122	1.524	-1.022	-2.048	-2.048	-0.443	-0.443	-2.048	-0.443	-0.788	3.449	5.186
MODULE_244 MODULE_244	-2.433	3.153	2.835	1.495	0.468	-2.433	0.268	0.900	-0.444	-2.039	-2.849
MODULE_324 MODULE_324	0.361	-1.132	-1.448	-2.291	1.251	0.491	-2.849	-1.132	0.255	1.773	5.253
MODULE_298 MODULE_298	-1.079	-1.079	-1.079	-0.521	3.513	3.513	-1.079	-1.079	-0.521	-0.241	0.691
MODULE_126 MODULE_126	-3.251	-0.842	7.525	0.408	-0.516	-1.052	0.992	0.408	0.408	-0.665	-1.275
MODULE_68 MODULE_68	-1.079	-1.079	-1.079	-0.521	2.796	3.513	-1.079	-1.079	-0.521	-0.241	1.099
MODULE_289 MODULE_289	1.017	-0.378	-1.593	-2.026	0.341	2.426	-2.556	-2.026	-0.378	0.809	3.594
MODULE_182 MODULE_182	-2.342	0.729	1.787	3.747	-0.988	-0.717	0.384	0.948	0.384	-2.342	-2.319
MODULE_91 MODULE_91	-0.862	-0.250	1.791	2.883	1.334	0.614	-0.250	-1.536	-1.536	-1.536	-1.525
MODULE_61 MODULE_61	-2.077	-0.286	6.785	1.097	0.521	0.317	-0.811	-0.811	-1.297	-0.811	-0.802
MODULE_219 MODULE_219	-0.551	-1.120	2.679	2.055	2.679	-0.551	-0.551	-0.551	-1.120	-1.120	-1.112
MODULE_403 MODULE_403	-1.911	1.273	1.680	1.273	-1.911	-1.160	-0.412	0.625	1.680	-1.911	-0.696
MODULE_125 MODULE_125	-1.093	4.022	1.372	1.801	0.239	-1.827	-0.374	-0.374	-0.651	-1.093	-1.815
MODULE_239 MODULE_239	-1.939	0.680	1.334	0.262	1.334	0.375	1.603	0.872	-0.664	-1.516	-5.015
MODULE_158 MODULE_158	-1.059	4.136	1.041	1.425	0.253	-1.786	-0.355	0.253	-0.626	-1.059	-1.773
MODULE_97 MODULE_97	-2.274	0.772	1.867	2.994	-0.477	-0.680	0.576	0.772	-0.325	-2.274	-2.252
MODULE_124 MODULE_124	-2.241	1.290	4.434	-0.313	0.426	-1.258	0.794	0.289	0.289	-1.258	-2.219
MODULE_28 MODULE_28	-0.703	-0.363	1.649	2.180	1.185	0.794	0.246	-1.328	-1.328	-1.328	-1.319
MODULE_261 MODULE_261	-2.342	0.948	1.787	1.477	-0.717	-0.508	0.258	1.198	0.948	-2.342	-2.319
MODULE_42 MODULE_42	-1.037	0.397	3.662	0.397	0.726	-0.492	1.149	-1.037	-1.037	-1.037	-1.030
MODULE_73 MODULE_73	-0.434	0.821	0.199	-0.954	-0.954	-0.954	0.199	-0.434	-0.954	0.199	5.825
MODULE_76 MODULE_76	1.212	-1.746	-0.616	-1.746	-0.267	1.520	-1.257	-0.616	-0.891	0.501	4.093
MODULE_180 MODULE_180	1.168	0.290	-1.854	-1.854	-0.312	-0.833	-1.104	-0.833	1.168	0.290	4.857
MODULE_274 MODULE_274	1.818	-0.428	-0.914	-1.778	-0.278	0.911	-2.446	-1.778	0.325	1.481	1.842
MODULE_277 MODULE_277	-2.286	-0.366	0.245	2.021	0.245	-0.366	2.481	0.637	0.245	-0.951	-2.270
MODULE_77 MODULE_77	-1.162	0.323	3.241	0.323	0.607	-0.280	1.433	-0.581	-1.162	-1.162	-1.154
MODULE_308 MODULE_308	-2.912	0.999	3.368	-0.649	-1.398	-0.264	1.300	-0.264	0.342	-0.423	-0.951
MODULE_96 MODULE_96	0.359	0.359	-0.862	-1.536	1.334	-0.250	-1.536	-1.536	-0.250	0.614	2.905
MODULE_22 MODULE_22	-1.126	0.409	2.729	0.959	0.409	-1.126	1.739	-0.677	-0.393	-1.126	-1.856
MODULE_323 MODULE_323	-1.096	-1.646	0.519	-0.274	-1.096	0.330	2.615	2.615	0.519	-0.716	-1.632
MODULE_315 MODULE_315	-0.705	-0.705	-0.273	-0.705	0.331	-0.705	1.822	3.365	-0.705	0.331	-0.700
MODULE_451 MODULE_451	0.230	1.131	0.452	0.230	-1.370	-0.734	-0.734	1.579	2.095	-1.370	-1.360
MODULE_433 MODULE_433	1.005	-0.740	-2.536	-1.125	-0.740	3.034	-0.740	-0.287	-0.287	0.315	1.712
MODULE_385 MODULE_385	0.607	-0.581	-1.162	-1.162	0.323	0.978	-0.581	-1.162	-0.280	-0.280	4.003
MODULE_159 MODULE_159	-2.409	0.501	0.702	1.520	0.939	-0.267	1.520	0.338	-0.413	-1.746	-2.388
MODULE_223 MODULE_223	0.509	-0.805	-3.147	-1.326	0.273	-0.612	-0.612	-0.331	0.661	2.046	3.072
MODULE_102 MODULE_102	-0.788	-0.788	2.271	1.614	1.614	-0.325	-0.325	-0.325	-0.788	-0.788	-0.782
MODULE_375 MODULE_375	1.203	-0.378	-1.106	-1.512	-0.248	2.176	-2.040	-1.512	0.362	0.362	2.203
MODULE_410 MODULE_410	0.646	-0.234	-0.830	-1.494	0.984	-0.234	-1.494	-1.494	0.380	0.646	2.413
MODULE_164 MODULE_164	0.315	-1.682	-0.471	-1.682	-0.740	2.100	-1.125	-0.287	-0.287	0.728	3.063
MODULE_109 MODULE_109	1.227	-0.284	-0.526	-1.619	0.319	0.554	-1.619	-0.927	-0.927	2.148	1.240
MODULE_79 MODULE_79	0.258	-1.335	-0.717	-0.988	-1.777	0.729	0.384	-1.335	0.541	1.198	3.788
MODULE_113 MODULE_113	0.784	-1.521	-1.989	-1.521	-0.620	1.531	-1.149	0.300	0.432	1.531	1.862
MODULE_199 MODULE_199	1.152	-0.235	-0.400	-1.540	-0.647	-1.009	-1.009	-0.235	-1.009	1.152	3.946
MODULE_321 MODULE_321	-1.685	0.355	-0.524	-1.292	-1.292	-1.292	0.355	2.991	0.355	2.254	0.507
MODULE_245 MODULE_245	-1.079	0.371	1.580	1.580	-1.079	-1.079	-0.241	0.371	1.089	-1.079	-0.516
MODULE_307 MODULE_307	-0.492	-0.492	0.397	-0.492	0.726	0.726	3.662	-1.037	-0.222	-1.037	-1.030
MODULE_259 MODULE_259	0.625	-0.228	-0.412	-1.160	-0.704	-0.704	-1.160	-0.412	-0.704	1.273	4.480
MODULE_243 MODULE_243	-1.257	0.702	0.939	2.647	-0.616	-0.267	0.702	-0.267	0.501	-1.746	-2.388
MODULE_128 MODULE_128	0.278	-1.283	-0.680	-0.944	-1.717	0.772	0.278	-1.283	0.576	1.259	3.462
MODULE_456 MODULE_456	-2.175	0.664	-0.524	0.355	-2.789	0.355	-0.253	-0.723	1.923	0.355	1.951
MODULE_170 MODULE_170	0.248	-1.361	-0.523	-1.011	-1.807	0.708	0.248	-1.011	0.524	1.168	3.723
MODULE_273 MODULE_273	-0.536	-0.317	1.764	1.764	0.721	-0.536	1.018	-0.317	-0.867	-1.366	-2.146
MODULE_108 MODULE_108	1.554	-1.505	-0.382	-1.505	-0.382	1.962	-0.980	-0.980	-0.382	0.612	1.572
MODULE_177 MODULE_177	-3.159	0.687	1.139	0.507	-0.374	-1.388	-0.251	2.777	-0.251	-0.755	-0.365
MODULE_165 MODULE_165	-2.409	0.338	-0.413	-0.616	1.212	1.212	-1.746	-0.891	-0.413	1.212	1.541
MODULE_358 MODULE_358	-2.335	0.538	1.281	0.996	-0.579	-0.244	0.366	1.281	0.749	-1.681	-1.664
MODULE_382 MODULE_382	0.607	-0.581	-0.581	-1.162	0.607	3.241	-1.162	-0.581	-0.581	0.978	-0.276
MODULE_545 MODULE_545	-0.351	-0.829	-0.351	-0.829	-0.351	3.676	-0.351	-0.351	-0.829	0.256	1.533
MODULE_424 MODULE_424	0.655	-0.746	-0.746	-0.298	-0.746	0.655	-0.746	-0.298	-0.746	1.129	2.416
MODULE_478 MODULE_478	0.279	-0.325	-0.788	-0.325	-0.788	0.608	-0.788	-0.325	-0.788	1.057	3.039
MODULE_222 MODULE_222	0.873	2.597	-0.912	-0.406	-0.912	-0.406	-0.406	1.357	-0.406	0.216	-0.906
MODULE_25 MODULE_25	-0.539	-0.177	2.371	-0.177	0.476	-0.539	1.603	-0.539	-0.539	-0.539	-0.535
MODULE_495 MODULE_495	-0.248	-0.663	-0.248	-0.663	-0.663	0.362	-0.248	-0.663	-0.248	0.762	3.578
