GO	[-6.16 -0.52]	[-0.52 -0.41]	[-0.41 -0.19]	[-0.19 -0.09]	[-0.09 -0.02]	[-0.02 0.00]	[0.00 0.08]	[0.08 0.17]	[0.17 0.32]	[0.32 0.75]	[0.75 8.56]
MORF_ANP32B MORF_ANP32B	-3.736	-4.359	1.245	2.446	2.173	-2.719	5.179	1.676	0.726	-1.340	-8.325
MORF_G22P1 MORF_G22P1	-4.160	-4.160	1.907	4.982	2.180	-0.879	1.907	1.417	0.301	-2.450	-7.222
MORF_RAD21 MORF_RAD21	-2.212	-5.209	1.469	2.519	1.251	-3.146	5.851	1.052	0.872	-1.513	-6.232
MORF_HAT1 MORF_HAT1	-2.994	-3.563	2.114	2.702	3.712	-1.720	3.359	0.635	0.285	-2.084	-7.307
MORF_CTBP1 MORF_CTBP1	-3.369	-4.799	1.519	1.519	2.938	-1.030	3.275	2.031	-0.815	-0.486	-7.053
MORF_PRKDC MORF_PRKDC	-4.090	-4.090	1.650	1.215	3.697	-2.103	4.424	1.424	0.438	-1.755	-4.832
MORF_CDC10 MORF_CDC10	-3.990	-2.676	2.204	3.578	3.969	-2.179	3.205	-0.266	-1.115	-0.870	-4.920
GNF2_DAP3 GNF2_DAP3	-4.996	-2.420	4.210	0.700	4.210	-0.867	1.637	1.637	-1.144	-2.420	-3.903
MORF_DAP3 MORF_DAP3	-3.641	-4.972	0.771	2.002	1.113	-1.555	2.266	1.755	2.843	-0.528	-6.875
MORF_RAD23B MORF_RAD23B	-2.561	-5.097	0.926	0.926	2.051	-1.449	6.039	1.545	0.476	-0.944	-6.112
MORF_PSMC1 MORF_PSMC1	-2.502	-5.623	0.558	0.558	1.650	-0.964	5.210	2.723	0.558	-0.473	-6.674
GNF2_RBBP6 GNF2_RBBP6	-2.037	-2.948	1.969	4.345	3.804	-0.668	1.264	-0.275	-2.948	-2.037	-2.965
MORF_EIF4A2 MORF_EIF4A2	-4.574	-4.574	1.615	1.893	3.600	-0.960	2.514	0.568	0.568	-1.233	-4.605
MORF_PPP1CC MORF_PPP1CC	-3.952	-3.305	0.470	1.340	4.907	-1.539	1.825	2.694	0.758	-1.883	-4.760
GNF2_RAN GNF2_RAN	-2.588	-3.574	-1.393	0.809	1.998	-0.711	6.416	2.783	-0.325	-1.393	-3.595
MODULE_92 MODULE_92	1.088	2.401	-0.713	-1.838	-4.099	7.489	-1.838	-3.371	-1.838	0.423	1.788
MORF_PPP1CA MORF_PPP1CA	-3.369	-4.799	0.895	1.083	2.315	-1.284	4.390	1.083	0.337	0.337	-5.792
MORF_RAB1A MORF_RAB1A	-3.516	-4.124	1.624	2.993	1.865	-1.777	1.194	1.865	1.400	-1.472	-4.868
MORF_NPM1 MORF_NPM1	-4.577	-2.638	1.216	0.520	3.547	-1.450	1.440	1.685	2.231	-1.165	-5.553
GCM_APEX1 GCM_APEX1	-4.745	-2.850	1.037	4.142	0.333	-1.014	1.848	0.820	1.848	-1.014	-4.772
MORF_EIF3S6 MORF_EIF3S6	-3.130	-3.130	2.513	0.853	2.176	-1.536	3.256	1.862	-0.496	-1.188	-5.109
MORF_RFC4 MORF_RFC4	-2.831	-3.439	1.494	2.028	3.709	-2.320	2.028	0.850	0.679	-1.217	-5.117
GNF2_FBL GNF2_FBL	-4.027	-2.707	2.478	1.878	1.608	-1.787	2.478	2.168	-0.380	-1.135	-4.959
MORF_DNMT1 MORF_DNMT1	-2.356	-2.356	0.291	1.705	4.338	-1.435	2.695	2.011	-0.311	-2.356	-4.940
MORF_EI24 MORF_EI24	-2.584	-3.170	0.818	0.646	3.732	-1.343	1.730	2.984	1.013	-2.584	-4.802
MORF_ACTG1 MORF_ACTG1	-5.751	-2.432	0.917	0.311	3.600	-1.233	0.917	1.615	2.855	-0.960	-3.729
GCM_MLL GCM_MLL	-2.059	-2.964	3.063	2.740	3.063	-4.195	0.649	0.806	0.649	-0.895	-4.229
GCM_ACTG1 GCM_ACTG1	-3.201	-2.547	0.473	4.405	0.473	-2.019	1.791	2.097	0.811	-0.523	-5.193
GNF2_PA2G4 GNF2_PA2G4	-2.329	-3.282	-0.243	1.603	3.218	-1.677	3.700	0.998	0.367	-1.677	-3.301
GCM_MYST2 GCM_MYST2	-3.466	-2.008	1.442	3.854	3.146	-1.084	1.222	0.537	-0.292	-0.862	-5.912
MORF_PAPSS1 MORF_PAPSS1	-4.284	-2.471	1.956	1.638	3.072	-1.436	1.347	0.478	0.650	-0.791	-4.309
MORF_MAP2K2 MORF_MAP2K2	-4.341	-3.485	0.844	1.050	1.050	-1.797	0.663	2.771	2.107	0.506	-4.370
MORF_PSMC2 MORF_PSMC2	-1.336	-2.850	1.281	1.281	2.171	-0.756	4.142	0.820	-0.392	-2.850	-4.772
MODULE_298 MODULE_298	-1.077	5.151	-0.520	-1.077	-1.077	6.068	-1.077	-1.077	-1.077	-1.077	-0.243
MORF_NME2 MORF_NME2	-2.956	-3.574	0.960	-0.348	0.778	-1.032	1.387	2.486	3.512	0.259	-5.276
MORF_PRKAR1A MORF_PRKAR1A	-2.584	-4.770	1.469	1.469	1.230	-0.818	2.316	1.730	0.646	-0.818	-4.802
GNF2_RRM1 GNF2_RRM1	-3.657	-1.969	-0.521	2.274	5.071	-1.450	1.573	0.762	0.559	-1.450	-2.681
MORF_FBL MORF_FBL	-2.013	-3.070	0.876	1.826	0.696	-1.612	2.433	1.306	1.826	-0.768	-5.868
GNF2_SMC4L1 GNF2_SMC4L1	-2.514	-1.337	-0.301	2.901	3.829	-1.838	2.481	-0.301	0.638	-1.838	-3.511
MORF_PPP2CA MORF_PPP2CA	-2.676	-2.676	2.262	2.956	1.147	-0.581	1.948	0.301	0.928	-2.676	-4.214
GNF2_EIF3S6 GNF2_EIF3S6	-3.915	-2.451	1.898	1.092	2.216	-2.451	1.604	1.898	0.682	-1.166	-3.119
MORF_PTPN11 MORF_PTPN11	-2.642	-2.642	0.956	0.561	3.206	-1.570	0.956	1.762	1.762	-1.192	-4.519
MORF_AP3D1 MORF_AP3D1	-3.414	-2.194	0.282	1.877	1.097	-0.814	4.040	2.183	0.397	-1.372	-4.292
GNF2_KPNB1 GNF2_KPNB1	-1.488	-2.110	2.692	0.909	3.154	-1.039	2.692	0.464	-1.488	-2.110	-3.049
GNF2_APEX1 GNF2_APEX1	-2.101	-2.812	1.740	0.892	4.231	-1.153	2.458	0.337	-0.589	-0.834	-3.847
MORF_ERH MORF_ERH	-2.262	-2.885	1.252	1.252	0.799	-1.361	0.799	4.078	0.799	-0.774	-4.814
GCM_DFFA GCM_DFFA	-3.343	-2.676	1.147	3.737	2.956	-0.581	1.657	0.301	-1.325	-0.423	-3.369
GCM_RAB10 GCM_RAB10	-2.033	-5.913	2.180	1.907	1.002	-1.366	2.470	0.823	0.524	-0.533	-2.964
MORF_IL4 MORF_IL4	1.598	2.651	-1.227	-3.018	-2.152	2.651	-2.556	-2.152	-0.997	1.377	2.329
GNF2_STAT6 GNF2_STAT6	-2.329	-3.282	-0.243	3.218	2.346	-1.677	0.750	1.283	0.750	-0.577	-3.301
MODULE_68 MODULE_68	-1.077	4.300	-0.520	-1.077	-1.077	6.068	-0.520	-1.077	-1.077	-1.077	-0.243
MORF_RAF1 MORF_RAF1	-2.711	-2.711	2.342	4.406	0.704	-0.345	0.381	-0.493	1.689	-1.625	-3.517
MODULE_113 MODULE_113	0.595	3.751	-2.574	-0.437	-2.574	0.595	-1.516	-1.516	-2.574	1.837	3.287
MODULE_274 MODULE_274	3.486	3.486	-0.277	-1.773	-1.773	0.681	-2.440	-1.773	-2.440	-0.427	2.168
MORF_MBD4 MORF_MBD4	-0.982	-2.551	0.617	0.617	2.427	-0.982	3.757	2.044	-0.982	-1.871	-3.553
MORF_RRM1 MORF_RRM1	-1.861	-1.861	0.669	1.997	3.128	-1.052	1.997	0.493	0.669	-2.437	-4.267
GNF2_RFC4 GNF2_RFC4	-2.490	-1.093	-0.273	3.644	1.372	-1.643	1.372	0.758	1.042	-2.490	-2.504
GCM_ZNF198 GCM_ZNF198	-1.410	-1.819	0.301	3.528	3.954	-1.078	2.050	0.427	-1.819	-0.598	-3.787
GNF2_DNM1 GNF2_DNM1	3.572	4.638	-0.313	-1.519	-1.519	-0.313	-3.073	-2.146	-1.065	0.446	0.870
MORF_TPR MORF_TPR	-2.207	-3.304	0.446	2.809	1.878	-0.887	1.360	0.928	1.133	-0.682	-4.959
GCM_PSME1 GCM_PSME1	-3.532	-1.871	0.617	3.757	0.436	-1.365	1.372	0.617	1.372	-0.473	-3.553
MORF_CCNI MORF_CCNI	-2.663	-1.969	1.573	0.762	3.096	-1.450	2.274	0.762	0.257	-1.054	-3.679
MODULE_289 MODULE_289	0.630	3.967	0.343	-2.019	-3.201	2.779	-2.019	-1.233	-1.587	-0.523	2.399
GNF2_FEN1 GNF2_FEN1	-2.323	-0.622	0.233	1.556	3.438	-2.323	2.414	-0.622	0.879	-1.502	-2.337
MORF_FLT1 MORF_FLT1	1.448	-0.281	-0.744	-1.279	-2.077	5.200	-3.272	-2.612	-0.399	0.772	2.315
MORF_RFC1 MORF_RFC1	-2.677	-4.535	1.169	1.725	3.569	-0.668	1.169	0.271	0.271	-0.334	-2.698
MORF_RPA2 MORF_RPA2	-1.800	-3.018	2.651	0.987	1.837	-1.800	0.987	1.377	0.987	-0.634	-4.904
GCM_NPM1 GCM_NPM1	-4.828	-1.385	0.596	2.089	0.778	-1.791	1.224	0.988	1.487	0.440	-3.749
GNF2_HDAC1 GNF2_HDAC1	-2.711	-2.711	3.097	1.401	2.003	-0.345	0.909	1.141	-0.493	-1.625	-3.517
GNF2_DEK GNF2_DEK	-1.572	-1.572	1.115	1.851	4.409	-1.035	1.461	0.363	-1.572	-1.572	-2.421
MORF_BECN1 MORF_BECN1	-4.368	-2.539	0.613	3.814	1.285	-0.830	-0.424	1.032	1.285	-0.290	-2.560
MODULE_244 MODULE_244	-4.687	-2.029	1.980	2.833	1.496	-1.391	0.596	0.902	1.281	-1.391	-2.055
MORF_DAP MORF_DAP	-3.240	-2.293	1.028	0.559	1.028	-1.645	4.293	0.559	1.028	-0.820	-2.309
MODULE_152 MODULE_152	-3.201	-3.201	1.791	-0.523	0.343	-0.523	2.097	1.509	1.509	0.630	-4.059
MODULE_180 MODULE_180	5.794	2.011	-3.800	-1.100	-0.443	-1.100	-0.613	-1.847	-0.830	0.291	1.987
GNF2_HPX GNF2_HPX	5.527	0.981	-2.905	-0.512	-2.905	1.709	-1.169	-1.490	-0.687	-0.512	1.686
MORF_MAP2K7 MORF_MAP2K7	1.207	3.399	-0.822	-2.702	-1.885	1.651	-1.556	-2.702	-1.029	0.680	3.027
GCM_CBFB GCM_CBFB	-2.907	-2.907	-0.263	3.369	1.302	-0.961	0.739	0.520	1.000	0.343	-2.923
GCM_MAP4K4 GCM_MAP4K4	0.537	-4.910	0.414	-0.521	2.506	-1.084	5.908	-1.084	-1.084	0.537	-1.102
GNF2_NPM1 GNF2_NPM1	-2.073	-1.456	2.320	0.315	2.320	-1.456	2.755	0.939	-0.454	-1.456	-3.007
MORF_PPP6C MORF_PPP6C	-1.922	-3.265	0.324	1.916	0.463	-0.280	2.624	1.602	0.631	-0.810	-4.351
MORF_UNG MORF_UNG	-1.118	-3.157	2.105	0.600	2.105	-2.219	1.393	-0.340	1.091	-0.340	-3.175
GNF2_MAPT GNF2_MAPT	5.094	2.002	-0.318	-0.991	-0.991	-0.991	-1.700	-1.700	-1.700	0.502	1.121
MORF_PRDX3 MORF_PRDX3	-2.551	-2.551	0.834	1.086	1.372	-1.365	2.841	1.086	0.436	-0.473	-3.553
MORF_EIF4E MORF_EIF4E	-3.532	-2.551	0.436	2.044	2.044	-0.473	1.086	0.436	0.834	-0.313	-3.553
MORF_RAD54L MORF_RAD54L	-2.505	-2.505	1.316	1.916	3.436	-1.462	1.316	0.830	-0.411	-1.098	-2.526
GNF2_PCNA GNF2_PCNA	-2.823	-1.333	-0.910	4.054	1.380	-1.333	1.735	0.792	0.792	-1.333	-1.943
GCM_CSNK2B GCM_CSNK2B	-4.117	-1.771	1.199	1.479	1.479	-1.771	1.479	0.542	0.950	0.259	-3.097
MORF_TERF2IP MORF_TERF2IP	-2.293	-1.791	0.988	3.176	1.224	-1.385	2.428	0.312	0.596	-1.057	-3.749
MODULE_122 MODULE_122	3.076	2.083	0.283	-2.523	-2.040	0.393	-1.299	-0.441	-0.785	-2.523	3.798
GNF2_CCNA2 GNF2_CCNA2	-2.823	-1.333	-1.333	2.557	1.735	-0.606	1.380	1.380	1.066	-1.928	-1.943
MORF_CTSB MORF_CTSB	2.010	2.010	-1.665	-2.396	-0.900	2.871	-1.371	-3.361	-0.900	0.920	1.496
GNF2_HAT1 GNF2_HAT1	-1.294	-2.074	0.523	2.857	1.882	-0.810	2.347	-0.285	-0.285	-2.074	-2.086
GNF2_MCM5 GNF2_MCM5	-1.678	-2.532	0.499	0.730	1.695	-1.123	4.118	0.499	0.499	-1.123	-2.546
GCM_CHUK GCM_CHUK	-1.425	-0.668	0.714	3.804	1.969	-2.948	0.714	-0.668	0.714	-0.668	-2.965
GNF2_XRCC5 GNF2_XRCC5	-1.550	-3.115	1.432	2.157	2.157	-0.753	1.432	0.853	-0.753	-1.550	-2.198
MODULE_183 MODULE_183	-1.242	-1.242	0.878	2.298	0.628	0.628	1.507	1.507	-2.698	-1.821	-2.714
GCM_DDX5 GCM_DDX5	-1.821	-1.242	1.883	1.172	3.764	0.423	1.172	-0.835	-0.835	-1.821	-2.714
MODULE_124 MODULE_124	-1.254	-1.682	0.427	1.910	1.029	-0.461	-0.312	4.432	0.596	-2.962	-2.983
MODULE_146 MODULE_146	0.876	4.010	-1.409	-1.052	-2.437	2.348	-2.437	-1.409	-0.771	0.347	1.654
GNF2_ST13 GNF2_ST13	-2.657	-1.785	1.936	1.209	1.552	-1.212	1.209	1.552	-0.527	-0.810	-2.672
MORF_CDC16 MORF_CDC16	-2.146	-2.146	2.631	-0.313	3.085	-1.519	0.881	1.823	-0.313	-1.519	-1.532
MORF_CDH4 MORF_CDH4	0.331	3.705	-0.703	-1.904	-2.372	1.678	-1.190	-2.938	-0.703	1.678	1.655
MODULE_316 MODULE_316	1.000	2.885	-0.961	-0.647	-2.907	0.739	-2.001	-0.961	-2.001	1.000	2.414
GNF2_NS GNF2_NS	-0.958	-1.658	-1.658	0.302	1.179	-0.958	3.825	2.606	0.302	-0.958	-1.668
GNF2_KISS1 GNF2_KISS1	-0.471	1.517	-0.782	-2.032	-2.032	2.418	-0.782	-2.032	-0.270	0.334	3.481
MORF_MSH2 MORF_MSH2	-1.093	-2.490	0.758	1.042	3.644	-0.714	1.745	-1.093	0.758	-1.093	-2.504
MODULE_382 MODULE_382	0.324	0.608	-0.279	-1.160	-1.160	7.549	-1.160	-1.160	-1.160	0.324	-0.282
MORF_BUB1B MORF_BUB1B	-1.857	-1.857	1.135	1.464	4.812	-0.860	-0.566	0.849	-0.359	-0.566	-2.756
MORF_UBE2N MORF_UBE2N	-2.201	-1.228	1.623	1.952	3.550	-0.642	0.442	0.302	-0.301	-0.897	-3.973
MODULE_159 MODULE_159	-2.403	-1.254	0.703	-0.266	3.087	-0.266	3.087	-0.412	0.703	-1.254	-3.385
MODULE_433 MODULE_433	2.102	-0.470	0.316	-0.738	-2.532	3.036	-1.678	-1.678	-1.678	0.499	2.084
MORF_TPT1 MORF_TPT1	-4.242	-1.861	1.113	-0.552	1.379	-0.771	0.876	1.674	1.997	-0.259	-2.457
GCM_RAN GCM_RAN	-0.528	-3.641	1.310	1.310	4.555	-2.227	1.113	0.388	-0.673	-0.408	-2.254
GCM_UBE2N GCM_UBE2N	-0.995	-2.893	0.813	1.962	3.995	-1.258	0.378	1.210	0.275	-0.776	-3.536
MORF_RAB5A MORF_RAB5A	-1.228	-2.925	0.819	1.324	1.324	0.614	1.056	1.952	-0.642	-1.228	-3.973
MORF_SP3 MORF_SP3	-0.559	-2.293	2.400	2.400	1.028	-1.645	1.318	0.382	-0.368	-1.172	-3.259
MORF_GSPT1 MORF_GSPT1	-2.032	-2.032	1.140	0.816	2.418	-2.032	1.517	0.334	0.334	-0.270	-2.044
MORF_JUND MORF_JUND	-2.657	-1.785	1.936	0.275	1.209	-1.212	0.909	0.441	2.359	-0.527	-2.672
GNF2_MLF1 GNF2_MLF1	1.303	3.617	-1.030	-1.030	-1.422	1.952	-1.936	-0.731	-2.625	-0.338	1.593
MORF_MTA1 MORF_MTA1	-1.801	-3.113	0.525	0.924	1.445	-1.357	2.082	1.170	1.170	-0.521	-3.135
GNF2_HPN GNF2_HPN	5.598	0.630	-2.872	-0.499	-2.313	1.742	-1.148	-0.886	-0.672	-0.362	0.987
GNF2_IGFBP1 GNF2_IGFBP1	-0.796	1.938	-0.218	-1.451	-1.451	1.452	-0.796	-1.451	-0.796	-0.430	4.442
MORF_RAB11A MORF_RAB11A	-0.260	-1.607	0.786	0.786	2.686	-2.448	-1.064	2.686	-0.260	-0.434	-2.463
GCM_GSPT1 GCM_GSPT1	-1.933	-2.340	0.577	2.031	2.618	-2.340	0.577	1.292	0.895	-0.365	-2.843
MORF_PCNA MORF_PCNA	-1.309	-1.806	1.776	2.535	0.659	-1.309	1.776	-0.289	0.659	-0.935	-3.469
MORF_LTK MORF_LTK	1.608	-0.274	-0.682	-0.274	-2.207	1.360	-3.304	-1.787	-0.887	3.916	1.115
GNF2_LCAT GNF2_LCAT	5.840	0.630	-2.547	-0.376	-2.547	1.509	-0.945	-0.945	-0.523	-0.523	0.798
GNF2_CKS2 GNF2_CKS2	-2.074	-0.810	-0.492	4.006	2.347	-1.294	0.318	0.318	0.783	-0.810	-2.086
MODULE_139 MODULE_139	4.752	2.766	-3.282	-0.842	-0.243	-0.842	-1.199	-0.842	-0.382	-0.382	0.532
GNF2_MMP11 GNF2_MMP11	-0.599	1.086	-0.599	-1.741	-1.741	1.933	-1.024	-1.741	0.269	0.477	3.580
GNF2_TIMP2 GNF2_TIMP2	-0.702	1.682	-0.411	-1.908	-1.908	1.682	-0.702	-1.908	-0.228	0.390	3.182
MORF_PPP2R5E MORF_PPP2R5E	-0.911	-2.440	1.820	1.180	1.180	-0.427	-0.633	2.591	0.327	-0.911	-3.427
GNF2_CDKN1C GNF2_CDKN1C	-1.119	1.033	-0.260	-1.119	-1.119	1.033	-1.119	-1.119	-0.550	0.347	4.938
MORF_RPA1 MORF_RPA1	-1.093	-2.490	1.372	1.042	1.372	-1.093	2.617	-0.452	0.520	-0.714	-2.504
GNF2_CENPF GNF2_CENPF	-2.573	-1.152	-0.489	3.476	0.479	-1.152	1.288	0.973	1.288	-1.152	-1.726
MORF_BAG5 MORF_BAG5	-0.600	-2.282	0.639	2.482	0.912	-2.282	1.606	0.639	-0.364	-0.364	-2.295
MODULE_62 MODULE_62	-2.700	-2.002	2.225	0.377	0.377	-0.363	0.971	1.237	0.971	0.246	-3.721
MORF_CCNF MORF_CCNF	-2.293	-1.172	0.559	0.559	4.293	-1.645	0.382	1.318	0.775	-0.820	-2.309
GCM_PFN1 GCM_PFN1	-2.115	-1.328	1.416	1.823	0.499	-2.115	-0.300	0.752	1.416	0.302	-2.128
GNF2_CDC2 GNF2_CDC2	-2.573	-1.152	-1.152	3.476	0.703	-0.762	0.973	1.646	0.703	-0.762	-1.726
GCM_RAD21 GCM_RAD21	-1.534	-1.534	-0.250	2.310	1.793	-0.476	2.884	-0.476	-0.476	-0.860	-1.543
GNF2_MCM4 GNF2_MCM4	-2.199	-0.893	-0.893	0.456	1.323	-0.893	2.146	1.711	1.323	-0.893	-2.211
MODULE_97 MODULE_97	-0.476	-1.712	0.577	0.774	1.261	-2.268	1.550	1.869	0.280	-0.324	-4.057
GNF2_SPINK1 GNF2_SPINK1	1.581	1.581	-0.520	-1.077	-1.077	3.515	-1.077	-1.077	-1.077	-0.240	-0.243
MORF_ATOX1 MORF_ATOX1	-1.709	-3.323	0.726	0.521	0.521	-0.254	1.248	3.152	0.353	-0.595	-2.383
GNF2_MYL2 GNF2_MYL2	0.247	2.778	-0.702	-1.326	-1.326	2.182	-1.326	-1.326	-0.702	0.795	0.788
GNF2_RFC3 GNF2_RFC3	-1.700	-0.574	-0.574	2.002	0.785	-0.991	3.712	0.785	-0.574	-0.991	-1.710
MODULE_125 MODULE_125	-1.091	-1.824	0.240	1.803	1.803	-1.824	1.803	-0.373	0.685	-0.373	-1.835
GCM_MAX GCM_MAX	-1.285	-0.671	2.885	1.723	-0.671	-0.671	2.272	0.264	-0.671	-1.285	-1.292
CAR_IGFBP1 CAR_IGFBP1	2.831	3.353	-0.645	-1.537	-1.006	1.154	-0.645	-2.365	-0.645	-0.398	-0.238
MODULE_126 MODULE_126	-1.909	-1.578	0.310	1.186	1.396	-1.292	2.133	1.870	0.820	-0.838	-3.269
GNF2_TPT1 GNF2_TPT1	-1.575	-1.575	0.900	-0.266	2.228	-0.893	-0.266	3.401	-0.266	-0.500	-1.584
GNF2_MLH1 GNF2_MLH1	-0.335	-1.024	0.750	1.086	2.996	-1.024	1.933	-1.024	-0.335	-1.741	-1.751
MORF_SART1 MORF_SART1	-1.182	-1.749	1.990	1.598	0.677	-0.786	0.940	0.940	0.460	-1.749	-2.630
MODULE_239 MODULE_239	-1.166	-2.451	0.377	2.922	1.336	-0.661	1.898	0.516	0.516	-1.511	-2.473
GNF2_RAB3A GNF2_RAB3A	2.310	3.513	-0.860	-0.860	-0.860	-0.476	-1.534	-0.860	-0.476	-0.860	1.779
MODULE_430 MODULE_430	-2.282	-2.282	0.912	0.246	-0.949	-0.600	0.912	0.912	2.482	0.912	-1.478
MODULE_158 MODULE_158	-1.057	-1.783	0.254	1.426	2.360	-1.783	1.426	-0.354	0.717	-0.354	-1.793
MODULE_375 MODULE_375	0.944	2.976	-0.377	-1.103	-2.035	1.498	-2.737	-0.792	-0.792	-0.377	1.802
MORF_PHB MORF_PHB	-0.945	-2.547	-0.263	0.630	0.811	-1.587	2.779	0.630	1.509	0.473	-3.226
MODULE_111 MODULE_111	2.253	1.210	-0.776	-0.995	-1.258	0.275	-2.377	-1.941	-0.776	1.440	2.859
GNF2_EGFR GNF2_EGFR	-0.702	2.182	-0.363	-1.326	-1.326	0.480	-0.702	-1.326	-0.363	0.247	4.128
MORF_GMPS MORF_GMPS	-2.199	-1.397	-0.556	0.693	2.146	-0.893	0.983	1.711	0.693	-0.332	-2.211
MORF_SS18 MORF_SS18	-1.714	-2.573	0.973	0.973	1.646	-0.762	0.302	0.479	1.288	0.302	-2.588
GNF2_ESPL1 GNF2_ESPL1	-1.451	-0.796	-0.796	1.938	1.032	-0.796	0.404	3.751	-0.796	-0.430	-1.459
MODULE_36 MODULE_36	-0.708	-2.608	1.032	1.714	0.845	-2.151	2.571	0.407	0.845	-0.907	-2.176
GCM_IL6ST GCM_IL6ST	-0.578	-2.240	0.259	0.259	1.658	-2.240	3.064	0.259	0.947	-0.348	-1.443
MORF_FEN1 MORF_FEN1	-1.821	-1.821	0.628	0.878	2.298	-1.242	1.172	0.628	0.628	-0.344	-2.714
MORF_SNRP70 MORF_SNRP70	-1.714	-2.573	0.973	2.045	1.646	-0.300	1.288	0.302	-0.300	-1.152	-1.726
MODULE_234 MODULE_234	1.658	1.278	0.436	-1.432	-0.921	0.436	-2.240	-0.921	-1.432	-0.348	3.042
GNF2_MSH6 GNF2_MSH6	-0.671	-1.285	-0.671	0.509	2.885	-0.671	2.885	0.509	-0.341	-1.285	-1.292
MODULE_57 MODULE_57	-0.977	-2.323	1.194	0.879	0.879	-1.502	0.233	1.556	1.194	-0.381	-2.337
GCM_HDAC1 GCM_HDAC1	-1.575	-1.575	0.585	2.788	0.900	-0.893	0.585	-0.893	1.281	-0.266	-1.584
GCM_DLG1 GCM_DLG1	0.540	-2.329	0.750	-2.329	0.540	-1.677	3.700	-0.382	-0.577	1.283	-0.389
MODULE_324 MODULE_324	2.727	2.070	-2.283	-1.442	-1.442	0.362	0.362	-2.283	-0.351	1.502	0.354
MODULE_149 MODULE_149	-1.534	-0.860	0.615	-0.476	2.884	-1.534	1.793	-0.250	0.942	-0.476	-1.543
GCM_ERBB2IP GCM_ERBB2IP	-0.738	-1.678	2.102	0.499	0.499	-0.287	3.559	-0.470	-0.287	-1.123	-2.546
MORF_CUL1 MORF_CUL1	-2.037	-0.987	2.377	0.969	0.328	0.328	3.295	-0.437	-0.668	-0.987	-2.052
MORF_ESPL1 MORF_ESPL1	-1.678	-1.123	0.730	0.730	0.499	-1.123	1.695	2.102	0.730	-1.123	-2.546
GNF2_TM4SF2 GNF2_TM4SF2	-0.240	2.152	-0.240	-1.077	-1.077	0.372	-1.077	-1.077	-1.077	0.685	2.782
GCM_PPP1CC GCM_PPP1CC	-2.323	-2.323	0.398	0.613	0.398	0.233	1.963	0.613	0.879	0.398	-2.337
GNF2_SPRR1B GNF2_SPRR1B	-0.204	0.773	-0.462	-0.994	-0.994	6.546	-0.462	-0.204	-0.994	-0.462	-0.466
GNF2_MYL3 GNF2_MYL3	0.509	2.272	-0.671	-1.285	-1.285	2.272	-1.285	-1.285	-0.341	0.264	0.830
GNF2_PTPN6 GNF2_PTPN6	-1.192	-1.949	0.370	1.625	1.228	-1.949	0.885	0.598	0.370	0.598	-1.960
GCM_TPR GCM_TPR	-1.326	-1.326	0.795	3.435	0.795	-0.702	0.480	0.247	0.480	-1.326	-1.334
MODULE_330 MODULE_330	0.980	3.980	-1.160	-0.579	-0.579	0.608	-1.160	-1.160	-1.160	0.608	0.321
MODULE_292 MODULE_292	1.962	0.767	0.767	0.331	-1.514	0.453	-4.497	-1.190	-1.190	1.176	0.944
MORF_BUB1 MORF_BUB1	-1.363	-1.363	0.477	0.722	3.805	-0.534	0.722	0.722	0.287	-1.363	-2.170
CAR_MLANA CAR_MLANA	2.360	-0.354	-1.783	0.254	-1.057	0.454	-1.783	-1.057	-0.624	1.867	1.414
MORF_LCAT MORF_LCAT	1.026	1.502	-1.823	-1.823	-0.868	1.502	-0.351	-1.442	-1.823	0.824	2.359
MORF_SMC1L1 MORF_SMC1L1	-1.152	-0.762	1.288	2.045	1.646	-0.489	1.646	-0.489	-0.762	-1.152	-2.588
MORF_DEAF1 MORF_DEAF1	-1.537	-1.006	0.380	0.847	3.914	-1.537	0.380	1.508	-0.234	-1.006	-1.548
GNF2_MSH2 GNF2_MSH2	-1.160	-0.579	0.324	0.980	2.570	-1.160	1.966	-0.579	0.324	-1.160	-1.167
MODULE_91 MODULE_91	-1.534	-1.534	-0.476	2.884	0.615	-0.860	0.615	1.335	0.615	-0.476	-1.543
GNF2_CKS1B GNF2_CKS1B	-0.860	-1.534	-0.860	1.335	1.793	-0.476	0.942	2.310	-0.476	-0.860	-1.543
GNF2_BUB1B GNF2_BUB1B	-2.032	-1.260	-0.471	0.547	1.944	-0.471	0.816	1.517	1.140	-0.782	-2.044
MORF_WNT1 MORF_WNT1	0.765	2.479	-1.543	-1.543	-0.634	1.799	-0.634	-1.543	-1.543	0.291	2.102
GNF2_HMMR GNF2_HMMR	-1.949	-1.192	-0.241	2.072	1.625	-0.431	0.885	0.598	0.598	-1.192	-1.960
MORF_RAGE MORF_RAGE	1.334	-0.905	-0.391	-1.455	-0.905	1.845	-1.155	-2.235	-0.698	1.579	2.734
MORF_BMI1 MORF_BMI1	-0.865	-1.709	1.911	1.248	1.248	-1.226	1.248	0.969	-0.397	-1.226	-2.383
GNF2_TTK GNF2_TTK	-1.617	-0.524	0.320	2.150	0.320	-1.617	0.859	0.556	1.660	-0.925	-1.626
GNF2_CCNB2 GNF2_CCNB2	-2.365	-1.537	-0.398	2.348	0.847	-0.398	0.847	0.847	1.154	-1.006	-1.548
GCM_MSN GCM_MSN	-1.160	-1.160	1.434	2.570	0.980	-0.579	0.324	-1.160	0.608	-0.579	-1.167
CAR_HPX CAR_HPX	1.870	2.264	-1.039	-1.039	-1.488	2.264	-0.471	-2.110	-0.710	-0.300	0.457
GNF2_SERPINI2 GNF2_SERPINI2	1.215	1.747	-0.462	-0.994	-0.994	3.054	-0.462	-0.994	-0.994	-0.204	-0.466
GNF2_CCNA1 GNF2_CCNA1	1.421	3.600	-0.885	-0.885	-0.885	1.421	-1.303	-0.885	-1.892	0.239	0.575
MODULE_28 MODULE_28	-1.326	-1.326	-0.363	2.182	0.480	-1.326	0.480	1.650	0.795	-0.363	-1.334
MODULE_182 MODULE_182	-0.347	-1.771	0.542	0.730	1.199	-2.335	1.479	1.479	0.385	-0.347	-3.097
GNF2_ITGB2 GNF2_ITGB2	-1.537	-2.365	0.380	0.589	0.380	-1.537	0.380	2.831	1.508	-0.234	-1.015
MODULE_484 MODULE_484	-1.741	-1.741	1.086	0.269	-0.599	-0.599	0.750	1.086	1.933	0.477	-1.751
GNF2_INPP5D GNF2_INPP5D	-1.057	-1.783	0.717	1.426	1.042	-1.783	0.717	1.042	0.254	0.254	-1.793
GNF2_TDG GNF2_TDG	-0.796	-0.796	1.452	0.681	2.484	-0.218	0.681	0.404	-1.451	-1.451	-1.459
MORF_LMO1 MORF_LMO1	1.368	-0.865	-0.316	-1.363	-1.363	0.722	-1.363	-0.534	-0.865	1.020	3.780
MODULE_157 MODULE_157	0.744	1.197	-1.192	-1.570	-0.890	0.956	-1.570	-1.570	-0.651	1.466	2.778
GNF2_GSTM1 GNF2_GSTM1	4.010	0.544	-2.075	-0.334	-2.075	1.169	-1.215	-0.910	0.271	-0.334	0.918
GNF2_CDC20 GNF2_CDC20	-2.323	-1.502	-0.381	1.963	1.194	-0.381	1.194	0.879	0.613	-0.977	-1.513
GNF2_ANP32B GNF2_ANP32B	-0.860	-0.860	-0.250	1.793	1.793	-0.476	2.310	-0.476	-0.250	-1.534	-1.543
MODULE_153 MODULE_153	-0.407	2.578	-0.407	-0.765	-0.765	2.578	-1.409	-1.409	-0.765	0.428	0.710
MORF_PPP2R4 MORF_PPP2R4	-1.328	-2.115	0.302	-0.837	1.058	0.302	1.823	1.416	0.499	0.302	-2.128
GNF2_BNIP2 GNF2_BNIP2	-1.409	-1.409	0.216	1.081	2.578	-0.407	0.428	1.515	-0.407	-0.765	-1.417
GCM_MAPK10 GCM_MAPK10	3.977	-1.773	-0.427	-2.440	-0.277	-0.427	-0.277	-0.427	-0.911	1.180	1.166
MODULE_278 MODULE_278	-1.409	-1.409	0.717	0.428	2.015	-1.409	2.015	-0.765	0.428	0.216	-0.771
MODULE_171 MODULE_171	1.387	0.583	1.927	-0.539	-0.719	0.321	-3.665	-1.538	-1.212	1.387	0.735
MODULE_352 MODULE_352	-0.704	-0.704	1.208	3.366	1.208	-0.272	-0.704	-0.272	-0.704	-0.704	-0.708
GCM_ANP32B GCM_ANP32B	-0.828	-1.492	-0.453	0.986	0.381	-1.492	2.395	1.392	0.381	-0.234	-1.501
MORF_PTPRR MORF_PTPRR	0.669	1.674	-0.771	-1.052	-0.552	1.674	-0.771	-3.189	-1.052	0.493	1.975
MODULE_87 MODULE_87	-1.091	-1.824	0.240	0.240	1.803	-0.373	2.816	0.431	0.431	-0.650	-1.835
MODULE_400 MODULE_400	1.058	1.058	-0.787	-0.787	-0.787	2.273	-0.787	-0.787	-0.787	1.058	-0.327
MORF_TERF1 MORF_TERF1	-1.857	-1.272	1.135	2.685	1.464	-0.860	0.849	0.250	-0.566	-0.359	-1.870
MODULE_130 MODULE_130	3.989	0.458	-0.434	-0.434	-0.953	0.200	0.200	-0.953	-0.953	-0.953	1.276
MORF_RAP1A MORF_RAP1A	-1.612	-2.013	2.433	1.306	0.404	1.306	0.404	0.404	0.404	-0.998	-2.517
MODULE_201 MODULE_201	1.465	2.857	0.318	-0.810	-0.810	1.098	-1.294	-0.810	-2.074	0.523	-0.498
MODULE_237 MODULE_237	-1.572	-0.416	1.115	2.284	-1.572	-1.572	1.115	0.816	0.363	0.363	-1.584
MODULE_307 MODULE_307	-1.036	-1.036	0.727	-1.036	-0.491	-0.491	-0.222	2.922	1.151	0.727	-1.042
MORF_GPX4 MORF_GPX4	-0.600	-2.282	0.912	0.416	0.246	-0.600	-0.364	0.246	2.022	1.606	-2.295
MODULE_58 MODULE_58	4.360	0.527	-0.378	-0.378	-0.870	-0.378	0.236	-0.870	-0.870	-0.870	0.924
MORF_JAK3 MORF_JAK3	2.263	-1.254	0.427	0.290	-0.919	1.292	-1.254	-2.234	-1.254	1.292	1.014
GNF2_CD53 GNF2_CD53	-1.572	-1.572	0.565	1.115	1.115	-2.407	0.363	1.461	0.565	0.363	-1.045
MODULE_121 MODULE_121	0.542	0.950	0.542	-1.771	-2.335	1.199	-1.771	-0.715	-0.715	1.479	1.461
GNF2_SELL GNF2_SELL	-1.192	-1.949	-0.431	1.228	0.598	-0.729	1.228	0.885	1.228	-0.241	-1.960
GNF2_DDX5 GNF2_DDX5	-1.749	-1.749	0.460	3.395	0.288	-1.182	0.940	0.940	0.460	-0.786	-0.795
MODULE_115 MODULE_115	-1.119	-0.550	0.347	-0.550	2.681	-1.119	2.056	-0.550	0.645	-0.260	-1.125
MORF_IL9 MORF_IL9	1.113	0.867	-0.855	-1.178	-1.594	1.113	0.325	-2.134	-1.178	0.654	2.383
MORF_NF1 MORF_NF1	1.245	-0.662	0.694	-0.662	-0.846	2.543	-0.846	-2.874	-0.846	-0.385	2.216
MODULE_368 MODULE_368	0.304	4.065	-0.745	-0.745	-0.745	1.130	-0.745	-0.745	-0.298	-0.298	0.302
MORF_CSNK1D MORF_CSNK1D	-0.961	-1.394	-0.647	1.642	1.302	-1.394	-0.263	-0.263	1.642	1.302	-2.015
MODULE_199 MODULE_199	1.508	0.847	0.380	-1.006	-1.006	-2.365	-1.537	-0.398	-0.234	0.847	1.889
GCM_HMGA2 GCM_HMGA2	0.354	2.469	-0.694	-0.365	-2.515	2.826	-0.694	-1.562	0.354	-0.694	0.635
MODULE_403 MODULE_403	-1.158	-1.908	-0.228	2.141	2.141	-1.158	-0.411	1.275	-0.411	-0.228	-0.709
GNF2_CBFB GNF2_CBFB	-1.243	-1.243	2.366	0.540	1.800	-0.640	-0.640	0.540	0.283	-0.320	-1.250
GCM_HBP1 GCM_HBP1	-2.001	-0.647	1.642	2.435	0.343	0.343	1.302	-0.421	-0.421	-0.961	-2.015
GNF2_DENR GNF2_DENR	-0.837	-1.328	0.752	1.058	1.058	-0.513	1.823	1.058	-0.837	-0.837	-2.128
GNF2_RTN1 GNF2_RTN1	1.368	1.766	-1.363	-0.534	-0.316	-0.865	-0.534	-1.363	-0.865	-0.316	3.209
MODULE_545 MODULE_545	-0.828	0.567	-0.351	-0.351	-0.351	4.567	0.567	-0.828	0.256	-0.828	-0.833
CAR_WBSCR22 CAR_WBSCR22	1.863	-0.453	-1.492	0.647	-0.828	0.647	-1.492	-0.828	-0.828	1.392	0.977
MORF_THPO MORF_THPO	0.950	3.388	-1.004	-1.665	-0.566	1.419	-1.004	-1.004	-1.302	0.950	0.304
MODULE_332 MODULE_332	-0.392	-1.124	0.960	-0.392	1.323	0.960	0.960	0.960	-1.866	-0.676	-1.877
MODULE_273 MODULE_273	-1.363	-0.865	1.368	1.020	0.287	-1.363	1.368	0.477	1.020	-0.534	-2.170
MORF_CD8A MORF_CD8A	0.950	1.172	-1.665	-1.004	-0.566	1.690	-1.004	-2.644	-0.291	0.581	1.667
MODULE_81 MODULE_81	-0.828	-0.351	0.256	-0.351	3.677	-0.828	1.523	-0.828	0.256	-0.351	-0.833
MODULE_329 MODULE_329	0.499	3.904	-0.513	-1.328	-0.513	0.752	-1.328	-0.837	-1.328	0.499	0.744
MODULE_154 MODULE_154	2.157	1.777	-1.550	-0.753	-1.550	1.777	-1.092	-0.753	-0.327	-0.505	0.613
MODULE_308 MODULE_308	-0.647	-0.961	0.520	0.739	0.343	-0.961	1.642	1.642	0.739	-0.961	-2.923
MORF_XPC MORF_XPC	-0.714	-1.643	1.042	1.745	-0.452	-0.452	0.758	1.372	0.520	-0.714	-2.504
MODULE_357 MODULE_357	1.911	2.292	-0.865	-0.865	-1.709	1.562	-1.226	-0.865	-0.397	-0.595	0.716
GNF2_PAK2 GNF2_PAK2	-1.160	-1.160	0.324	0.980	2.570	-0.579	-0.579	1.434	-0.279	-0.279	-1.167
MODULE_297 MODULE_297	1.911	1.911	-0.865	-0.865	-1.709	1.911	-1.226	-0.865	-0.397	-0.595	0.716
GCM_BCL2L1 GCM_BCL2L1	-1.409	-0.765	0.717	1.081	2.578	-0.407	0.428	0.717	-0.765	-0.765	-1.417
GCM_RAF1 GCM_RAF1	-1.057	-1.783	2.360	1.042	-0.354	-0.354	1.042	-0.354	0.454	0.254	-1.793
MODULE_208 MODULE_208	1.540	1.043	1.043	-0.254	-0.925	0.487	-3.166	-1.211	-1.562	1.043	0.478
MODULE_164 MODULE_164	1.007	2.550	-1.678	-0.738	-1.123	1.329	-1.678	0.730	-0.738	0.316	-0.291
GNF2_ELAC2 GNF2_ELAC2	-0.702	-1.158	2.649	0.922	1.682	-0.411	-0.228	0.390	-0.702	-0.702	-1.919
GNF2_TYK2 GNF2_TYK2	-1.368	-1.368	1.132	1.581	1.132	-0.733	0.755	0.231	-0.385	0.231	-1.375
MODULE_277 MODULE_277	-2.282	-0.949	0.639	1.235	1.606	-0.364	0.416	1.235	0.246	-0.949	-1.478
GNF2_HLA_C GNF2_HLA_C	-1.192	-1.192	1.228	0.370	0.370	-1.949	0.885	0.885	-0.431	1.625	-1.201
MORF_BCL2L11 MORF_BCL2L11	0.610	0.610	-0.431	-1.665	-0.900	2.280	-0.560	-2.396	-0.900	1.103	1.729
MODULE_287 MODULE_287	0.523	1.882	-0.285	-0.492	-2.074	1.882	-1.294	-1.294	-0.492	0.523	0.516
MODULE_445 MODULE_445	-0.621	4.790	0.396	-0.223	-0.621	-0.223	-0.621	-0.621	-0.621	-0.223	0.393
MODULE_303 MODULE_303	-1.160	-1.160	1.434	1.434	0.324	-1.160	0.324	0.324	0.980	-0.279	-1.167
MODULE_105 MODULE_105	-2.353	-2.773	0.562	0.342	1.861	-0.922	1.861	0.444	0.444	0.562	-0.600
MODULE_197 MODULE_197	-1.720	-0.911	-0.425	0.383	1.598	-0.558	0.383	2.702	1.368	-0.719	-2.109
MODULE_497 MODULE_497	0.929	0.573	-1.202	-1.202	-0.610	0.303	-1.202	-0.299	-0.299	0.303	3.100
MODULE_404 MODULE_404	0.685	-0.240	0.685	-0.520	-1.077	3.515	-1.077	-0.240	-1.077	-0.520	0.368
GCM_ING1 GCM_ING1	-1.303	-1.303	0.583	0.239	0.239	-1.892	2.183	0.239	2.620	-0.374	-0.593
GNF2_PPP6C GNF2_PPP6C	-1.617	-0.925	0.556	1.229	0.556	0.320	1.229	1.229	-0.524	-0.925	-1.626
MODULE_109 MODULE_109	3.943	0.556	-0.925	-0.283	-0.925	1.660	-0.925	-0.925	-0.524	-0.283	-0.530
GNF2_RRM2 GNF2_RRM2	-1.658	-0.958	-0.300	2.075	0.821	-0.549	0.821	0.821	0.528	-0.549	-1.668
MORF_MAP3K14 MORF_MAP3K14	0.531	2.257	-0.469	-1.144	-1.144	1.365	-0.332	-1.485	-1.904	0.389	1.616
GCM_PTK2 GCM_PTK2	0.471	-2.645	0.471	-0.653	1.668	-0.653	3.628	-0.360	-0.853	-0.360	-0.664
GNF2_CENPE GNF2_CENPE	-1.700	-0.991	-0.574	2.521	0.785	-0.318	0.785	1.131	0.285	-0.991	-0.999
GCM_SUFU GCM_SUFU	-1.145	-2.256	0.397	2.055	1.687	-0.541	0.800	0.579	-0.541	0.254	-1.627
MORF_CDK2 MORF_CDK2	-0.689	-2.073	0.690	1.227	0.939	-0.689	1.227	0.690	0.690	-1.013	-2.088
GNF2_CYP2B6 GNF2_CYP2B6	4.112	0.334	-2.032	0.334	-0.782	-0.270	-0.782	-0.782	-0.270	-0.270	0.807
GNF2_H2AFX GNF2_H2AFX	-1.285	-0.671	-0.671	2.885	0.264	-0.671	0.509	1.243	0.509	-0.341	-1.292
MODULE_387 MODULE_387	0.547	3.504	-0.471	-1.260	-0.471	0.547	-1.260	-0.782	-1.260	0.547	0.807
MODULE_263 MODULE_263	0.410	0.410	-1.124	-1.866	-0.676	3.912	-0.392	-0.676	0.226	0.226	0.648
MODULE_209 MODULE_209	1.865	1.535	-2.700	-1.078	-0.538	1.535	-0.771	-0.771	0.377	0.246	-0.242
GCM_TPT1 GCM_TPT1	-2.001	-0.647	0.739	0.520	0.739	-0.961	0.520	1.642	1.302	-0.647	-2.015
GNF2_G22P1 GNF2_G22P1	-0.828	-1.492	0.647	1.863	0.647	-0.828	1.392	-0.234	0.381	-0.453	-1.501
GCM_CSNK1A1 GCM_CSNK1A1	-1.492	-0.828	0.647	1.392	1.863	-0.453	0.647	-0.234	0.381	-1.492	-0.835
GCM_PPM1D GCM_PPM1D	-1.077	-0.240	0.685	1.090	3.515	-0.520	-0.520	-0.240	-1.077	-0.520	-0.524
GNF2_SPI1 GNF2_SPI1	-0.765	-1.409	1.515	1.081	0.717	-0.407	-1.409	1.515	-0.407	-0.765	0.213
GNF2_TST GNF2_TST	3.017	0.631	-1.922	-0.280	-1.922	0.830	-1.098	-0.585	0.324	-0.280	0.817
GNF2_CASP1 GNF2_CASP1	-1.263	-1.652	0.685	0.513	0.368	-2.137	1.370	1.114	1.654	-0.356	-0.964
MORF_RUNX1 MORF_RUNX1	0.389	-1.915	1.995	-0.977	0.389	1.721	-1.547	-1.237	-0.581	0.663	1.005
GNF2_CASP4 GNF2_CASP4	-0.994	-0.994	-0.994	0.773	1.747	-0.462	0.427	1.215	0.427	-0.204	-1.000
MODULE_363 MODULE_363	-0.782	-0.471	1.944	-0.471	0.547	-2.032	0.816	-0.270	1.944	-0.782	-0.790
GNF2_RPA1 GNF2_RPA1	-0.579	-1.160	0.608	1.966	0.980	-0.279	0.608	0.608	-1.160	-1.160	-0.584
MODULE_323 MODULE_323	-2.490	-0.714	2.161	0.520	1.745	-0.273	0.331	-0.452	0.331	-1.093	-0.458
GNF2_PTPRC GNF2_PTPRC	-0.606	-0.910	-0.239	3.521	0.561	-1.928	-0.606	1.066	-0.389	0.561	-0.920
MODULE_261 MODULE_261	-0.506	-1.331	0.730	0.730	1.199	-1.771	1.479	0.950	0.542	-0.985	-1.788
MORF_THRA MORF_THRA	0.259	1.278	0.436	-0.921	-1.432	0.436	-1.432	-0.348	-1.432	1.278	1.643
MODULE_388 MODULE_388	-0.704	-0.704	-0.272	1.208	1.208	-0.704	0.332	1.824	-0.272	-0.704	-0.708
MODULE_172 MODULE_172	1.029	1.586	-2.962	-0.919	-0.659	1.586	-0.461	-0.919	0.290	0.290	0.586
MODULE_106 MODULE_106	-0.199	1.490	0.434	0.434	-0.580	-0.580	-0.580	-0.580	-0.580	-0.580	2.204
