GO	[-9.50 -0.69]	[-0.69 -0.44]	[-0.44 -0.25]	[-0.25 -0.09]	[-0.09 0.00]	[0.00 0.00]	[0.00 0.02]	[0.02 0.14]	[0.14 0.34]	[0.34 0.87]	[0.87 14.59]
SETBP1_TARGET_GENES SETBP1_TARGET_GENES	-2.354	-1.634	-1.344	5.013	1.533	-5.400	-3.898	10.793	1.533	-0.421	-3.909
TMTCGCGANR_UNKNOWN TMTCGCGANR_UNKNOWN	-4.698	-3.929	0.355	3.685	1.810	-6.892	-2.740	5.707	3.685	-0.606	-1.244
TOX4_TARGET_GENES TOX4_TARGET_GENES	-1.744	-1.183	0.692	2.997	3.653	-7.893	-5.586	4.368	0.692	0.692	-2.949
ZBTB5_TARGET_GENES ZBTB5_TARGET_GENES	-2.713	-2.713	0.409	1.610	2.113	-6.273	-2.713	3.319	4.390	0.987	-2.721
RUVBL1_TARGET_GENES RUVBL1_TARGET_GENES	-2.657	-1.008	-1.526	2.757	0.849	-5.214	-1.008	7.544	1.911	0.691	-3.745
MXD1_TARGET_GENES MXD1_TARGET_GENES	-1.315	-2.450	0.463	3.078	2.743	-5.253	-2.971	4.189	1.591	-0.259	-3.598
ZBED4_TARGET_GENES ZBED4_TARGET_GENES	-1.620	-0.508	-1.318	1.694	1.951	-5.801	-3.413	7.796	0.853	0.853	-2.389
SGCGSSAAA_E2F1DP2_01 SGCGSSAAA_E2F1DP2_01	-1.298	-1.043	-0.827	5.094	2.260	-7.017	-3.381	2.868	1.722	-0.374	-1.304
MCM3_TARGET_GENES MCM3_TARGET_GENES	-1.699	-2.433	0.263	1.932	1.249	-5.512	-1.403	4.852	5.251	-0.928	-2.441
GTF3A_TARGET_GENES GTF3A_TARGET_GENES	-1.143	0.578	-0.354	-1.610	0.254	8.768	3.830	-2.251	-1.143	-1.610	-3.197
DNMT1_TARGET_GENES DNMT1_TARGET_GENES	-0.594	-1.190	-0.594	4.262	1.507	-5.103	-3.066	6.344	-0.594	0.262	-1.195
E2F_Q2 E2F_Q2	-2.224	-0.804	0.326	4.114	0.691	-4.412	-3.156	3.404	2.176	0.552	-2.665
SREBP1_01 SREBP1_01	-2.490	-1.400	0.382	2.095	1.357	-4.204	-0.907	2.675	5.222	-0.907	-2.985
ZZZ3_TARGET_GENES ZZZ3_TARGET_GENES	-0.343	-1.505	-1.162	2.900	1.595	-3.900	-2.442	5.513	1.328	-0.660	-2.448
CREB3L2_TARGET_GENES CREB3L2_TARGET_GENES	-1.061	-2.730	-0.447	4.433	1.864	-3.399	-3.399	3.208	0.881	0.533	-1.742
CGTSACG_PAX3_B CGTSACG_PAX3_B	-1.804	0.568	-0.283	5.071	1.104	-6.143	-2.724	0.904	1.104	0.725	-2.231
ZNF704_TARGET_GENES ZNF704_TARGET_GENES	-1.817	-2.693	-1.240	1.502	2.739	-2.693	-0.834	3.225	1.168	0.876	-2.698
HDAC8_TARGET_GENES HDAC8_TARGET_GENES	-2.185	-2.730	-2.185	2.493	1.864	-2.185	-3.399	2.493	2.167	0.695	0.393
KCCGNSWTTT_UNKNOWN KCCGNSWTTT_UNKNOWN	-2.633	-1.188	0.559	5.504	2.788	-3.406	-1.188	1.752	0.406	-0.888	-2.043
ZNF547_TARGET_GENES ZNF547_TARGET_GENES	-1.232	-3.454	-0.319	3.623	-0.319	-4.187	-1.905	1.708	4.408	0.514	-0.583
GGAANCGGAANY_UNKNOWN GGAANCGGAANY_UNKNOWN	-1.619	-2.099	0.261	1.991	1.679	-2.702	-2.099	3.916	2.689	-0.492	-2.708
HOXA7_TARGET_GENES HOXA7_TARGET_GENES	-1.785	-1.054	0.594	2.076	1.218	-4.812	-1.785	3.153	2.770	-1.054	-1.385
IRX2_TARGET_GENES IRX2_TARGET_GENES	-1.122	-1.728	-0.292	5.203	2.585	-4.478	-3.096	1.482	0.310	0.691	-0.892
MYBL1_TARGET_GENES MYBL1_TARGET_GENES	-1.093	0.271	-0.436	0.876	3.991	-6.905	-1.332	2.150	0.721	0.876	-2.295
GCGNNANTTCC_UNKNOWN GCGNNANTTCC_UNKNOWN	-2.040	-1.607	-0.272	3.078	0.788	-4.054	-1.252	2.712	1.218	1.470	-2.576
HOXD11_TARGET_GENES HOXD11_TARGET_GENES	-1.131	-1.426	0.329	2.458	2.151	-4.903	-1.426	3.495	0.583	0.445	-2.203
NR1D1_TARGET_GENES NR1D1_TARGET_GENES	-0.644	-1.897	-0.468	2.584	2.242	-3.048	-0.865	2.949	1.357	-0.468	-3.870
HOXC13_TARGET_GENES HOXC13_TARGET_GENES	-2.379	-2.379	0.545	1.387	1.138	-3.824	-1.119	4.693	1.661	-0.628	-0.631
YBX3_TARGET_GENES YBX3_TARGET_GENES	-2.237	-1.430	-0.920	1.653	2.543	-2.237	-0.920	2.076	1.653	0.435	-2.241
ZMYM2_TARGET_GENES ZMYM2_TARGET_GENES	-1.274	-1.633	-0.399	2.326	1.440	-4.092	-4.092	2.007	0.769	1.440	-0.284
ETF_Q6 ETF_Q6	-2.347	-1.097	-0.612	1.417	2.676	-1.841	-3.786	3.863	1.417	-0.311	-0.831
RACTNNRTTTNC_UNKNOWN RACTNNRTTTNC_UNKNOWN	-4.169	-1.684	-0.301	0.420	2.578	-2.665	-2.127	1.647	2.933	0.731	0.299
ZBTB1_TARGET_GENES ZBTB1_TARGET_GENES	-0.551	-2.222	-0.551	4.109	2.157	-3.633	-1.729	2.157	0.628	0.333	-1.735
GKCGCNNNNNNNTGAYG_UNKNOWN GKCGCNNNNNNNTGAYG_UNKNOWN	-2.528	-0.737	0.728	3.023	2.540	-2.528	-0.737	-0.287	1.689	-0.470	-2.532
AAGWWRNYGGC_UNKNOWN AAGWWRNYGGC_UNKNOWN	-1.954	-0.354	-0.676	2.161	2.495	-5.061	-1.530	1.563	2.161	-0.495	-0.907
ZNF165_TARGET_GENES ZNF165_TARGET_GENES	-3.316	-1.705	0.353	4.108	0.725	-3.316	-1.224	0.725	1.902	-0.255	-0.256
ZNF584_TARGET_GENES ZNF584_TARGET_GENES	-1.944	-0.865	-0.411	1.796	3.572	-5.363	-1.612	0.503	2.323	0.783	-0.870
ZNF667_TARGET_GENES ZNF667_TARGET_GENES	-1.449	-3.321	0.433	1.831	1.568	-3.321	-1.151	3.085	2.115	-0.283	-1.455
KTGGYRSGAA_UNKNOWN KTGGYRSGAA_UNKNOWN	-0.540	-3.191	0.397	2.444	1.681	-3.191	-1.143	2.875	0.578	-1.610	-0.356
PCGF6_TARGET_GENES PCGF6_TARGET_GENES	-2.818	-1.925	0.373	1.376	2.119	-1.925	-1.331	3.008	1.063	0.373	-1.929
MAZ_Q6 MAZ_Q6	-0.278	-2.512	-0.483	2.657	2.959	-4.096	-2.968	0.678	1.185	0.829	-0.624
TSHZ1_TARGET_GENES TSHZ1_TARGET_GENES	0.343	-1.423	0.343	1.661	1.435	-6.549	-1.721	1.661	0.706	1.435	-1.430
TAANNYSGCG_UNKNOWN TAANNYSGCG_UNKNOWN	-0.277	-1.769	-0.426	2.578	1.176	-2.434	-0.910	3.466	0.679	-0.426	-3.405
CGGAARNGGCNG_UNKNOWN CGGAARNGGCNG_UNKNOWN	-0.622	-0.976	-0.622	1.551	0.877	-2.320	-1.500	1.957	3.424	-0.381	-2.324
RAX2_TARGET_GENES RAX2_TARGET_GENES	-1.392	-0.959	-1.997	2.425	2.012	-1.997	-1.392	3.866	0.342	-0.263	-0.649
GCGSCMNTTT_UNKNOWN GCGSCMNTTT_UNKNOWN	-1.423	-0.667	-0.667	4.322	3.279	-0.437	-0.985	0.713	0.500	-2.033	-2.037
ARHGAP35_TARGET_GENES ARHGAP35_TARGET_GENES	-0.828	-0.828	0.561	1.164	0.937	-2.978	-3.786	2.676	2.325	-0.612	-0.615
ZSCAN23_TARGET_GENES ZSCAN23_TARGET_GENES	-1.866	-2.545	-0.690	4.230	1.082	-2.545	-0.980	1.367	0.290	0.616	0.433
ACTWSNACTNY_UNKNOWN ACTWSNACTNY_UNKNOWN	-0.868	-1.538	-1.538	2.464	2.113	-2.599	-1.165	0.977	1.789	0.977	-1.543
MCM2_TARGET_GENES MCM2_TARGET_GENES	-1.151	-0.488	-0.761	0.702	1.284	-2.569	-1.151	2.038	2.038	0.971	-2.573
GGCNKCCATNK_UNKNOWN GGCNKCCATNK_UNKNOWN	-1.505	-1.505	-0.343	1.886	2.539	-3.900	-0.343	1.886	1.087	-0.343	-1.510
ZNF133_TARGET_GENES ZNF133_TARGET_GENES	-1.905	-0.973	0.514	1.016	0.827	-3.454	-1.905	2.580	2.270	0.827	-1.237
GGCNNMSMYNTTG_UNKNOWN GGCNNMSMYNTTG_UNKNOWN	-1.090	-1.547	-1.547	3.986	0.429	-2.178	0.277	0.277	3.480	0.277	-1.093
CCGNMNNTNACG_UNKNOWN CCGNMNNTNACG_UNKNOWN	-1.673	-1.673	0.748	3.201	2.334	-2.324	-1.197	0.748	0.367	0.539	-1.678
TBX1_TARGET_GENES TBX1_TARGET_GENES	-1.992	0.278	0.480	1.293	1.991	-2.380	-2.826	1.741	2.257	-0.431	-1.662
CREBP1_01 CREBP1_01	-0.524	0.399	-0.850	0.799	1.584	-5.326	-3.247	0.399	1.584	1.361	0.511
UBE2I_TARGET_GENES UBE2I_TARGET_GENES	-0.959	-0.959	0.738	-0.421	0.519	-2.901	-1.997	4.986	1.297	-0.263	-0.423
CHAF1A_TARGET_GENES CHAF1A_TARGET_GENES	0.412	-0.677	1.542	2.976	-0.677	-2.261	-4.022	0.771	1.255	-0.677	-0.478
AACWWCAANK_UNKNOWN AACWWCAANK_UNKNOWN	-0.370	-2.169	0.760	0.760	2.827	-4.864	-1.111	1.150	0.339	0.944	-0.669
ZNF239_TARGET_GENES ZNF239_TARGET_GENES	-0.500	-0.892	0.339	2.223	0.339	-1.574	-1.574	-0.266	-1.574	4.053	-0.267
GGCNRNWCTTYS_UNKNOWN GGCNRNWCTTYS_UNKNOWN	-1.362	-0.980	-0.473	2.034	2.415	-3.524	-0.313	1.685	-0.313	0.616	-1.366
ADNP_TARGET_GENES ADNP_TARGET_GENES	0.441	-2.195	-0.301	1.942	-0.446	-1.225	-3.939	1.616	0.613	1.616	-0.448
E2F_01 E2F_01	-0.909	-1.331	-0.389	3.504	1.376	-1.331	-1.925	2.546	0.373	-1.331	-0.391
RRCCGTTA_UNKNOWN RRCCGTTA_UNKNOWN	-0.750	-0.350	0.257	1.566	2.262	-1.964	-1.964	2.656	0.390	-0.350	-2.661
ZNF595_TARGET_GENES ZNF595_TARGET_GENES	-0.363	-0.363	0.968	1.232	0.968	-2.693	-1.076	1.528	1.232	-0.537	-3.696
ZNF669_TARGET_GENES ZNF669_TARGET_GENES	-0.829	-0.829	0.273	1.830	3.158	-3.435	-0.829	1.068	0.861	0.273	-2.221
CDH4_TARGET_GENES CDH4_TARGET_GENES	-1.834	0.451	1.113	0.301	0.451	-2.508	-2.508	4.308	0.451	-0.301	-0.459
TERF2_TARGET_GENES TERF2_TARGET_GENES	-0.920	-1.186	0.330	2.921	0.452	-1.508	-2.924	0.955	3.287	-0.384	-0.924
PPARGC1A_TARGET_GENES PPARGC1A_TARGET_GENES	-1.353	0.249	-0.732	1.438	2.428	-3.104	-1.353	2.812	-0.360	0.524	-1.009
GGAMTNNNNNTCCY_UNKNOWN GGAMTNNNNNTCCY_UNKNOWN	-1.841	-1.430	-0.311	1.695	0.937	-3.786	-0.612	2.325	1.417	0.413	-0.615
WCTCNATGGY_UNKNOWN WCTCNATGGY_UNKNOWN	-2.471	-0.442	0.314	1.144	0.467	-1.306	-3.441	0.883	2.522	0.883	-0.444
AP2REP_01 AP2REP_01	1.911	-0.490	0.691	1.663	-0.632	-3.735	-1.526	0.326	-0.490	2.757	-1.532
CCAWYNNGAAR_UNKNOWN CCAWYNNGAAR_UNKNOWN	-0.380	-0.275	0.329	1.127	1.127	-2.196	-3.287	0.329	3.130	0.742	-2.203
CENPT_TARGET_GENES CENPT_TARGET_GENES	-0.632	0.326	-0.426	1.477	0.326	-3.399	-1.769	1.812	1.176	1.176	-1.774
ZSCAN5C_TARGET_GENES ZSCAN5C_TARGET_GENES	-0.666	-1.753	-1.404	2.827	1.626	-2.663	-0.867	0.760	0.339	2.186	-0.669
GGCKCATGS_UNKNOWN GGCKCATGS_UNKNOWN	-0.389	-0.389	1.063	2.546	0.790	-1.925	-1.925	1.063	0.560	-0.389	-2.823
MYC_Q2 MYC_Q2	-0.431	-0.896	-0.326	1.293	1.991	-4.621	-1.363	2.257	0.752	0.370	-0.901
PAX5_01 PAX5_01	-0.348	-1.294	-0.469	0.475	2.464	-4.296	-0.620	2.784	0.475	0.614	-1.033
PER1_TARGET_GENES PER1_TARGET_GENES	-0.733	-0.385	0.754	0.231	5.552	-0.385	-1.367	-0.733	0.754	-0.733	-1.369
ATGGYGGA_UNKNOWN ATGGYGGA_UNKNOWN	-1.946	-0.424	-0.828	2.559	0.611	-2.531	-0.600	1.559	-0.290	2.199	-1.122
THRA_TARGET_GENES THRA_TARGET_GENES	0.271	-0.667	-0.334	1.715	1.426	-4.521	-2.068	0.722	0.928	-0.334	0.391
AR_01 AR_01	-0.387	-0.677	2.317	-0.284	1.509	-4.442	-2.087	0.558	0.558	1.067	-0.520
AACYNNNNTTCCS_UNKNOWN AACYNNNNTTCCS_UNKNOWN	-1.379	-0.751	1.136	2.381	0.508	-4.188	-0.536	1.136	0.687	-0.250	-0.754
ZNF622_TARGET_GENES ZNF622_TARGET_GENES	0.373	-0.605	-0.240	3.008	1.063	-1.925	-1.925	-0.240	1.728	-0.389	-1.929
TNCATNTCCYR_UNKNOWN TNCATNTCCYR_UNKNOWN	-1.869	-1.165	-0.373	0.341	0.612	-2.892	-0.373	3.337	1.435	1.194	-0.905
TAAWWATAG_RSRFC4_Q2 TAAWWATAG_RSRFC4_Q2	0.535	0.413	-0.394	0.535	-0.674	-5.840	-0.859	0.310	0.310	2.789	0.831
CAVIN1_TARGET_GENES CAVIN1_TARGET_GENES	-0.770	-0.537	-1.475	2.601	0.968	-1.475	-2.693	0.540	0.968	1.528	-0.540
GATGKMRGCG_UNKNOWN GATGKMRGCG_UNKNOWN	-0.859	-1.853	-0.359	0.604	1.132	-1.853	-1.270	1.459	2.673	0.604	-0.861
YYCATTCAWW_UNKNOWN YYCATTCAWW_UNKNOWN	0.317	0.813	-0.285	0.980	1.584	-4.832	-1.788	0.416	1.164	0.416	-0.998
NEUROG3_TARGET_GENES NEUROG3_TARGET_GENES	-0.462	-0.994	-0.462	4.649	-0.462	-0.462	-0.994	1.214	0.427	-0.204	-0.995
RBM15_TARGET_GENES RBM15_TARGET_GENES	-1.072	-0.636	0.796	1.963	1.431	-3.188	-1.359	1.687	0.483	-1.072	0.256
YRTCANNRCGC_UNKNOWN YRTCANNRCGC_UNKNOWN	-0.329	-1.782	-0.329	2.349	1.929	-1.782	-0.526	0.440	-0.329	1.206	-1.786
KRCTCNNNNMANAGC_UNKNOWN KRCTCNNNNMANAGC_UNKNOWN	-1.853	0.250	2.231	0.405	0.604	-1.853	-2.735	0.604	0.250	0.604	0.602
STTTCRNTTT_IRF_Q6 STTTCRNTTT_IRF_Q6	-0.361	-0.960	-1.183	2.693	0.692	-2.485	-2.089	0.846	1.206	1.206	-0.476
YGCANTGCR_UNKNOWN YGCANTGCR_UNKNOWN	-1.001	-1.001	1.166	1.411	0.579	-3.293	-1.658	2.285	0.433	-0.291	0.309
TAXCREB_01 TAXCREB_01	0.693	-1.605	0.403	2.103	1.545	-3.056	-1.605	0.537	0.693	-0.995	0.401
CTR9_TARGET_GENES CTR9_TARGET_GENES	-1.180	-1.746	0.459	2.877	0.676	-1.746	-1.180	1.244	0.938	-0.315	-0.509
MAPK3_TARGET_GENES MAPK3_TARGET_GENES	-0.546	0.262	0.262	0.876	0.627	-1.817	-2.693	1.876	1.502	0.262	-1.243
ACAWNRNSRCGG_UNKNOWN ACAWNRNSRCGG_UNKNOWN	-1.210	-0.810	-0.329	2.807	1.206	-1.782	-0.810	-0.329	1.929	0.440	-1.213
COBLL1_TARGET_GENES COBLL1_TARGET_GENES	0.339	0.457	-0.666	2.497	1.626	-2.169	-2.169	1.377	-0.266	-0.370	-1.409
PHB2_TARGET_GENES PHB2_TARGET_GENES	-0.827	-1.025	0.636	0.508	0.636	-2.187	-2.187	0.636	4.176	0.301	-0.303
MCAATNNNNNGCG_UNKNOWN MCAATNNNNNGCG_UNKNOWN	-0.956	-0.457	-0.457	0.451	1.113	-2.508	-0.671	1.403	2.468	0.636	-1.838
ATF_B ATF_B	-0.370	-0.483	0.998	1.185	0.543	-4.797	-0.976	-0.370	1.847	0.829	-0.788
TFCP2_TARGET_GENES TFCP2_TARGET_GENES	-1.063	-0.488	0.878	2.200	0.446	-2.142	-1.063	0.446	2.200	-1.516	-0.315
ZSCAN18_TARGET_GENES ZSCAN18_TARGET_GENES	-0.242	-1.190	-1.190	3.102	1.620	-0.728	-1.947	0.598	-0.242	0.370	-0.432
PAX8_TARGET_GENES PAX8_TARGET_GENES	-1.390	-1.004	0.807	1.644	1.052	-2.582	-1.390	0.596	1.332	0.596	-0.713
BCL6B_TARGET_GENES BCL6B_TARGET_GENES	0.346	-1.553	-0.474	0.588	1.097	-2.769	-1.008	1.306	2.949	0.346	-1.013
PR_02 PR_02	-0.265	-1.484	2.290	0.782	0.341	-2.892	-1.869	-0.511	0.782	1.435	0.338
ZNF677_TARGET_GENES ZNF677_TARGET_GENES	-1.102	-1.413	-0.473	3.490	1.522	-2.794	0.264	0.661	0.264	-0.473	0.371
SOX11_TARGET_GENES SOX11_TARGET_GENES	-1.090	0.240	-0.650	0.431	0.684	-1.090	-1.823	2.278	1.798	0.431	-1.092
MIF1_01 MIF1_01	-0.301	-0.401	-0.524	0.799	0.301	-3.833	-1.921	1.156	0.399	2.647	0.396
ZNF37A_TARGET_GENES ZNF37A_TARGET_GENES	0.451	-0.493	1.111	0.740	1.111	-4.369	-0.493	0.740	1.327	-0.838	-1.342
ACCTGTTG_UNKNOWN ACCTGTTG_UNKNOWN	-1.103	0.428	-0.677	1.509	-0.387	-1.103	-3.691	-0.284	2.028	1.067	0.703
ZNF585B_TARGET_GENES ZNF585B_TARGET_GENES	-0.565	-1.001	0.311	0.579	0.946	-2.633	-1.297	3.360	1.166	-0.291	-0.763
HOXC11_TARGET_GENES HOXC11_TARGET_GENES	0.259	0.259	0.664	0.945	1.275	-2.237	-2.237	0.435	0.435	0.664	-1.433
TFAM_TARGET_GENES TFAM_TARGET_GENES	1.075	2.213	0.785	-0.690	-0.690	0.541	0.785	-2.445	-1.605	-0.690	-0.261
XBP1_01 XBP1_01	0.341	-1.484	-0.265	0.612	1.698	-4.438	0.341	0.977	-0.265	0.977	-0.689
KDM1B_TARGET_GENES KDM1B_TARGET_GENES	0.249	0.249	0.707	2.428	0.249	-1.005	-4.147	0.707	-0.732	0.524	0.248
ZNF169_TARGET_GENES ZNF169_TARGET_GENES	0.920	-0.411	-0.411	2.640	2.134	-1.157	-1.905	-0.411	-0.702	-0.411	-0.412
PIAS4_TARGET_GENES PIAS4_TARGET_GENES	-2.287	0.558	-0.368	1.025	0.382	-1.170	-1.642	0.243	1.314	2.389	-0.822
DICER1_TARGET_GENES DICER1_TARGET_GENES	-0.421	-0.959	0.998	2.872	-0.263	-1.997	-1.997	1.297	0.342	-0.263	-0.423
EGR2_01 EGR2_01	0.736	-0.325	-0.325	3.041	-0.325	-3.678	-1.587	0.278	-0.325	1.256	-0.328
ZNF16_TARGET_GENES ZNF16_TARGET_GENES	-0.522	0.265	0.265	0.413	-0.522	-1.116	-3.150	-0.522	2.938	0.824	0.821
FOXQ1_TARGET_GENES FOXQ1_TARGET_GENES	-0.860	-0.250	-0.250	0.940	1.333	-1.532	-0.860	2.304	0.359	-0.250	-1.535
CCAWNWWNNNGGC_UNKNOWN CCAWNWWNNNGGC_UNKNOWN	-1.028	-0.505	0.783	2.312	1.604	-1.418	-1.931	1.023	0.405	-1.028	-0.507
PAX6_01 PAX6_01	0.347	-0.552	-0.552	0.667	2.708	-3.179	-1.405	-0.552	0.667	1.108	-0.261
KMCATNNWGGA_UNKNOWN KMCATNNWGGA_UNKNOWN	0.290	-0.659	-0.461	1.900	1.286	-1.678	-1.250	1.900	0.794	-0.659	-1.682
YTCCCRNNAGGY_UNKNOWN YTCCCRNNAGGY_UNKNOWN	0.289	-1.063	-0.488	1.466	0.446	-2.142	-2.142	0.878	0.642	1.815	-0.490
SMARCA1_TARGET_GENES SMARCA1_TARGET_GENES	-0.511	-0.901	0.464	1.194	1.435	-2.892	-1.869	0.977	1.435	-0.511	-0.267
AHR_01 AHR_01	0.262	0.262	-0.546	0.627	0.876	-2.693	-1.240	1.876	1.168	0.262	-1.243
DR3_Q4 DR3_Q4	0.310	-0.711	1.081	0.310	2.701	-2.755	-1.829	-0.919	0.422	0.708	0.551
TGASTMAGC_NFE2_01 TGASTMAGC_NFE2_01	-1.276	-1.042	-0.407	0.496	0.623	-2.619	-1.276	2.242	1.510	0.927	0.384
GGGNNTTTCC_NFKB_Q6_01 GGGNNTTTCC_NFKB_Q6_01	-0.670	-1.144	-0.362	0.628	0.628	-2.302	-1.460	2.329	1.463	0.999	-0.674
CCCNNNNNNAAGWT_UNKNOWN CCCNNNNNNAAGWT_UNKNOWN	-1.095	0.462	0.462	1.310	1.310	-3.254	-1.095	1.054	0.462	0.462	-1.099
IRF2_01 IRF2_01	0.563	-0.580	-0.580	1.935	0.420	-4.169	-1.021	1.141	0.301	0.301	0.560
MED25_TARGET_GENES MED25_TARGET_GENES	0.406	-0.650	0.952	1.458	-0.464	-3.406	-0.650	0.281	1.752	0.559	-1.193
PPARA_01 PPARA_01	0.381	-0.234	-0.234	-0.453	2.389	-1.491	-1.491	-0.828	-0.234	1.859	-0.235
PPARA_02 PPARA_02	-0.847	1.796	-1.102	1.522	0.661	-3.470	-0.639	0.264	-0.341	0.840	0.371
HJURP_TARGET_GENES HJURP_TARGET_GENES	-1.159	-0.279	0.979	0.324	0.979	-0.579	-0.579	1.962	0.607	-1.159	-1.161
YBX1_TARGET_GENES YBX1_TARGET_GENES	-0.752	-0.505	-0.327	2.559	2.147	-2.178	-0.752	0.277	-0.505	0.851	-0.755
RYTGCNNRGNAAC_MIF1_01 RYTGCNNRGNAAC_MIF1_01	0.558	0.257	2.262	-0.750	0.257	-1.964	-2.656	0.558	0.257	1.264	-0.352
GTTGNYNNRGNAAC_UNKNOWN GTTGNYNNRGNAAC_UNKNOWN	0.543	-0.667	0.393	2.372	-0.478	-2.668	-2.068	-0.334	0.393	1.163	0.540
ZNF623_TARGET_GENES ZNF623_TARGET_GENES	-1.648	-0.641	-0.446	2.297	0.441	-0.896	-1.648	1.319	1.052	0.817	-0.899
RUVBL2_TARGET_GENES RUVBL2_TARGET_GENES	-0.892	-0.500	-0.266	0.584	1.721	-1.574	-1.574	0.339	0.898	1.278	-0.502
RPA1_TARGET_GENES RPA1_TARGET_GENES	0.397	0.612	0.397	0.397	0.233	-2.320	-2.320	-0.381	0.877	1.551	-0.383
MTHFD1_TARGET_GENES MTHFD1_TARGET_GENES	-0.455	-0.455	-0.455	0.579	3.762	-0.455	-0.455	0.187	-0.455	-0.455	0.578
CRGAARNNNNCGA_UNKNOWN CRGAARNNNNCGA_UNKNOWN	-1.988	-0.451	-0.451	0.571	2.485	-1.224	-0.755	1.180	0.848	-0.451	-0.257
ZNF34_TARGET_GENES ZNF34_TARGET_GENES	-1.997	-0.421	0.998	0.738	2.012	-0.646	-0.959	1.297	0.519	-0.646	-1.396
CCTNTMAGA_UNKNOWN CCTNTMAGA_UNKNOWN	-0.883	-1.144	-0.256	0.801	0.478	-2.859	-0.670	-0.498	1.463	2.329	0.475
SIPA1_TARGET_GENES SIPA1_TARGET_GENES	-0.666	-0.502	0.760	1.377	-0.370	-2.663	-1.111	1.626	1.377	0.457	-1.116
TTCNRGNNNNTTC_HSF_Q6 TTCNRGNNNNTTC_HSF_Q6	-0.348	-0.620	-0.620	2.464	0.475	-3.555	-0.620	0.954	-0.469	0.475	0.770
