GO	[-6.49 -0.69]	[-0.69 -0.27]	[-0.27 -0.12]	[-0.12 -0.00]	[-0.00 0.00]	[0.00 0.00]	[0.00 0.04]	[0.04 0.18]	[0.18 0.43]	[0.43 0.91]	[0.91 8.92]
MIR4755_3P MIR4755_3P	-3.189	1.197	2.258	0.795	-3.189	-4.788	-1.704	0.627	0.985	0.359	2.584
MIR2861 MIR2861	0.376	-0.538	2.212	0.376	-3.691	-3.691	-0.538	1.231	-0.364	-0.364	2.219
MIR4667_5P MIR4667_5P	-1.044	-0.497	0.434	1.054	-3.382	-2.829	-1.044	0.870	0.706	1.258	2.876
MEF2_01 MEF2_01	0.329	0.445	0.329	-2.197	-1.132	-1.779	0.329	-0.275	-0.885	0.329	7.057
HEN1_01 HEN1_01	-0.918	-0.457	-0.264	1.392	-2.755	-3.230	-1.128	1.840	0.842	0.559	2.362
MIR939_5P MIR939_5P	-0.962	-0.273	0.990	0.990	-2.570	-2.570	-1.608	-0.388	1.469	0.610	2.719
MIR1343_5P MIR1343_5P	-0.962	-0.273	1.217	0.787	-2.570	-2.570	-1.253	-0.537	2.043	0.458	2.373
MIR6871_5P MIR6871_5P	0.346	-0.434	0.541	0.346	-1.605	-1.605	-2.445	0.541	1.075	-0.434	3.182
MIR8089 MIR8089	-1.239	0.260	0.468	0.926	-2.741	-2.741	-0.782	1.329	0.468	0.754	2.371
MIR8058 MIR8058	-0.624	-0.624	-1.782	1.861	-1.057	-1.057	-0.354	0.254	1.861	-0.624	2.357
MIR6783_5P MIR6783_5P	-0.368	-0.838	-0.368	0.914	-2.480	-2.036	-0.838	0.739	1.818	0.451	2.101
GGGNNTTTCC_NFKB_Q6_01 GGGNNTTTCC_NFKB_Q6_01	-0.671	-0.671	0.627	0.998	-1.145	-2.303	-1.843	0.998	0.477	0.800	2.025
