GO	[-18.86 -0.70]	[-0.70 -0.32]	[-0.32 -0.05]	[-0.05 0.00]	[0.00 0.00]	[0.00 0.00]	[0.00 0.00]	[0.00 0.25]	[0.25 0.46]	[0.46 0.94]	[0.94 29.70]
GO:0006914 autophagy	2.465	-0.319	6.809	-0.319	-4.581	-6.757	-5.518	10.522	-0.937	-2.648	-0.936
GO:1904813 ficolin-1-rich granule lumen	2.117	-0.365	5.349	-0.692	-5.097	-3.972	-3.972	4.874	-0.692	0.486	-0.921
GO:0030667 secretory granule membrane	8.696	0.385	2.472	-1.765	-3.064	-3.064	-2.326	0.727	-0.982	-0.348	0.259
GO:0032729 positive regulation of interferon-gamma production	2.893	-0.354	1.039	-0.624	-1.781	-1.781	-1.781	-0.624	0.715	0.453	1.040
GO:0031092 platelet alpha granule membrane	5.575	0.362	-0.662	-0.662	-0.662	-0.662	-0.662	0.362	-0.247	-0.662	0.363
GO:0045746 negative regulation of Notch signaling pathway	2.563	-1.159	0.324	0.324	-1.159	-0.579	-1.159	-0.579	0.324	-0.579	2.564
GO:0031032 actomyosin structure organization	2.790	0.684	0.684	-0.241	-1.076	-1.076	-1.076	0.371	-1.076	-0.520	0.684
GO:0030206 chondroitin sulfate biosynthetic process	2.356	-0.204	0.426	-0.994	-0.994	-0.994	-0.994	1.213	-0.204	-0.462	0.772
GO:0031629 synaptic vesicle fusion to presynaptic active zone membrane	2.546	0.524	1.052	-0.497	-0.497	-0.497	-0.497	-0.497	0.524	-0.497	-0.497
