GO	[-5.47 -0.81]	[-0.81 -0.27]	[-0.27 0.00]	[0.00 0.00]	[0.00 0.00]	[0.00 0.00]	[0.00 0.00]	[0.00 0.00]	[0.00 0.22]	[0.22 0.76]	[0.76 6.80]
MORF_NPM1 MORF_NPM1	3.281	1.659	1.050	1.659	-1.447	-1.046	-1.972	-0.338	-0.509	-1.046	-1.506
MORF_ACTG1 MORF_ACTG1	2.074	2.074	1.329	1.329	-0.972	-1.413	-2.029	-0.262	-0.423	-0.972	-1.465
MORF_NME2 MORF_NME2	1.256	2.540	1.256	1.256	-0.957	-1.482	-2.306	-0.365	-0.365	-0.603	-0.995
MORF_TPT1 MORF_TPT1	1.637	3.059	0.645	1.256	-0.957	-0.957	-2.306	-0.603	-0.365	-0.603	-0.995
GNF2_CASP1 GNF2_CASP1	1.098	-0.521	0.688	-0.240	-0.240	-1.081	1.098	-1.081	-1.081	2.176	-1.107
MODULE_43 MODULE_43	0.766	-0.247	-0.664	-0.664	0.363	-0.664	-0.664	1.300	-0.664	2.722	-0.679
MORF_EIF4A2 MORF_EIF4A2	2.799	1.967	0.355	0.738	-1.245	-0.876	-0.876	0.526	-1.245	-0.601	-0.920
GCM_NPM1 GCM_NPM1	2.685	2.685	-0.272	0.524	-0.453	-0.453	-1.105	-0.453	-1.662	-0.453	-0.754
MODULE_120 MODULE_120	2.998	-0.414	-0.414	-0.414	0.642	0.642	-0.414	-0.414	-0.414	0.211	-0.424
