GO	[-5.49 -0.65]	[-0.65 -0.36]	[-0.36 -0.21]	[-0.21 -0.09]	[-0.09 0.00]	[0.00 0.01]	[0.01 0.13]	[0.13 0.29]	[0.29 0.54]	[0.54 1.06]	[1.06 6.47]
MORF_NPM1 MORF_NPM1	-4.577	-0.925	0.520	4.311	3.921	-3.814	9.652	2.533	-5.517	-6.759	-6.799
MORF_ANP32B MORF_ANP32B	-3.736	1.245	4.407	2.173	3.359	-3.736	2.446	2.446	-3.736	-8.277	-8.325
MORF_G22P1 MORF_G22P1	-4.160	1.002	5.406	3.807	3.807	-4.160	0.823	1.653	-3.498	-7.181	-7.222
MORF_EIF4A2 MORF_EIF4A2	-3.701	-0.960	1.615	4.862	4.002	-3.701	6.291	0.917	-4.574	-5.751	-5.784
MORF_PRKDC MORF_PRKDC	0.438	4.424	9.434	3.697	-0.473	-5.623	0.335	-0.609	-3.485	-4.794	-7.986
MORF_RFC4 MORF_RFC4	0.679	7.855	8.954	1.044	0.293	-5.083	-0.567	-0.744	-4.172	-5.083	-6.333
MORF_ACTG1 MORF_ACTG1	-3.701	-2.432	0.311	2.193	2.514	-3.004	9.610	4.423	-2.432	-4.574	-5.784
MORF_HAT1 MORF_HAT1	-3.563	6.167	7.598	2.114	0.635	-3.563	0.383	0.789	-2.506	-5.992	-7.307
GNF2_RRM1 GNF2_RRM1	0.257	13.318	6.214	0.999	-1.054	-3.657	-1.450	-2.663	-1.969	-3.657	-3.679
MORF_PPP1CC MORF_PPP1CC	0.356	5.777	9.295	1.573	-0.463	-4.725	0.470	-0.463	-4.725	-4.725	-5.713
MORF_CDC10 MORF_CDC10	-3.270	0.339	8.842	5.716	0.949	-6.087	-0.370	0.600	-0.502	-3.990	-6.122
GNF2_FBL GNF2_FBL	-1.135	1.133	4.747	4.322	0.928	-3.304	3.528	-0.380	-4.926	-6.129	-6.164
GNF2_EIF3S6 GNF2_EIF3S6	-1.933	-1.511	0.263	3.718	3.309	-2.451	10.179	0.516	-3.095	-5.038	-5.067
GNF2_PA2G4 GNF2_PA2G4	0.540	10.027	5.320	1.603	-1.199	-3.282	-1.199	-3.282	-1.677	-3.282	-3.301
MORF_DAP3 MORF_DAP3	-3.105	0.933	1.755	2.002	2.266	-4.258	2.002	4.555	-1.047	-5.812	-8.198
GNF2_SMC4L1 GNF2_SMC4L1	0.452	10.043	6.625	0.860	-1.337	-2.514	-0.958	-1.337	-3.490	-3.490	-3.511
MORF_FBL MORF_FBL	-1.612	2.767	5.656	2.119	1.555	-3.773	0.696	0.876	-3.773	-5.835	-5.868
MORF_DNMT1 MORF_DNMT1	0.414	4.802	9.872	1.425	-0.443	-3.800	-0.443	-0.830	-3.800	-3.800	-4.940
GNF2_PCNA GNF2_PCNA	0.373	14.586	3.521	0.561	-0.910	-2.823	-1.928	-1.928	-1.928	-2.823	-2.840
GCM_MLL GCM_MLL	-4.195	-0.309	1.392	6.232	-0.309	-7.223	3.063	3.403	-0.704	-1.697	-5.992
MORF_RRM1 MORF_RRM1	-0.385	5.510	10.466	1.113	0.347	-3.189	-1.409	-1.052	-3.189	-3.189	-4.267
MORF_RAD21 MORF_RAD21	-3.146	1.705	4.600	2.519	2.825	-3.726	2.519	-0.269	-2.212	-5.209	-6.232
MORF_PPP2CA MORF_PPP2CA	-3.343	1.147	2.598	4.600	3.737	-3.343	0.421	0.928	-2.135	-5.331	-5.362
MORF_TPT1 MORF_TPT1	-2.437	-2.437	0.347	1.113	1.997	-1.861	11.906	1.674	-2.437	-3.189	-4.267
GCM_ACTG1 GCM_ACTG1	-3.201	0.473	2.426	4.864	2.097	-4.031	1.509	1.509	-2.019	-5.163	-5.193
GNF2_RAN GNF2_RAN	0.278	8.353	6.416	1.337	-1.006	-3.574	-0.711	-1.903	-1.393	-3.574	-3.595
GNF2_CCNA2 GNF2_CCNA2	-0.239	11.880	5.842	-0.389	-0.910	-2.823	-1.333	-0.910	-1.928	-2.823	-2.840
GNF2_RFC4 GNF2_RFC4	1.042	10.809	4.816	-0.273	-1.093	-2.490	-2.490	-1.643	-1.643	-2.490	-2.504
MORF_CTBP1 MORF_CTBP1	-4.799	-0.365	1.519	2.618	2.938	-2.815	1.519	4.390	-0.815	-4.021	-7.053
GNF2_MCM5 GNF2_MCM5	-0.470	9.774	8.173	-0.738	-0.738	-2.532	-0.738	-1.678	-1.678	-2.532	-2.546
MORF_EIF3S6 MORF_EIF3S6	-3.954	0.853	2.176	3.661	2.873	-2.483	2.176	0.664	-2.483	-5.080	-5.109
MORF_NME2 MORF_NME2	-2.956	-1.032	-0.470	1.897	3.152	-2.434	6.043	4.701	-2.434	-2.956	-5.276
GCM_APEX1 GCM_APEX1	-1.735	1.281	5.592	3.702	1.552	-2.850	0.468	0.468	-3.646	-4.745	-4.772
GNF2_APEX1 GNF2_APEX1	-0.404	2.861	8.971	2.084	0.489	-3.824	-1.153	-0.589	-2.101	-3.824	-3.847
GNF2_FEN1 GNF2_FEN1	0.613	8.183	5.262	0.879	-1.502	-2.323	-2.323	-0.977	-2.323	-2.323	-2.337
GNF2_MCM4 GNF2_MCM4	0.272	10.430	5.630	-0.332	-0.893	-2.199	-1.397	-2.199	-1.397	-2.199	-2.211
MORF_RAD54L MORF_RAD54L	0.631	3.436	7.614	1.916	-0.280	-3.265	0.324	-2.505	-2.505	-3.265	-4.351
GNF2_HCK GNF2_HCK	-2.134	-3.866	-2.850	-0.855	-2.134	-2.850	-0.606	0.867	1.113	5.189	8.129
GNF2_CDC20 GNF2_CDC20	-0.622	9.840	5.262	0.613	-0.381	-2.323	-1.502	-2.323	-1.502	-2.323	-2.337
GNF2_DAP3 GNF2_DAP3	-0.867	0.531	1.935	2.971	2.971	-3.877	2.971	0.389	-3.060	-4.996	-5.025
MODULE_197 MODULE_197	0.500	13.892	3.022	-0.425	-0.318	-4.230	-0.719	-0.318	-2.506	-2.994	-2.533
GNF2_CASP1 GNF2_CASP1	-4.619	-4.619	-1.263	-0.703	-1.652	-2.137	-0.703	1.114	1.114	5.313	6.882
MORF_RAB1A MORF_RAB1A	-5.661	-1.208	0.427	0.681	1.400	-3.516	2.396	5.993	2.396	-1.777	-5.702
MORF_PSMC1 MORF_PSMC1	-5.623	-0.473	2.153	1.424	3.357	-2.502	2.723	3.032	-1.452	-1.755	-6.674
GNF2_CCNB2 GNF2_CCNB2	-0.234	9.654	4.512	0.847	-0.645	-2.365	-1.537	-2.365	-1.537	-2.365	-2.379
MODULE_124 MODULE_124	-2.234	12.034	4.432	-0.461	0.290	-3.992	0.290	-1.682	-1.254	-1.254	-2.253
MORF_PTPN11 MORF_PTPN11	-1.192	2.807	6.084	2.433	0.407	-3.417	-1.192	1.762	-2.642	-3.417	-4.519
GNF2_CENPF GNF2_CENPF	-0.489	9.600	5.229	0.479	-0.762	-2.573	-0.762	-0.762	-2.573	-2.573	-2.588
MORF_PCNA MORF_PCNA	-0.935	7.376	6.733	-0.442	0.659	-2.477	-0.289	-0.652	-2.477	-3.449	-3.469
GNF2_HDAC1 GNF2_HDAC1	-2.106	2.342	5.391	3.510	0.381	-3.493	0.528	0.704	-2.711	-3.493	-4.604
GNF2_KPNB1 GNF2_KPNB1	-1.039	5.314	7.936	1.513	-0.710	-3.032	-0.471	-1.039	-1.488	-3.032	-3.049
GCM_NPM1 GCM_NPM1	-1.385	-0.290	1.776	2.428	2.428	-2.293	3.585	0.988	-2.920	-4.828	-4.856
GNF2_XRCC5 GNF2_XRCC5	-3.115	0.853	9.113	3.498	-0.327	-1.550	0.621	-1.092	-2.183	-2.183	-3.133
MODULE_92 MODULE_92	1.308	-1.176	-5.005	-4.099	0.889	6.971	-3.371	-1.176	-0.923	1.550	2.371
GCM_MYST2 GCM_MYST2	-1.651	0.537	2.213	7.323	0.310	-4.125	1.442	0.679	-0.862	-1.651	-7.180
GNF2_CKS2 GNF2_CKS2	-0.492	9.253	3.411	1.465	-1.294	-2.074	-0.810	-2.074	-1.294	-2.074	-2.086
GNF2_TNFRSF1B GNF2_TNFRSF1B	-2.657	-2.657	-1.212	-1.212	-1.785	-2.657	-1.212	0.909	1.552	4.416	6.272
MORF_MSH2 MORF_MSH2	-0.452	6.125	6.125	0.520	0.331	-2.490	-1.643	-0.452	-2.490	-2.490	-2.504
MORF_CDC16 MORF_CDC16	-0.732	1.823	7.805	3.085	-0.488	-3.073	-0.488	-0.313	-2.146	-3.073	-3.091
GNF2_CDC2 GNF2_CDC2	-0.300	9.600	4.026	0.479	-0.762	-2.573	-0.762	-0.762	-1.714	-2.573	-2.588
MORF_PPP6C MORF_PPP6C	-2.505	-1.462	0.631	1.916	1.316	-2.505	5.347	3.436	-1.922	-1.922	-4.351
GCM_CSNK2B GCM_CSNK2B	-1.331	0.950	2.884	2.884	1.479	-3.075	1.479	0.730	-3.075	-4.117	-4.141
GCM_UBE2N GCM_UBE2N	-1.941	-0.447	1.691	6.669	0.378	-4.246	2.563	1.210	-0.995	-1.941	-5.196
MORF_ERH MORF_ERH	-1.763	1.252	1.252	1.519	2.839	-2.262	1.252	2.130	-2.262	-4.786	-4.814
MORF_UBE2N MORF_UBE2N	-1.228	2.696	6.713	0.819	0.819	-2.925	0.302	0.442	-1.653	-3.950	-3.973
MORF_BECN1 MORF_BECN1	-3.303	-1.489	1.567	1.567	-0.424	-4.368	1.876	5.267	1.032	-2.539	-2.560
GNF2_DEK GNF2_DEK	-0.247	7.108	4.409	0.816	-0.668	-2.407	-0.668	-0.668	-2.407	-2.407	-2.421
GCM_DFFA GCM_DFFA	-1.325	1.147	1.147	6.041	1.657	-4.186	0.734	0.565	-2.135	-1.691	-5.362
MORF_PPP1CA MORF_PPP1CA	-4.021	0.577	1.083	0.726	4.001	-2.340	1.766	3.630	-1.583	-2.340	-4.835
GNF2_RFC3 GNF2_RFC3	0.285	11.306	2.521	-0.318	-0.991	-1.700	-0.991	-0.991	-1.700	-1.700	-1.710
GCM_RAB10 GCM_RAB10	-3.498	2.180	-0.690	4.982	1.417	-3.498	0.823	1.907	-0.879	-0.690	-5.952
MODULE_244 MODULE_244	-0.729	13.130	2.248	0.470	-1.135	-2.422	0.362	-0.441	-2.422	-1.687	-2.055
GNF2_BUB1B GNF2_BUB1B	-0.782	7.740	6.174	-0.471	-0.471	-2.032	-0.782	-1.260	-0.782	-2.032	-2.044
MORF_FEN1 MORF_FEN1	-0.835	3.764	5.535	0.878	0.423	-2.698	-1.821	0.878	-1.821	-2.698	-2.714
MORF_UNG MORF_UNG	-1.118	3.929	5.024	1.393	0.413	-3.157	-0.523	0.413	-1.582	-3.157	-3.175
MORF_JUND MORF_JUND	-1.785	-2.657	-0.329	1.209	2.359	-1.785	7.729	0.909	-1.212	-1.785	-2.672
GCM_DDX5 GCM_DDX5	-1.242	1.507	2.298	8.331	-0.344	-1.821	-1.242	0.423	-1.821	-2.698	-2.714
GCM_CBFB GCM_CBFB	-0.647	2.435	5.014	3.369	-0.263	-2.907	-0.647	-0.263	-2.001	-2.907	-2.923
GCM_GSPT1 GCM_GSPT1	-1.284	0.337	1.292	2.618	0.447	-5.754	2.315	4.001	-1.030	-2.340	-4.054
MORF_RAD23B MORF_RAD23B	-2.561	0.476	1.545	2.942	1.320	-3.628	2.627	1.114	0.269	-3.628	-5.135
GNF2_CARD15 GNF2_CARD15	-1.965	-1.965	-0.935	-0.935	-0.935	-1.965	-1.965	0.765	-0.405	4.525	8.445
MORF_SMC1L1 MORF_SMC1L1	-1.152	5.229	5.229	0.302	0.703	-2.573	-0.489	-0.300	-1.714	-2.573	-2.588
MORF_CCNI MORF_CCNI	-2.663	-0.350	1.908	1.908	1.573	-2.663	4.538	0.559	-1.450	-2.663	-3.679
GNF2_CENPE GNF2_CENPE	-0.574	7.502	4.380	0.285	-0.318	-1.700	-0.574	-1.700	-1.700	-1.700	-1.710
MORF_BUB1B MORF_BUB1B	1.832	4.812	4.230	0.605	-1.272	-2.740	-0.566	-0.860	-1.857	-1.857	-2.756
GNF2_ST13 GNF2_ST13	-1.212	-0.329	0.652	2.359	0.909	-1.785	7.005	-0.329	-2.657	-2.657	-2.672
MORF_RPA2 MORF_RPA2	-2.556	0.818	3.610	2.651	0.987	-4.865	1.173	0.667	0.417	-3.018	-4.194
MORF_AP3D1 MORF_AP3D1	-2.194	-0.320	2.512	1.593	1.593	-1.744	1.097	2.512	-0.448	-4.263	-5.446
GCM_TPT1 GCM_TPT1	-1.394	-0.961	-0.961	1.302	5.014	-0.647	4.434	0.739	-2.001	-2.907	-2.923
MORF_RAF1 MORF_RAF1	-2.711	0.704	2.003	2.707	2.707	-3.493	0.381	0.909	-0.345	-2.711	-4.604
GNF2_HMMR GNF2_HMMR	-0.431	6.473	5.006	0.598	-0.431	-1.949	-1.192	-1.192	-1.192	-1.949	-1.960
MORF_BUB1 MORF_BUB1	1.020	4.419	5.070	0.722	-0.534	-1.363	-1.363	-1.363	-2.157	-2.157	-2.170
GNF2_TTK GNF2_TTK	-0.283	7.017	3.943	0.556	-0.925	-1.617	-0.524	-1.617	-1.617	-1.617	-1.626
MODULE_122 MODULE_122	1.057	-2.040	-1.017	-3.103	-2.523	1.057	-2.523	0.679	-0.785	1.280	8.666
GNF2_MLH1 GNF2_MLH1	0.750	8.186	1.481	1.086	-1.024	-1.741	-1.024	-1.024	-1.741	-1.741	-1.751
MORF_CUL1 MORF_CUL1	-2.948	1.969	3.804	1.598	1.598	-2.037	-0.275	0.328	-0.987	-2.948	-2.965
MORF_EIF4E MORF_EIF4E	-0.982	2.427	3.757	2.427	0.617	-2.551	1.086	-1.871	-0.982	-2.551	-3.553
MORF_EI24 MORF_EI24	0.497	1.469	3.732	1.230	0.266	-2.096	1.730	0.371	-1.343	-3.881	-5.995
MORF_PAPSS1 MORF_PAPSS1	-2.471	-0.568	2.674	1.347	1.956	-2.471	2.302	0.853	-0.269	-3.227	-4.309
GNF2_CKS1B GNF2_CKS1B	0.359	11.368	0.942	-0.250	-1.534	-1.534	-0.476	-0.860	-0.860	-1.534	-1.543
MODULE_62 MODULE_62	-2.700	-0.538	-1.078	0.971	1.865	-2.700	3.957	3.035	0.541	-2.700	-2.719
MODULE_183 MODULE_183	-1.242	0.628	6.189	2.751	0.628	-1.821	0.423	-0.546	-1.821	-2.698	-2.714
GNF2_HAT1 GNF2_HAT1	0.318	7.571	1.098	1.098	-0.285	-2.074	0.318	-1.294	-2.074	-2.074	-2.086
MORF_ESPL1 MORF_ESPL1	0.316	4.712	5.340	0.499	-0.470	-1.678	-1.123	-0.287	-1.678	-2.532	-2.546
MORF_SART1 MORF_SART1	-1.182	-0.507	0.677	2.890	3.937	-1.749	1.598	0.460	-2.615	-2.615	-2.630
GCM_PSME1 GCM_PSME1	-0.982	0.834	3.285	0.834	1.086	-2.551	0.834	2.044	-1.871	-3.532	-3.553
MODULE_158 MODULE_158	0.454	9.817	0.717	0.454	-0.354	-1.783	-0.354	-1.057	-1.783	-1.783	-1.793
GNF2_MSH2 GNF2_MSH2	0.608	10.856	0.608	-0.579	-0.279	-1.160	-1.160	-1.160	-1.160	-1.160	-1.167
GNF2_SMC2L1 GNF2_SMC2L1	0.231	8.299	2.675	0.231	-0.733	-1.368	-0.733	-1.368	-1.368	-1.368	-1.375
GNF2_RRM2 GNF2_RRM2	-0.300	5.238	5.238	0.302	-0.300	-1.658	-0.958	-1.658	-0.958	-1.658	-1.668
MORF_MAP2K7 MORF_MAP2K7	2.448	0.541	-1.556	-2.264	0.680	7.578	-3.207	-1.029	-2.264	1.013	-0.838
MORF_MAP2K2 MORF_MAP2K2	-1.419	0.264	1.808	1.279	0.506	-1.419	1.532	3.926	-0.641	-3.485	-5.531
MODULE_126 MODULE_126	-0.513	6.559	6.107	-0.513	-0.513	-3.238	-0.838	-0.661	-0.391	-2.730	-0.853
GNF2_NPM1 GNF2_NPM1	-0.689	1.919	2.755	1.919	0.939	-2.990	0.690	0.315	-2.073	-2.990	-3.007
GNF2_HPX GNF2_HPX	1.709	-1.169	-1.169	-1.169	-2.905	6.015	-0.904	-2.905	-0.904	0.786	3.330
GCM_ZNF198 GCM_ZNF198	-1.410	0.301	0.427	7.523	0.758	-2.955	0.301	0.964	-0.301	-1.078	-4.898
GNF2_TPT1 GNF2_TPT1	-1.575	-0.893	-0.893	0.900	0.339	-0.500	9.056	0.900	-1.575	-1.575	-1.584
MORF_TERF1 MORF_TERF1	-0.860	0.605	3.165	3.165	1.832	-2.740	-0.566	0.406	-1.272	-2.740	-2.756
MODULE_57 MODULE_57	0.879	5.941	4.009	-0.977	-0.622	-2.323	-0.622	-2.323	-0.977	-0.381	-1.513
GNF2_S100A4 GNF2_S100A4	-1.949	-1.949	-1.192	-0.729	-1.192	-1.949	-0.729	1.625	0.370	2.569	5.688
GNF2_TDG GNF2_TDG	-0.796	5.233	4.466	0.404	-1.451	-1.451	-0.430	-0.218	-1.451	-1.451	-1.459
GNF2_RBBP6 GNF2_RBBP6	-0.987	1.969	2.819	4.345	0.328	-2.037	0.501	-0.668	-2.037	-2.037	-2.965
MORF_RPA1 MORF_RPA1	-0.714	4.213	2.617	2.161	0.758	-1.643	-1.093	-0.452	-1.643	-2.490	-2.504
MORF_GSPT1 MORF_GSPT1	-1.260	3.504	2.418	2.939	0.547	-2.032	-1.260	-0.270	-1.260	-2.032	-2.044
MODULE_289 MODULE_289	0.630	-2.019	-1.587	-3.201	-0.376	5.342	-1.587	-0.523	-1.233	0.630	4.820
MODULE_125 MODULE_125	0.431	8.675	0.685	0.685	-0.373	-1.824	-0.373	-0.650	-1.824	-1.824	-1.835
MODULE_436 MODULE_436	0.428	-1.233	-0.735	-5.751	-0.735	0.731	-0.553	-1.958	0.428	5.321	2.823
MORF_PRKAR1A MORF_PRKAR1A	-3.170	-0.818	0.371	0.818	1.230	-1.343	2.316	4.134	0.646	-1.686	-4.802
GNF2_LCAT GNF2_LCAT	1.791	-0.945	-1.233	-0.945	-3.201	5.840	-1.233	-2.547	-0.523	0.630	2.748
MORF_TERF2IP MORF_TERF2IP	-2.920	-0.417	1.224	3.176	1.224	-3.723	0.988	1.487	0.440	-1.385	-3.749
GNF2_DENR GNF2_DENR	-0.300	1.823	3.904	3.320	-0.837	-2.115	-0.837	0.302	-1.328	-2.115	-2.128
MORF_CDH4 MORF_CDH4	2.269	0.598	-1.190	-1.904	0.767	5.457	-1.514	-1.190	-4.497	1.176	-0.715
MORF_TPR MORF_TPR	-3.304	-0.274	1.608	0.746	0.928	-2.207	2.168	1.608	1.133	-1.787	-4.959
GNF2_ITGB2 GNF2_ITGB2	-1.537	-2.365	-1.537	-1.006	-2.365	-1.006	-0.234	2.831	1.154	1.508	3.329
MODULE_292 MODULE_292	0.598	-0.703	-1.190	-4.497	-1.904	1.176	-0.923	-0.923	-0.384	3.316	4.945
GNF2_HPN GNF2_HPN	2.683	-1.148	-1.148	-1.148	-2.313	6.090	-0.886	-2.313	-0.886	0.479	2.008
MORF_PSMC2 MORF_PSMC2	-3.646	0.468	0.630	1.037	1.552	-2.230	3.284	1.037	0.333	-1.735	-3.671
GCM_RAF1 GCM_RAF1	-1.057	-0.354	1.867	6.322	1.042	-1.783	-1.057	0.254	-1.783	-1.783	-0.630
GNF2_ESPL1 GNF2_ESPL1	-0.430	7.833	2.484	-0.796	-0.430	-1.451	-0.796	-0.430	-0.430	-1.451	-1.459
GCM_PPP1CC GCM_PPP1CC	-0.977	1.194	2.906	2.906	0.613	-2.323	0.233	0.398	-1.502	-2.323	-2.337
MORF_DEAF1 MORF_DEAF1	-0.234	1.906	3.353	1.906	-0.645	-1.537	0.589	-0.234	-2.365	-2.365	-2.379
GNF2_MCL1 GNF2_MCL1	-2.365	-2.365	-1.537	-0.398	-1.006	-1.537	-0.398	1.508	0.847	3.914	2.329
MORF_MTA1 MORF_MTA1	-0.733	0.710	2.443	0.710	1.750	-2.369	1.750	0.372	-0.521	-3.113	-4.183
MORF_MBD4 MORF_MBD4	-3.532	0.436	1.086	0.617	0.617	-1.871	3.285	2.427	-0.982	-1.365	-2.569
MODULE_171 MODULE_171	0.938	-1.212	-1.538	-2.971	-2.402	1.646	-0.719	-0.941	-0.395	4.483	2.868
MODULE_152 MODULE_152	-2.019	-0.711	0.343	1.251	1.019	-2.547	2.779	2.426	0.811	-1.587	-4.059
MORF_RAB5A MORF_RAB5A	-3.950	-0.446	0.302	-0.446	1.056	-1.228	4.016	2.310	0.614	-0.897	-2.945
MODULE_146 MODULE_146	0.669	-3.189	-1.861	-2.437	-0.259	5.510	-1.052	-0.552	-0.259	0.493	2.323
CAR_HPX CAR_HPX	0.464	-1.488	-1.039	-1.039	-0.471	6.570	-0.710	-2.110	-1.488	0.302	3.128
MORF_RFC1 MORF_RFC1	-1.597	1.169	1.433	4.961	0.393	-1.597	0.544	-0.479	-0.334	-1.215	-4.561
GNF2_VAV1 GNF2_VAV1	-1.492	-0.828	-1.492	-1.492	0.986	-1.492	0.381	1.863	0.986	3.629	-1.501
GNF2_CD53 GNF2_CD53	-2.407	-1.572	-1.572	-1.572	1.461	-1.572	1.115	2.284	1.115	2.284	-1.045
GNF2_STAT6 GNF2_STAT6	-3.282	-1.677	-1.677	-0.577	0.367	-1.677	0.998	2.766	2.766	1.603	-0.853
MODULE_324 MODULE_324	0.646	-1.442	-1.442	-2.839	-0.486	2.387	-1.127	-1.442	-0.486	1.026	6.114
GNF2_PECAM1 GNF2_PECAM1	-1.502	-2.323	-0.977	-0.622	-0.977	-1.502	-0.977	1.556	0.613	2.906	3.982
MODULE_345 MODULE_345	0.447	-0.744	-0.552	-4.108	-2.077	0.772	-0.552	-1.639	0.447	4.280	3.021
GCM_HBP1 GCM_HBP1	-2.001	0.739	0.520	3.886	1.000	-2.001	1.642	-0.263	-0.421	-2.001	-2.923
MORF_SNRP70 MORF_SNRP70	-1.152	-0.762	2.045	3.476	0.703	-1.714	0.973	0.703	-0.489	-2.573	-2.588
GNF2_NS GNF2_NS	0.302	1.598	6.833	0.302	-0.958	-1.658	-0.300	-0.549	-0.549	-1.658	-1.668
MORF_BMI1 MORF_BMI1	-0.595	-0.397	2.706	2.292	0.969	-3.323	1.562	-0.595	-0.254	-2.366	-2.383
MORF_CTSB MORF_CTSB	2.567	-0.326	-1.371	-2.005	0.278	7.224	-2.005	-0.715	-1.371	0.610	-0.573
MORF_SP3 MORF_SP3	-3.240	0.559	1.645	1.318	2.827	-1.172	0.775	0.559	-0.820	-2.293	-2.309
GNF2_MSH6 GNF2_MSH6	0.837	5.938	1.723	0.264	-0.671	-1.285	-0.671	-1.285	-0.671	-1.285	-1.292
GNF2_ELAC2 GNF2_ELAC2	-0.228	2.649	4.449	-0.411	-0.411	-1.908	0.922	-0.702	-0.702	-1.908	-1.919
MODULE_375 MODULE_375	0.363	-2.035	-2.035	-2.035	-0.247	2.976	-1.507	-0.247	-0.792	0.717	4.865
GNF2_UBE2I GNF2_UBE2I	-0.650	-1.091	1.374	1.803	3.396	-1.824	1.000	0.240	-1.091	-1.824	-1.835
GNF2_H2AFX GNF2_H2AFX	-0.671	5.089	2.885	0.509	-0.341	-1.285	-0.341	-0.671	-1.285	-1.285	-1.292
MORF_IL4 MORF_IL4	3.275	0.417	-0.997	-1.800	-0.285	5.933	-1.800	-1.800	-1.493	0.533	-0.389
GNF2_MYD88 GNF2_MYD88	-2.490	-1.643	-1.643	-1.093	-0.714	-1.643	1.042	2.161	2.617	0.758	1.358
GNF2_ANP32B GNF2_ANP32B	0.615	4.194	2.310	0.615	-0.250	-1.534	-0.860	-0.476	-1.534	-1.534	-1.543
GNF2_BUB1 GNF2_BUB1	-0.240	8.092	1.090	-0.240	-0.520	-1.077	-0.520	-1.077	-0.520	-1.077	-1.083
GNF2_FGR GNF2_FGR	-1.326	-1.326	-0.363	-1.326	-1.326	-1.326	-0.702	1.186	1.186	1.650	3.415
MORF_CDK2 MORF_CDK2	-0.288	2.755	1.919	0.939	0.482	-2.073	0.690	-0.454	-0.454	-2.990	-3.007
GCM_ING1 GCM_ING1	-1.892	0.583	0.239	1.100	-0.885	-1.303	3.093	3.093	-0.374	-1.303	-2.798
GNF2_CD1D GNF2_CD1D	-1.091	-1.091	-0.650	-0.650	-0.650	-1.824	-1.091	0.431	-0.373	4.022	4.666
MODULE_223 MODULE_223	1.035	-2.554	-3.137	-1.321	-1.037	1.035	-0.609	-0.329	-0.453	4.190	2.325
GNF2_SPINK1 GNF2_SPINK1	0.685	-1.077	-1.077	-1.077	1.090	3.515	-0.520	-1.077	-1.077	-1.077	2.139
MODULE_113 MODULE_113	0.434	-0.617	-2.574	-0.850	0.595	5.189	-1.983	-1.145	-1.516	1.006	1.815
GNF2_PTPN6 GNF2_PTPN6	-1.949	-1.192	-1.949	-0.729	-0.729	-1.192	0.370	1.625	3.113	2.569	-0.245
MODULE_433 MODULE_433	1.695	-0.470	-1.123	-1.123	-1.123	5.340	-2.532	-1.123	-0.470	0.499	0.996
GNF2_BUB3 GNF2_BUB3	0.324	0.980	5.644	0.324	-0.579	-1.160	0.608	-1.160	-1.160	-1.160	-1.167
MORF_LCAT MORF_LCAT	2.070	0.256	-0.868	-0.656	-0.656	6.166	-2.839	-2.283	-0.486	0.492	-0.253
GNF2_DDX5 GNF2_DDX5	-2.615	-0.314	-0.314	1.990	0.940	-1.182	2.890	1.248	-0.786	-0.786	-2.630
MORF_BAG5 MORF_BAG5	-2.282	-0.600	1.235	0.912	1.606	-1.467	1.606	2.022	-1.467	-1.467	-1.478
MODULE_263 MODULE_263	0.226	-1.866	-1.866	-1.866	0.655	2.731	-1.866	0.226	0.226	1.323	1.311
GCM_ERBB2IP GCM_ERBB2IP	-0.738	1.329	-1.678	2.102	0.499	-2.532	-0.738	3.036	0.730	-1.123	-1.690
GNF2_PTPRC GNF2_PTPRC	-1.928	-2.823	-1.928	0.373	-0.239	-1.928	0.792	2.557	0.792	1.735	0.553
GNF2_HLA_C GNF2_HLA_C	-1.949	-0.729	-1.949	-0.729	-0.241	-1.192	0.885	1.228	1.625	3.701	-1.201
GCM_PFN1 GCM_PFN1	-0.837	-0.300	1.058	0.752	1.058	-2.115	1.058	2.777	-0.837	-2.115	-2.128
GNF2_SERPINI2 GNF2_SERPINI2	0.427	-0.994	-0.994	-0.994	0.773	3.821	-0.462	-0.994	-0.994	-0.994	2.348
GNF2_CD33 GNF2_CD33	-1.328	-1.328	-0.513	-0.837	-0.300	-2.115	-0.837	0.302	0.302	3.320	4.501
MORF_PRDX3 MORF_PRDX3	-1.365	0.290	1.372	2.044	1.692	-1.365	1.086	1.086	-1.365	-2.551	-2.569
GCM_RAN GCM_RAN	-1.868	0.626	1.113	1.755	0.498	-4.258	1.113	2.002	-0.528	-0.309	-3.138
MODULE_208 MODULE_208	0.832	-1.211	-1.562	-2.515	-1.990	1.826	-0.510	-0.925	-0.254	2.826	2.795
MODULE_199 MODULE_199	0.847	-1.537	-1.537	-1.537	-0.645	-1.537	-0.234	-0.645	-0.234	3.914	3.329
GCM_RAD21 GCM_RAD21	-0.860	0.942	1.335	4.925	0.359	-0.860	-0.250	-0.476	-1.534	-1.534	-1.543
MORF_WNT1 MORF_WNT1	2.479	-0.870	-1.543	-0.870	-0.311	5.630	-2.013	-1.543	-0.634	0.291	0.753
MODULE_382 MODULE_382	-0.279	-1.160	-0.579	-1.160	0.324	6.566	-0.579	-1.160	-1.160	0.608	0.602
GNF2_RPA1 GNF2_RPA1	-1.160	2.570	4.781	0.324	-0.279	-1.160	-0.279	-0.579	-1.160	-0.579	-1.167
MORF_MAP3K14 MORF_MAP3K14	1.117	0.272	-1.904	-1.904	0.531	5.639	-2.420	-0.867	-0.867	0.389	0.881
MORF_GMPS MORF_GMPS	-0.556	0.983	2.625	3.147	-0.332	-1.397	0.272	0.272	-0.893	-2.199	-2.211
MODULE_170 MODULE_170	1.170	-1.801	-1.007	-1.801	-2.369	0.372	-1.357	0.372	0.710	1.170	4.595
GNF2_INPP5D GNF2_INPP5D	-1.783	-1.783	-0.354	-0.354	0.717	-1.783	1.042	1.426	0.717	2.360	-1.793
MODULE_403 MODULE_403	0.390	5.135	1.275	1.275	-0.411	-1.158	-0.411	-1.158	-1.158	-1.908	-1.167
MORF_CCNF MORF_CCNF	-0.368	2.827	0.775	1.645	0.775	-0.820	1.028	-0.820	-1.172	-3.240	-2.309
MODULE_357 MODULE_357	1.562	-0.595	-1.709	-1.709	-0.397	4.665	-1.226	-1.226	-0.865	-0.254	2.270
MODULE_28 MODULE_28	-1.326	-0.702	1.186	0.795	2.778	-0.702	2.182	-0.363	-1.326	-1.326	-1.334
MODULE_410 MODULE_410	-0.234	-1.492	-1.492	-1.492	-0.453	2.395	-0.453	-0.828	-0.453	0.647	4.303
GCM_NUMA1 GCM_NUMA1	0.246	-0.364	0.246	1.606	0.246	-2.282	1.235	3.526	-0.949	-1.467	-2.295
MODULE_128 MODULE_128	1.261	-1.712	-0.941	-1.712	-2.268	0.413	-1.712	0.413	0.774	1.261	3.845
MODULE_29 MODULE_29	-1.160	-0.579	-1.160	0.608	1.966	-0.279	2.570	1.434	-1.160	-1.160	-1.167
MODULE_149 MODULE_149	-1.534	-0.250	-0.250	1.793	0.615	-1.534	3.513	0.359	-0.250	-1.534	-1.543
MODULE_400 MODULE_400	0.609	-0.787	-0.787	-0.787	-0.787	2.273	-0.787	-0.787	-0.787	0.279	3.847
GCM_MAP4K4 GCM_MAP4K4	-1.651	1.222	0.414	0.841	-0.521	-2.423	-0.521	3.854	0.310	1.022	-3.497
GNF2_TNFSF10 GNF2_TNFSF10	-0.320	-1.243	-0.640	-1.243	-1.243	-1.243	-0.640	0.882	0.540	3.694	1.788
MODULE_297 MODULE_297	1.562	-0.595	-1.709	-1.709	-0.254	4.132	-1.226	-1.226	-0.865	-0.254	2.270
MODULE_79 MODULE_79	1.199	-1.771	-0.985	-1.771	-2.335	0.385	-1.331	0.385	0.950	1.199	3.713
GNF2_BNIP2 GNF2_BNIP2	-1.409	-1.409	1.081	-0.407	1.081	-0.765	2.015	2.578	-0.765	-0.765	-1.417
GNF2_G22P1 GNF2_G22P1	0.381	0.647	3.629	1.863	0.381	-0.828	-0.453	-1.492	-0.828	-1.492	-1.501
GNF2_CD48 GNF2_CD48	-1.326	-0.702	-1.326	-0.702	0.795	-1.326	0.480	1.650	0.795	2.778	-1.334
MODULE_259 MODULE_259	0.390	-1.158	-1.158	-1.908	-0.411	-1.158	-0.411	-0.411	-0.228	3.204	3.780
GNF2_KISS1 GNF2_KISS1	0.334	-0.471	-2.032	-1.260	1.140	5.448	-0.782	-1.260	-0.471	-0.471	0.807
MORF_RAB11A MORF_RAB11A	-1.607	1.078	0.347	0.786	2.221	-2.448	1.797	0.542	-1.064	-1.064	-1.619
GNF2_GSTM1 GNF2_GSTM1	1.725	-0.668	-0.910	-0.910	-2.075	2.757	-1.215	-2.075	-0.334	0.932	2.361
MORF_BCL2L11 MORF_BCL2L11	2.280	0.481	-1.371	0.371	0.610	3.878	-1.117	-2.844	-1.665	0.610	-0.917
MORF_XPC MORF_XPC	-1.643	0.520	-0.452	0.520	-1.093	-1.093	2.161	3.112	0.758	-0.714	-2.504
MORF_CSNK1D MORF_CSNK1D	-2.907	-1.394	-0.421	1.642	0.739	-1.394	0.739	1.642	1.302	0.343	-2.015
MORF_PPP2R5E MORF_PPP2R5E	-1.773	-0.277	0.681	1.180	1.483	-2.440	2.190	0.913	-0.277	-1.281	-2.457
MODULE_105 MODULE_105	-1.133	3.953	2.665	-0.457	0.562	-3.252	0.444	-1.133	-0.740	0.562	-1.153
MORF_RAB6A MORF_RAB6A	-0.885	-1.892	1.783	1.100	0.389	-0.586	1.100	0.583	1.421	-2.782	-1.906
MODULE_164 MODULE_164	-0.287	-1.678	-0.470	-1.678	-0.287	3.036	-1.678	-1.678	1.007	0.730	2.084
GCM_BCL2L1 GCM_BCL2L1	-1.409	0.428	1.081	1.081	-0.407	-1.409	2.015	1.515	-0.765	-1.409	-1.417
GCM_MAX GCM_MAX	-1.285	0.264	0.509	3.561	0.509	-0.671	1.723	-0.341	-1.285	-1.285	-1.292
MODULE_76 MODULE_76	0.503	-1.741	-2.403	-1.741	0.503	0.703	-1.741	-0.266	0.340	2.240	2.624
GNF2_PPP6C GNF2_PPP6C	-0.925	0.320	0.859	1.229	1.660	-1.617	2.150	-0.283	-0.925	-1.617	-1.626
MODULE_97 MODULE_97	-1.279	-0.476	3.424	2.216	-0.678	-3.000	1.550	0.280	-0.476	-0.476	-1.293
MORF_PPP2R4 MORF_PPP2R4	-2.115	-0.300	1.058	1.058	0.499	-1.328	0.499	3.320	-0.837	-0.513	-2.128
MORF_USP5 MORF_USP5	-1.363	0.287	0.722	3.232	-0.316	-0.865	1.368	0.722	-0.316	-2.157	-2.170
GNF2_CD14 GNF2_CD14	-0.765	-1.409	-0.407	0.216	-0.407	-1.409	-1.409	-0.407	0.717	2.015	3.857
CAR_IGFBP1 CAR_IGFBP1	0.589	-1.537	-1.006	-1.006	0.380	5.146	-1.006	-1.537	-0.645	0.380	1.493
GNF2_GLTSCR2 GNF2_GLTSCR2	-1.285	-0.671	0.509	0.837	1.243	-0.341	3.561	0.264	-1.285	-1.285	-1.292
GNF2_ICAM3 GNF2_ICAM3	-1.617	-1.617	-1.617	0.320	-0.524	-0.925	-0.524	2.150	1.660	1.229	0.851
GCM_SUFU GCM_SUFU	-0.541	0.579	-0.354	3.851	0.800	-3.198	0.800	0.397	-0.541	-0.541	-2.272
MODULE_108 MODULE_108	-0.381	-1.502	-1.502	-0.977	0.879	2.414	-2.323	-0.381	-0.381	1.963	1.182
MORF_DAP MORF_DAP	-2.293	-1.645	0.243	1.028	0.243	0.243	2.400	1.318	1.318	-1.172	-2.309
GCM_CHUK GCM_CHUK	-0.987	0.714	0.714	2.377	0.969	-1.425	0.714	0.714	-0.437	-2.037	-2.965
GCM_RBM8A GCM_RBM8A	-1.226	0.521	2.706	2.706	-0.254	-2.366	0.353	0.521	-0.595	-0.595	-2.383
MODULE_154 MODULE_154	1.432	-0.505	-1.550	-1.550	0.277	3.498	-1.092	-1.550	-0.753	0.277	2.136
MODULE_298 MODULE_298	-0.240	-1.077	-1.077	-1.077	0.685	5.151	-0.520	-0.240	-1.077	-0.240	0.679
GNF2_TIMP2 GNF2_TIMP2	-0.228	-0.411	-1.908	-1.158	0.922	5.135	-0.702	-1.158	-0.702	-0.228	0.913
GNF2_CBFB GNF2_CBFB	-1.243	0.540	1.304	0.882	0.882	-1.243	1.800	0.283	-1.243	-1.243	-1.250
GNF2_EGFR GNF2_EGFR	0.247	-0.702	-1.326	-0.702	0.795	4.922	-0.702	-0.702	-1.326	-0.363	1.177
MORF_PHB MORF_PHB	-1.587	0.343	0.811	2.097	0.343	-1.587	1.791	0.343	0.811	-0.711	-4.059
GNF2_FOS GNF2_FOS	-1.700	-0.991	-0.574	-0.991	0.285	-1.700	-0.574	1.131	0.502	3.092	1.526
MORF_FRK MORF_FRK	0.704	0.704	0.261	0.704	-0.493	3.510	-3.493	-2.106	-1.239	0.704	-0.352
MODULE_91 MODULE_91	-0.860	-0.476	0.942	0.942	2.310	-0.860	2.310	-0.476	-0.860	-1.534	-1.543
MODULE_247 MODULE_247	0.359	-0.476	-1.534	-0.476	0.359	0.359	-1.534	-0.476	-1.534	3.513	1.779
MODULE_307 MODULE_307	-0.491	-0.491	-1.036	-0.222	-0.222	-1.036	4.474	1.151	0.727	-1.036	-1.042
GNF2_TST GNF2_TST	1.602	-0.585	-0.810	-0.810	-2.505	2.257	-1.098	-1.462	-0.411	0.830	2.597
MODULE_96 MODULE_96	-0.250	-0.860	-0.860	-1.534	-0.476	2.310	-0.476	-0.860	-0.860	0.615	4.170
MODULE_119 MODULE_119	1.057	-0.785	-0.785	-2.523	-0.785	-1.017	-0.441	-1.017	0.524	3.837	2.364
MODULE_329 MODULE_329	1.416	-1.328	-1.328	-0.513	-0.513	3.904	-1.328	-0.513	-1.328	0.752	1.048
MODULE_315 MODULE_315	-0.704	4.284	1.824	-0.704	-0.704	-0.704	0.332	-0.704	-0.272	-0.272	-0.708
MORF_EPHA7 MORF_EPHA7	1.103	0.553	-0.566	0.301	-0.418	4.799	-3.037	-1.255	-1.255	0.713	-0.577
GNF2_CCNA1 GNF2_CCNA1	0.583	-1.303	-1.303	-1.892	0.389	4.141	0.239	-1.303	-0.885	0.820	1.088
GNF2_MLF1 GNF2_MLF1	0.578	-1.030	-0.731	-1.422	0.405	5.158	-0.505	-1.936	-1.030	1.027	0.569
GNF2_MSN GNF2_MSN	-0.994	-0.994	-0.994	-0.994	0.427	-0.462	0.427	3.821	1.747	-0.462	-0.466
GNF2_IGFBP1 GNF2_IGFBP1	0.681	-0.430	-0.796	-0.796	0.404	6.050	-0.430	-0.796	-1.451	-0.796	0.399
MODULE_182 MODULE_182	-0.985	-0.715	2.884	2.126	-0.506	-3.075	1.479	-0.347	-0.347	0.259	-1.345
MORF_GPX4 MORF_GPX4	-1.467	-1.467	-0.364	0.246	0.416	-0.364	1.606	4.726	0.246	-1.467	-0.958
MODULE_387 MODULE_387	1.517	-1.260	-1.260	-0.471	-0.782	3.504	-1.260	-0.471	-1.260	0.816	1.129
MODULE_274 MODULE_274	2.591	-0.911	-2.440	-0.427	-1.281	2.591	-0.277	-0.911	-0.911	0.485	1.166
MODULE_426 MODULE_426	0.391	0.257	-0.751	-1.450	1.269	1.269	-3.657	-0.751	-0.751	1.573	1.254
MODULE_68 MODULE_68	-0.240	-1.077	-1.077	-1.077	0.685	5.151	-0.520	-0.240	-0.520	-0.520	0.679
GCM_CSNK1A1 GCM_CSNK1A1	-0.234	1.392	0.381	1.392	0.986	-1.492	0.647	0.381	-1.492	-1.492	-1.501
GNF2_MKI67 GNF2_MKI67	-0.279	3.243	2.570	-0.279	0.324	-1.160	-0.579	-0.279	-0.579	-1.160	-1.167
MODULE_512 MODULE_512	1.335	-1.534	-1.534	-0.250	-0.476	1.793	-0.860	-0.250	-1.534	1.335	0.933
GCM_HDAC1 GCM_HDAC1	-0.893	0.900	2.228	0.339	1.281	-1.575	0.339	-0.500	0.585	-1.575	-1.584
MODULE_323 MODULE_323	-1.093	-1.093	0.758	3.644	0.331	-1.643	1.372	0.758	-0.452	-1.643	-0.722
MODULE_248 MODULE_248	2.909	-1.348	-1.717	-1.348	0.550	0.409	-1.045	-1.717	0.409	1.625	1.342
MORF_PTPRR MORF_PTPRR	0.876	0.347	-1.052	-1.861	0.493	4.987	-0.771	-0.385	-1.861	0.669	-0.561
MODULE_219 MODULE_219	-0.550	3.375	1.506	-1.119	-0.550	-1.119	0.645	0.645	-0.550	-0.550	-1.125
GNF2_MMP11 GNF2_MMP11	0.269	-0.335	-1.741	-1.024	1.086	4.956	-0.599	-1.024	-0.599	-0.335	0.472
MODULE_121 MODULE_121	1.788	-0.985	-3.075	-0.985	-0.715	1.788	-1.331	0.542	0.259	0.385	1.768
MODULE_316 MODULE_316	0.520	0.343	-1.394	-1.394	-0.421	2.885	-2.001	-0.421	-0.647	-0.263	2.861
MODULE_111 MODULE_111	1.691	-0.995	-0.995	-1.258	0.647	0.378	-3.506	0.813	-0.447	0.275	2.859
MODULE_153 MODULE_153	0.717	-1.409	-0.407	-0.765	-0.407	3.878	-1.409	-0.407	0.216	-0.765	1.504
MORF_UBE2A MORF_UBE2A	-1.260	-0.782	-0.471	1.140	-0.471	-1.260	2.939	2.418	0.334	-0.782	-1.269
GNF2_SELL GNF2_SELL	-1.949	-1.949	-1.192	-0.241	-0.431	-0.729	0.370	1.228	2.072	1.228	0.592
GNF2_TYK2 GNF2_TYK2	-1.368	-0.385	0.453	-0.733	0.755	-1.368	1.581	2.097	0.755	-0.733	-1.375
MODULE_261 MODULE_261	-0.715	-0.347	2.884	2.491	-0.347	-3.075	0.730	0.385	-0.715	-0.985	-0.725
MODULE_552 MODULE_552	2.403	3.188	0.304	-0.745	-0.745	-0.298	-0.745	-0.298	-0.745	-0.745	-0.300
MODULE_191 MODULE_191	0.279	-0.787	-0.324	-0.787	-0.787	4.790	-0.787	0.609	-0.787	0.279	0.277
MODULE_157 MODULE_157	1.197	-1.570	-0.890	-0.890	0.281	0.956	-2.642	0.744	0.407	-0.890	3.174
MODULE_277 MODULE_277	-0.949	0.246	0.639	1.606	2.022	-0.949	1.606	-0.364	-0.949	-0.949	-2.295
GNF2_PAK2 GNF2_PAK2	-1.160	-1.160	-0.579	-0.579	0.980	-0.579	1.966	3.243	-0.279	-0.579	-0.584
MODULE_165 MODULE_165	0.703	-0.266	-1.741	-1.741	-1.254	3.087	-0.614	-0.614	-0.614	0.940	1.845
GNF2_DNM1 GNF2_DNM1	0.881	-0.732	-1.065	-1.065	0.446	1.823	-1.519	-0.732	-0.732	-0.488	4.059
GCM_TINF2 GCM_TINF2	-1.700	-0.574	0.502	1.538	0.285	-0.991	2.002	1.131	0.285	-0.991	-1.710
MODULE_222 MODULE_222	2.599	1.935	0.491	-0.911	-0.911	0.217	-0.911	0.217	-0.911	-0.911	0.215
MODULE_234 MODULE_234	0.947	-0.348	-0.921	-0.578	-2.240	3.064	-1.432	-0.578	-0.348	1.278	0.657
GNF2_TTN GNF2_TTN	-0.240	-1.077	-0.520	-1.077	-0.520	3.515	-1.077	-0.240	-0.240	-0.240	2.139
GNF2_SPRR1B GNF2_SPRR1B	0.427	-0.994	-0.204	-0.994	1.215	3.821	-0.994	-0.994	-0.462	-0.204	-0.206
MODULE_180 MODULE_180	2.341	-0.613	-1.100	-1.435	-1.100	0.414	-1.847	-0.613	0.738	0.563	3.040
GCM_CASP2 GCM_CASP2	-0.550	0.347	0.645	4.136	-0.550	-1.119	0.645	0.347	-0.550	-1.119	-1.125
MODULE_102 MODULE_102	-0.324	3.863	1.058	-0.787	-0.787	-0.787	0.609	0.279	-0.787	-0.324	-0.791
GNF2_CDKN1C GNF2_CDKN1C	0.645	-0.550	-1.119	-0.550	-0.260	4.136	-0.550	-0.550	-1.119	-0.550	1.495
MODULE_287 MODULE_287	0.783	0.318	-0.492	-2.074	0.318	1.882	-2.074	-1.294	-0.285	0.523	1.452
MORF_CD8A MORF_CD8A	1.984	0.581	-0.762	-1.004	-0.291	3.793	-0.762	-1.665	-1.302	0.753	-0.774
MORF_PRKCA MORF_PRKCA	1.929	-0.807	-0.277	-1.535	0.327	2.786	-1.012	-1.253	-1.535	1.929	-0.382
MODULE_85 MODULE_85	0.752	-1.328	-1.328	-0.837	-0.837	-0.837	-0.513	-0.300	0.302	2.777	2.757
GNF2_MBD4 GNF2_MBD4	-1.036	-1.036	1.661	2.254	1.151	-0.491	-0.222	-0.222	-0.222	-1.036	-1.042
GNF2_TM4SF2 GNF2_TM4SF2	0.372	-0.520	-0.520	-0.240	-0.520	1.581	-1.077	-1.077	-0.520	-0.520	4.280
MODULE_168 MODULE_168	1.935	1.935	0.874	-0.911	-0.911	0.217	-0.911	0.217	-0.911	-0.911	0.215
MORF_TNFRSF6 MORF_TNFRSF6	2.350	0.346	-0.799	-0.621	0.459	3.319	-0.621	-2.313	-0.799	0.590	-1.283
MODULE_392 MODULE_392	1.130	3.188	1.130	-0.298	-0.298	-0.745	-0.745	-0.298	-0.745	-0.745	-0.750
MODULE_159 MODULE_159	-1.254	0.703	0.503	1.214	1.214	-2.403	1.214	-0.412	0.703	-0.614	-2.420
MORF_IL9 MORF_IL9	2.039	0.473	-1.178	-0.418	-0.418	2.408	-2.134	-2.134	-0.418	0.654	0.465
GNF2_SERPINB5 GNF2_SERPINB5	0.608	-1.160	-0.579	-0.579	-0.279	2.570	-1.160	-1.160	0.324	-0.279	1.954
GCM_DDX11 GCM_DDX11	-1.091	2.284	1.000	1.000	-1.091	-0.650	0.431	-0.373	1.000	-1.091	-1.835
MODULE_22 MODULE_22	-1.866	0.410	-1.124	0.226	1.323	-1.124	0.960	2.211	0.655	-0.676	-1.133
GCM_CSNK1D GCM_CSNK1D	-1.285	-0.341	0.509	1.243	0.509	-1.285	1.723	1.243	-0.671	-0.671	-1.292
MODULE_320 MODULE_320	0.256	3.677	1.523	-0.351	-0.828	-0.828	-0.828	-0.351	-0.828	-0.351	0.254
MODULE_239 MODULE_239	-1.933	-0.343	1.092	3.718	0.377	-1.511	0.682	-0.343	0.377	-0.343	-1.952
MODULE_262 MODULE_262	0.279	-0.787	-0.324	-0.787	-0.787	4.790	-0.787	0.609	-0.324	-0.324	0.277
GCM_DLG1 GCM_DLG1	-1.199	-0.577	-0.243	0.540	0.540	-3.282	-0.243	2.766	0.367	0.998	-0.853
MODULE_115 MODULE_115	-0.550	0.347	0.347	2.056	1.033	-1.119	1.033	0.347	-1.119	-1.119	-1.125
MODULE_545 MODULE_545	0.256	0.256	-0.351	-0.828	0.567	4.567	0.256	-0.828	-0.828	-0.351	-0.833
GCM_TPR GCM_TPR	-0.702	0.480	1.650	2.182	0.480	-1.326	0.795	-0.702	-0.702	-0.702	-1.334
MODULE_93 MODULE_93	-0.838	-1.578	-1.578	0.310	0.410	-1.292	0.529	0.529	3.703	1.624	-0.853
GCM_ANP32B GCM_ANP32B	-0.234	0.647	0.986	2.395	0.647	-1.492	-0.234	-0.234	-0.453	-1.492	-1.501
GNF2_SMC1L1 GNF2_SMC1L1	-0.260	1.033	3.375	0.645	-0.550	-1.119	0.347	-0.550	-0.260	-1.119	-1.125
GNF2_RAP1B GNF2_RAP1B	-1.492	-1.492	-0.828	0.647	-0.234	-0.828	0.986	2.985	0.647	-0.234	-0.458
MORF_ATOX1 MORF_ATOX1	-0.865	-0.397	1.248	0.353	0.726	-1.709	0.969	1.911	0.521	-1.226	-2.383
GCM_MSN GCM_MSN	-1.160	-0.279	0.608	1.966	0.608	-1.160	0.608	0.980	-0.279	-1.160	-1.167
MODULE_107 MODULE_107	-0.243	-1.199	-1.199	-1.199	0.367	2.346	-0.842	-1.199	-0.243	0.750	2.741
MODULE_337 MODULE_337	-0.329	3.317	1.209	0.909	-1.212	-1.785	-0.527	0.652	-0.527	-0.527	-1.223
GCM_CRKL GCM_CRKL	-1.212	0.909	-0.527	0.275	0.441	-0.329	0.275	4.416	-0.329	-1.212	-1.798
MODULE_280 MODULE_280	-0.676	0.655	-0.392	-0.676	0.226	3.912	-1.124	-0.392	0.226	-1.866	0.951
MORF_DCC MORF_DCC	1.340	0.497	0.356	0.666	-0.368	2.255	-3.570	-0.972	-1.287	0.356	-0.376
MODULE_135 MODULE_135	1.151	-0.491	-1.036	-1.036	-0.222	1.661	-0.222	-0.491	-1.036	2.254	-0.495
GNF2_CDH3 GNF2_CDH3	0.645	-1.119	-0.550	-1.119	-0.260	2.056	-0.550	-1.119	0.347	-0.260	2.044
MODULE_451 MODULE_451	-0.733	4.011	0.453	0.231	-0.385	-0.733	1.132	0.231	-1.368	-0.733	-0.739
MORF_SS18 MORF_SS18	-1.714	-0.489	0.973	0.973	0.703	-0.300	1.288	0.703	0.302	-1.152	-2.588
MODULE_318 MODULE_318	0.980	3.980	0.324	0.324	-0.279	-1.160	-0.279	-0.579	-0.579	-0.579	-1.167
GCM_CDH5 GCM_CDH5	1.863	-1.492	-0.234	-0.828	1.863	1.392	-0.828	-0.234	-0.828	-0.828	-0.237
GCM_PTK2 GCM_PTK2	-2.645	0.781	-0.257	0.970	0.350	-2.151	0.471	1.181	0.970	0.615	-1.757
MODULE_189 MODULE_189	1.838	1.838	1.284	-0.953	0.200	-0.434	-0.953	-0.434	-0.953	-0.434	-0.437
MORF_THPO MORF_THPO	1.419	-0.411	-0.566	-0.566	0.581	4.219	-0.411	-1.004	-1.665	0.311	-1.018
MODULE_186 MODULE_186	4.567	-0.828	-0.828	-0.828	-0.351	0.256	-0.351	-0.351	0.256	0.567	-0.354
MORF_DMPK MORF_DMPK	1.761	0.741	0.354	-0.961	0.354	2.591	-1.790	-0.595	-0.961	0.593	-1.814
MODULE_172 MODULE_172	-0.312	-0.919	-1.254	-0.659	-0.312	2.263	-0.919	-1.254	-0.461	1.910	1.889
GNF2_SPI1 GNF2_SPI1	-0.407	-1.409	-0.765	-0.765	-0.765	-0.407	-0.765	1.081	0.717	2.578	1.072
MODULE_453 MODULE_453	-0.373	-1.091	1.000	4.022	0.240	-1.091	-0.650	0.431	-0.650	-1.091	0.426
MODULE_116 MODULE_116	-1.202	-0.610	-1.202	0.303	1.881	-0.610	0.573	1.881	0.573	-0.610	-0.615
GCM_HMGA2 GCM_HMGA2	0.647	-0.694	-1.211	-1.990	0.832	3.604	-0.925	-0.365	-0.694	0.487	0.635
GNF2_ITGAL GNF2_ITGAL	0.246	-2.282	-0.949	-0.600	0.246	-1.467	0.912	1.235	1.606	0.246	0.631
MODULE_43 MODULE_43	-0.506	-0.985	-1.771	0.542	0.950	-1.331	-0.347	0.950	1.788	1.479	-1.345
MORF_RFC5 MORF_RFC5	-0.559	1.645	2.005	0.775	-0.368	-0.559	1.028	-2.293	-0.559	-0.559	-1.184
MODULE_133 MODULE_133	3.776	0.396	0.396	0.396	-0.223	-0.621	-0.621	-0.223	-0.621	-0.621	-0.625
MODULE_462 MODULE_462	-0.621	-0.223	-0.621	-0.621	0.396	-0.621	-0.223	-0.621	0.396	3.776	0.393
MORF_RAB3A MORF_RAB3A	1.535	-0.538	-0.771	-0.771	0.541	2.225	-2.002	-0.771	-1.078	0.739	0.728
MODULE_534 MODULE_534	1.824	2.545	-0.704	-0.704	-0.704	0.332	-0.272	-0.272	-0.704	-0.272	-0.275
MODULE_211 MODULE_211	-0.455	0.187	-0.455	-0.455	-0.455	1.877	-0.455	-0.455	0.579	-0.455	1.868
