GO	[-10.12 -0.93]	[-0.93 -0.58]	[-0.58 -0.33]	[-0.33 -0.13]	[-0.13 0.00]	[0.00 0.00]	[0.00 0.20]	[0.20 0.45]	[0.45 0.82]	[0.82 1.85]	[1.85 10.85]
MIR4255 MIR4255	-2.443	0.301	-0.534	0.819	-2.443	-3.487	0.661	0.402	5.358	1.193	-0.402
MIR3064_3P MIR3064_3P	-2.253	-1.222	-0.595	0.480	0.616	-5.619	0.616	0.480	3.743	1.141	0.368
MIR4436B_5P MIR4436B_5P	-3.096	-0.442	0.853	1.518	-1.016	-3.800	0.391	2.070	2.070	0.523	-1.291
MIR4678 MIR4678	-0.971	-1.286	-0.720	-0.369	-0.522	-2.776	-0.369	0.664	7.368	1.083	-0.519
MIR302D_5P MIR302D_5P	-2.294	-0.437	0.584	1.048	0.584	-3.181	2.426	1.048	1.663	-0.563	-3.170
MIR6773_5P MIR6773_5P	-0.525	0.858	-1.617	0.320	-0.925	-1.617	0.858	-0.925	0.555	-0.925	4.639
MIR371A_5P MIR371A_5P	-0.960	-0.960	-0.960	0.463	1.086	-3.075	0.463	1.289	4.276	0.261	-1.460
GTCTTCC_MIR7 GTCTTCC_MIR7	-2.361	-0.830	0.706	0.706	-1.046	-3.391	1.483	2.264	0.561	1.260	-0.824
MIR10395_3P MIR10395_3P	-1.055	-1.683	0.814	2.623	-0.623	-3.872	1.461	0.495	1.223	-0.340	-0.619
MIR6807_3P MIR6807_3P	0.509	-1.035	-0.801	0.509	-2.064	-3.129	0.833	2.665	1.489	-0.801	0.839
MIR522_3P MIR522_3P	-1.011	-1.856	0.430	1.026	-0.373	-4.425	0.850	0.850	2.181	0.850	-0.630
CTGTTAC_MIR194 CTGTTAC_MIR194	-2.041	-2.041	0.280	0.953	0.280	-1.568	0.405	1.459	0.742	2.792	-1.562
ACTGTAG_MIR139 ACTGTAG_MIR139	-0.924	-2.511	0.644	0.353	0.644	-3.159	0.644	-0.694	2.809	1.273	-0.363
MIR1227_3P MIR1227_3P	-0.327	-3.112	0.428	-1.091	1.120	-1.091	2.561	0.851	0.428	0.620	-1.545
MIR217_5P MIR217_5P	0.360	-1.388	-1.388	1.076	-1.683	-2.863	1.486	2.230	1.076	-0.572	0.742
MIR503_5P MIR503_5P	-0.985	-0.348	0.259	0.728	0.384	-1.330	0.259	0.946	4.683	-2.332	-1.325
MIR142_3P MIR142_3P	-0.570	-0.927	1.128	0.939	-0.733	-4.251	1.561	0.939	1.128	0.486	-1.731
MIR6764_3P MIR6764_3P	-2.638	0.742	-1.191	0.280	-0.323	-2.041	0.953	-0.651	3.609	0.953	-0.321
MIR6824_3P MIR6824_3P	-2.673	0.721	-1.214	0.270	-0.334	-2.072	0.929	-0.668	3.549	0.929	0.272
MIR1825 MIR1825	0.823	0.518	0.660	-0.723	-0.923	-3.803	0.823	1.674	1.674	-0.420	-2.164
MIR888_3P MIR888_3P	-0.867	-2.415	0.698	0.388	0.698	-1.143	0.698	0.272	1.629	1.925	-3.046
MIR224_3P MIR224_3P	-1.045	-1.574	0.409	1.178	-0.513	-3.812	0.988	0.816	2.117	0.816	-0.831
MIR1301_3P_MIR5047 MIR1301_3P_MIR5047	-0.829	-0.613	-1.433	0.413	-0.829	-3.793	0.937	2.000	0.937	0.561	1.171
AAGTCCA_MIR422B_MIR422A AAGTCCA_MIR422B_MIR422A	1.260	-1.425	-1.425	2.368	-1.425	-0.987	1.593	0.500	0.328	0.500	-1.420
MIR337_3P MIR337_3P	-1.483	-0.645	0.388	0.388	-1.483	-2.415	1.629	1.112	1.925	1.112	-1.138
MIR139_5P MIR139_5P	-0.737	-3.837	0.284	1.186	-0.569	-1.805	0.505	-0.569	1.406	1.406	1.193
MIR4778_5P MIR4778_5P	0.276	-0.927	-2.103	-0.436	0.276	-2.526	1.805	1.805	2.347	-0.327	-0.566
MIR221_3P MIR221_3P	-1.785	-0.960	-2.154	-0.458	-0.345	-0.595	0.902	2.005	2.279	1.509	-0.954
MIR18A_5P_MIR18B_5P MIR18A_5P_MIR18B_5P	-1.611	-0.727	-0.273	-0.538	-0.538	-0.964	-1.255	4.765	1.748	0.611	-0.386
AGTCTTA_MIR499 AGTCTTA_MIR499	-1.581	-0.523	1.725	0.412	-1.581	-2.217	1.087	1.087	1.087	-1.118	0.602
MIR1537_5P MIR1537_5P	-1.165	-0.661	0.680	-1.930	1.329	-1.930	1.597	1.597	1.329	-0.661	-0.881
MIR7850_5P MIR7850_5P	0.849	1.564	-0.354	-1.958	-1.958	-1.534	2.499	-0.496	1.062	0.364	-0.673
MIR1183 MIR1183	-3.265	-1.277	-0.552	0.321	-0.552	-0.282	0.769	2.671	1.714	0.594	-0.978
MIR652_5P MIR652_5P	0.984	-1.492	0.646	-0.453	0.646	-1.492	0.646	0.380	1.860	-1.492	-0.826
MIR619_5P MIR619_5P	-0.735	-1.232	1.353	-0.407	-1.232	-2.997	0.913	0.565	2.498	0.913	-0.549
MIR487A_3P MIR487A_3P	-2.434	-2.434	-0.385	0.873	-0.260	-1.052	0.667	2.712	0.492	0.873	-0.383
MIR222_3P MIR222_3P	-1.716	-0.910	-2.078	-0.426	-0.426	-0.558	0.958	1.834	2.382	1.359	-0.904
MIR505_3P MIR505_3P	0.882	-1.262	-2.741	0.683	0.882	-2.741	0.368	0.368	1.110	1.110	-0.355
MIR154_3P MIR154_3P	-2.400	-2.400	-0.373	0.687	-0.250	-1.029	0.687	2.764	0.508	0.897	-0.370
MIR600 MIR600	-1.297	-1.016	0.676	0.391	-0.320	-0.320	-3.096	2.707	1.518	0.676	-0.780
MIR767_3P MIR767_3P	-2.044	1.748	-0.538	-2.044	-0.727	-1.255	0.788	0.611	1.471	-0.388	1.478
MIR7161_5P MIR7161_5P	-1.468	0.678	1.186	-0.371	-0.622	-3.503	1.850	1.186	0.678	0.325	-1.199
MIR4735_5P MIR4735_5P	-0.572	-0.915	0.897	-0.335	-1.683	-2.414	3.798	0.736	0.360	0.736	-0.568
GACTGTT_MIR212_MIR132 GACTGTT_MIR212_MIR132	-2.543	0.318	1.279	0.428	-0.518	-3.073	0.877	0.318	2.321	-0.284	-0.385
MIR138_2_3P MIR138_2_3P	-0.662	1.458	-1.625	-0.285	0.318	-2.866	1.955	1.237	0.854	-0.285	-1.315
ATGCAGT_MIR217 ATGCAGT_MIR217	-0.756	-1.335	-0.552	1.275	-0.272	-3.640	1.032	2.160	-0.272	0.467	0.335
TAATGTG_MIR323 TAATGTG_MIR323	-2.172	-1.163	0.823	1.431	-0.310	-1.781	1.431	0.823	1.431	-0.310	-1.440
MIR16_1_3P MIR16_1_3P	-1.727	-1.428	-0.757	0.568	-0.597	-0.947	2.444	1.907	1.438	0.446	-1.162
MIR520F_3P MIR520F_3P	-0.712	-0.889	0.270	1.441	0.722	-4.342	-0.334	1.048	1.901	-0.437	-0.434
MIR8057 MIR8057	-1.869	-0.313	-0.313	0.435	0.289	-1.364	2.417	0.831	0.831	0.615	-2.542
MIR4257 MIR4257	-2.102	-0.566	0.579	1.167	-1.003	-3.300	0.946	0.946	0.750	0.750	0.313
MIR6716_5P MIR6716_5P	0.407	-0.596	0.291	-1.346	0.407	-0.596	4.506	0.291	0.291	-2.703	0.411
MIR339_5P MIR339_5P	-1.039	-1.487	0.907	-0.710	-0.301	-1.487	2.256	-0.471	2.682	-0.471	0.303
MIR4777_3P MIR4777_3P	-2.904	-0.961	-0.264	0.342	0.998	-0.422	2.874	-0.647	0.998	-0.422	-0.419
MIR1289 MIR1289	0.541	-2.447	-0.434	-1.607	0.346	0.541	0.541	0.541	-0.260	2.678	-1.061
MIR6072 MIR6072	0.578	0.578	-0.355	2.446	-0.798	-3.195	-0.355	0.396	1.056	-1.145	-0.352
MIR548M MIR548M	-0.715	-0.899	-0.432	0.752	-0.432	-3.943	1.744	1.294	1.096	-0.715	0.612
MIR135A_3P MIR135A_3P	0.646	-0.234	-1.492	-0.828	-0.234	-0.828	1.390	0.984	-1.492	1.860	-0.452
GTATGAT_MIR154_MIR487 GTATGAT_MIR154_MIR487	-1.999	-1.394	-0.422	-0.264	0.342	-1.394	1.298	2.426	0.998	0.519	-0.644
MIR12129 MIR12129	-1.016	-1.633	-0.784	0.523	-1.016	-1.633	0.853	1.052	2.378	1.518	-0.438
MIR4666B MIR4666B	-1.003	-2.639	-0.292	0.432	0.750	-0.566	0.432	2.986	-1.003	1.412	-0.757
ATGAAGG_MIR205 ATGAAGG_MIR205	-1.661	-0.494	0.740	-0.494	0.585	-4.380	0.916	1.112	0.585	0.585	0.455
MIR194_5P MIR194_5P	-0.874	-2.269	-0.551	0.597	-0.699	-0.551	1.465	1.929	1.929	0.368	-1.584
MIR181A_2_3P MIR181A_2_3P	0.322	0.453	-1.359	0.796	-0.281	-1.359	0.453	3.211	-0.774	0.796	-2.251
MIR548AV_3P MIR548AV_3P	-0.960	-0.762	1.086	0.902	-0.458	-3.649	0.902	0.591	1.509	0.591	-1.187
MIR135A_2_3P MIR135A_2_3P	-2.115	-2.115	0.301	0.498	-0.513	-0.837	1.413	0.498	1.056	0.750	0.303
MIR6739_3P MIR6739_3P	-2.627	-1.280	0.386	1.301	-1.862	-0.673	-0.309	0.927	1.987	0.623	0.628
MIR3144_3P MIR3144_3P	-0.489	-0.489	1.284	-2.572	-0.489	-0.301	0.701	2.476	-0.489	0.701	-1.148
ACACTCC_MIR122A ACACTCC_MIR122A	-1.549	0.428	0.276	-0.506	-0.753	-2.181	3.007	0.620	1.120	-0.753	0.431
ACCATTT_MIR522 ACCATTT_MIR522	-1.733	0.309	-1.125	0.544	-0.693	-1.733	0.691	2.591	1.732	0.544	-0.884
MIR6830_5P MIR6830_5P	-0.996	-1.794	-1.224	2.075	0.317	-1.224	1.823	-0.996	0.814	1.166	0.320
MIR513B_3P MIR513B_3P	-0.873	0.428	-1.709	0.428	-1.382	-0.873	1.279	0.557	0.318	3.663	-0.868
MIR143_5P MIR143_5P	-1.741	1.092	1.327	-0.611	-0.321	-2.736	0.695	-0.448	1.867	0.533	-0.809
MIR6724_5P MIR6724_5P	-0.434	0.457	-0.953	0.199	-0.434	-0.953	0.199	-0.434	1.283	-0.953	3.195
GGCACTT_MIR519E GGCACTT_MIR519E	-0.711	-1.232	-0.264	0.342	-1.585	-1.232	0.808	4.377	-0.377	0.627	-0.261
ATAGGAA_MIR202 ATAGGAA_MIR202	-0.260	-1.052	0.492	-0.385	-1.408	-1.408	3.113	0.346	1.988	-0.260	-1.047
MIR4735_3P MIR4735_3P	-1.335	-0.756	-0.272	-0.552	-0.552	-0.756	-1.013	3.265	2.504	0.628	-0.549
MIR135B_3P MIR135B_3P	-2.073	-2.073	0.317	0.522	-0.492	-0.810	1.462	0.522	1.096	0.522	0.319
MIR548B_3P MIR548B_3P	-1.488	0.312	-0.830	1.280	-0.424	-0.830	-0.424	0.611	3.794	0.312	-1.482
MIR4418 MIR4418	-0.407	-0.735	-1.232	1.882	-0.553	-1.954	1.122	1.122	1.882	-0.959	-0.549
MIR1253 MIR1253	-0.522	-2.415	-0.293	-0.676	-1.647	-0.861	1.669	0.836	0.309	1.016	1.934
MIR186_3P MIR186_3P	-0.503	-1.114	0.339	0.597	-0.503	-1.758	2.502	1.628	1.151	-1.114	-1.108
MIR6806_5P MIR6806_5P	0.790	-0.606	-1.927	0.790	-0.910	-1.333	-0.390	0.560	3.011	0.560	-0.603
TTCCGTT_MIR191 TTCCGTT_MIR191	-1.202	-0.300	1.877	-0.300	0.572	-1.202	0.302	-0.610	1.365	-1.202	0.574
MIR212_3P MIR212_3P	-1.408	0.351	-0.452	0.581	0.721	-4.009	1.690	0.351	1.056	0.457	-0.580
MIR5583_5P MIR5583_5P	-1.144	-3.336	0.301	0.433	-0.301	-0.618	0.433	-0.301	2.514	-0.301	1.256
MIR513C_5P MIR513C_5P	-0.910	-0.718	0.382	0.498	-0.558	-1.716	0.785	2.099	2.382	-0.426	-1.708
MIR187_5P MIR187_5P	-1.928	-1.580	0.722	-1.282	-0.635	-0.814	1.284	1.754	1.509	0.336	0.449
MIR10526_3P MIR10526_3P	-0.322	-1.121	2.634	0.717	-1.873	-0.848	0.545	0.400	0.914	-1.873	0.549
MIR630 MIR630	-0.596	0.966	-0.865	-0.397	-0.397	-1.708	1.243	0.966	1.243	0.724	-2.358
MIR6828_5P MIR6828_5P	-1.119	-0.546	-0.310	0.392	-0.546	-1.693	-0.546	1.614	1.864	2.131	-1.377
ACACTAC_MIR1423P ACACTAC_MIR1423P	-1.064	-0.611	0.395	0.695	0.282	-3.407	0.395	1.327	1.585	0.695	-1.059
MIR374B_3P MIR374B_3P	0.613	-1.733	-0.258	0.349	0.349	-3.944	1.406	0.778	0.778	-0.490	0.473
MIR509_5P MIR509_5P	-0.648	-1.046	-1.046	1.725	-0.648	-1.046	1.056	1.056	2.561	-1.046	-0.644
TCATCTC_MIR143 TCATCTC_MIR143	-0.528	0.319	0.725	-1.808	0.904	-2.230	1.834	-0.697	1.570	0.433	-0.899
MIR34B_3P MIR34B_3P	-2.741	0.511	0.511	0.368	0.368	-2.134	1.954	0.683	0.683	0.251	-0.946
MIR504_3P MIR504_3P	-0.258	0.613	0.613	0.349	-0.360	-3.229	-1.094	1.406	0.470	1.658	-1.379
MIR5004_5P MIR5004_5P	-3.124	-0.905	0.500	0.364	-0.354	-1.187	1.062	1.301	1.564	0.500	-0.673
MIR2053 MIR2053	0.362	-1.175	-1.446	-0.336	-0.747	-2.553	0.753	2.036	1.312	0.474	0.758
MIR499B_5P MIR499B_5P	0.398	0.269	-0.962	0.269	0.269	-3.034	2.529	-0.491	0.749	0.972	-0.958
MIR302A_5P MIR302A_5P	0.317	-0.380	-0.380	-0.634	0.415	-1.794	0.663	0.415	4.286	-0.380	-1.786
MIR6775_3P MIR6775_3P	0.883	-0.652	2.949	-0.289	-0.934	-0.934	-0.442	0.467	-1.804	-0.652	1.446
MIR3920 MIR3920	-1.633	-0.442	0.283	0.283	-2.517	-0.595	1.274	0.676	2.070	1.052	-0.780
MIR4794 MIR4794	0.508	-0.537	0.359	-0.373	-0.752	-2.400	4.055	-0.537	-0.537	0.687	-0.248
MIR132_3P MIR132_3P	-1.206	0.325	-0.371	0.543	0.678	-4.108	1.612	0.426	0.999	0.426	-0.617
MIR433_3P MIR433_3P	-1.900	-0.703	-0.703	-0.922	-0.274	-1.189	0.330	0.955	3.294	0.596	0.769
MIR6867_3P MIR6867_3P	-0.430	-1.408	-0.301	-1.077	0.301	-2.949	0.755	1.449	0.960	0.426	1.197
