GO	[-6.32 -0.93]	[-0.93 -0.58]	[-0.58 -0.34]	[-0.34 -0.14]	[-0.14 0.00]	[0.00 0.00]	[0.00 0.19]	[0.19 0.43]	[0.43 0.79]	[0.79 1.78]	[1.78 11.51]
TMTCGCGANR_UNKNOWN TMTCGCGANR_UNKNOWN	-0.463	0.356	3.010	1.336	-0.783	-5.664	-0.463	1.820	1.123	-0.463	-3.322
GGAANCGGAANY_UNKNOWN GGAANCGGAANY_UNKNOWN	-0.493	1.399	1.999	3.089	-0.685	-3.489	0.381	0.528	-0.493	-0.493	-4.593
GCGNNANTTCC_UNKNOWN GCGNNANTTCC_UNKNOWN	0.332	0.459	3.094	0.332	1.222	-5.199	0.994	0.459	-0.388	-0.963	-3.251
SGCGSSAAA_E2F1DP2_01 SGCGSSAAA_E2F1DP2_01	-0.375	0.562	0.709	1.265	-0.648	-4.047	0.435	1.489	1.732	-0.276	-4.854
KRCTCNNNNMANAGC_UNKNOWN KRCTCNNNNMANAGC_UNKNOWN	0.250	2.681	1.830	0.250	-1.271	-1.271	-0.859	-0.566	-1.855	-1.271	2.663
SREBP1_01 SREBP1_01	-0.718	-0.425	0.961	0.285	2.391	-0.910	0.634	1.842	0.383	-1.137	-5.041
GATA_Q6 GATA_Q6	0.695	-0.739	-2.347	-0.350	-0.264	2.105	-1.131	-1.376	-0.920	0.443	4.253
POU3F2_01 POU3F2_01	0.669	0.347	-2.434	-1.408	-0.771	4.974	-0.552	-0.259	-0.259	-0.385	0.486
GKCGCNNNNNNNTGAYG_UNKNOWN GKCGCNNNNNNNTGAYG_UNKNOWN	-0.287	0.499	1.328	0.499	1.693	-1.677	1.006	0.316	-0.738	-1.122	-2.542
KMCATNNWGGA_UNKNOWN KMCATNNWGGA_UNKNOWN	-0.918	1.290	0.290	-1.252	0.290	-1.252	1.290	3.045	-0.918	-0.461	-0.667
YGCANTGCR_UNKNOWN YGCANTGCR_UNKNOWN	-2.103	-0.761	0.580	-0.761	-0.411	-0.566	0.311	4.206	-0.411	0.752	-0.296
