GO	[-5.46 -0.65]	[-0.65 -0.36]	[-0.36 -0.21]	[-0.21 -0.09]	[-0.09 0.00]	[0.00 0.01]	[0.01 0.13]	[0.13 0.29]	[0.29 0.54]	[0.54 1.06]	[1.06 6.41]
MORF_NPM1 MORF_NPM1	-4.322	-0.809	0.476	4.288	3.891	-3.577	9.160	2.181	-5.244	-6.469	-6.485
MORF_ANP32B MORF_ANP32B	-3.520	1.400	4.376	1.864	2.993	-3.520	2.686	2.122	-3.520	-7.988	-8.007
MORF_EIF4A2 MORF_EIF4A2	-3.559	-0.887	1.741	4.668	3.814	-3.559	6.091	0.804	-4.422	-5.586	-5.600
MORF_G22P1 MORF_G22P1	-3.886	1.169	5.024	4.206	3.454	-3.886	0.791	1.169	-3.244	-6.848	-6.865
GNF2_RRM1 GNF2_RRM1	-0.338	13.495	6.315	1.027	-1.031	-3.617	-1.423	-2.627	-1.937	-3.617	-3.626
MORF_RFC4 MORF_RFC4	0.745	8.196	7.655	0.928	0.329	-4.930	-0.516	-0.683	-4.030	-4.930	-6.147
MORF_HAT1 MORF_HAT1	-3.404	6.502	6.981	1.267	1.062	-3.404	0.435	0.709	-2.370	-5.798	-7.076
MORF_ACTG1 MORF_ACTG1	-3.524	-2.285	0.362	2.387	2.387	-2.841	8.915	3.869	-2.285	-4.383	-5.557
MORF_PRKDC MORF_PRKDC	0.541	4.893	7.097	3.749	-0.648	-5.289	0.420	-0.502	-3.210	-5.289	-6.293
GNF2_EIF3S6 GNF2_EIF3S6	-2.922	-1.386	0.311	4.016	3.585	-2.295	9.456	0.440	-2.922	-4.831	-4.843
GNF2_FBL GNF2_FBL	-1.663	1.034	5.058	4.190	1.034	-3.139	3.397	-0.330	-4.734	-5.922	-5.937
MORF_PPP1CC MORF_PPP1CC	0.292	6.039	8.549	1.440	-0.420	-4.580	0.519	-0.420	-4.580	-5.521	-4.594
MORF_CDC10 MORF_CDC10	-3.172	0.265	9.125	5.451	0.818	-5.964	-0.340	0.646	-0.466	-4.773	-4.786
GNF2_SMC4L1 GNF2_SMC4L1	0.468	10.190	6.733	0.885	-1.310	-2.478	-0.935	-1.807	-3.450	-3.450	-3.459
GNF2_PA2G4 GNF2_PA2G4	0.559	10.180	4.841	1.644	-1.173	-3.242	-1.173	-3.242	-1.646	-3.242	-3.249
MORF_RAD21 MORF_RAD21	-2.997	1.847	4.469	2.399	2.702	-3.566	2.702	-0.318	-2.086	-5.026	-7.287
GNF2_PCNA GNF2_PCNA	0.238	14.815	3.600	0.582	-0.885	-2.783	-1.893	-1.893	-1.893	-2.783	-2.789
MORF_DNMT1 MORF_DNMT1	0.454	5.015	9.568	1.011	-0.405	-3.687	-0.405	-0.775	-3.687	-4.789	-3.697
GNF2_MCM5 GNF2_MCM5	-0.452	9.953	8.330	-0.715	-0.715	-2.491	-0.715	-2.491	-1.644	-2.491	-2.497
MORF_FBL MORF_FBL	-1.468	3.039	5.124	2.033	1.226	-3.559	0.804	0.804	-3.559	-5.586	-5.600
MORF_RRM1 MORF_RRM1	-0.360	5.680	10.029	0.709	0.525	-3.115	-1.358	-1.008	-3.115	-4.161	-3.124
MORF_DAP3 MORF_DAP3	-2.819	0.938	1.784	1.784	1.784	-3.928	2.040	4.294	-0.885	-5.439	-7.753
GCM_MLL GCM_MLL	-4.024	-0.365	1.519	5.652	0.336	-7.017	3.275	2.617	-0.636	-1.585	-5.774
GCM_ACTG1 GCM_ACTG1	-3.764	0.301	2.383	4.872	2.383	-3.764	1.739	1.196	-1.821	-4.873	-4.885
GNF2_CCNA2 GNF2_CCNA2	-0.374	12.074	5.955	-0.374	-0.885	-2.783	-1.303	-0.885	-1.893	-2.783	-2.789
GNF2_RFC4 GNF2_RFC4	1.041	10.810	4.816	-0.273	-1.094	-2.491	-2.491	-1.644	-1.644	-2.491	-2.497
MORF_NME2 MORF_NME2	-2.771	-0.924	-0.402	1.813	2.725	-2.266	5.984	4.628	-2.266	-2.771	-6.232
MORF_PPP2CA MORF_PPP2CA	-3.203	1.251	2.778	4.405	2.778	-3.203	0.473	1.018	-2.021	-5.166	-5.179
GNF2_RAN GNF2_RAN	0.289	8.479	5.916	1.086	-0.692	-3.534	-0.692	-1.872	-1.366	-3.534	-3.542
MORF_PSMC1 MORF_PSMC1	-6.236	-0.491	2.197	1.444	2.786	-2.241	3.106	3.106	-1.255	-1.863	-7.541
MORF_TPT1 MORF_TPT1	-2.337	-2.337	0.385	1.199	2.126	-1.773	10.868	1.479	-2.337	-3.077	-4.129
GNF2_APEX1 GNF2_APEX1	-0.752	3.095	9.490	2.274	0.390	-3.659	-1.055	-0.752	-1.970	-3.659	-3.668
MORF_EIF3S6 MORF_EIF3S6	-3.841	0.917	2.298	2.648	3.021	-2.390	2.298	0.719	-2.390	-4.957	-4.969
MORF_CTBP1 MORF_CTBP1	-4.580	-0.310	1.684	2.231	2.231	-2.640	1.440	4.719	-0.724	-3.817	-6.780
GNF2_FEN1 GNF2_FEN1	0.613	8.183	5.261	0.879	-1.503	-2.324	-2.324	-0.978	-2.324	-2.324	-2.330
GNF2_CDC20 GNF2_CDC20	-0.950	10.032	5.381	0.638	-0.365	-2.283	-1.468	-2.283	-1.468	-2.283	-2.288
GCM_APEX1 GCM_APEX1	-2.046	1.196	6.085	2.807	1.761	-2.644	0.560	0.406	-3.419	-4.496	-4.507
GNF2_MCM4 GNF2_MCM4	0.272	10.431	5.630	-0.332	-0.893	-2.200	-1.398	-2.200	-1.398	-2.200	-2.205
MORF_RAB1A MORF_RAB1A	-5.439	-1.101	0.380	0.623	1.325	-3.333	2.040	6.367	2.602	-1.645	-6.453
GNF2_CCNB2 GNF2_CCNB2	-0.382	9.841	4.617	0.879	-0.623	-2.324	-1.503	-2.324	-1.503	-2.324	-2.330
GNF2_CENPF GNF2_CENPF	-0.739	9.775	5.340	0.499	-0.739	-2.533	-0.739	-0.739	-2.533	-2.533	-2.539
MODULE_92 MODULE_92	1.525	-1.018	-5.880	-3.812	0.283	8.169	-3.106	-1.300	-1.018	1.793	2.380
GNF2_DAP3 GNF2_DAP3	-1.337	0.468	2.170	2.889	2.889	-3.649	2.889	0.468	-2.852	-4.747	-4.759
GNF2_HCK GNF2_HCK	-1.839	-3.492	-3.492	-0.672	-1.338	-3.492	-0.672	1.116	1.116	4.335	7.242
MORF_PCNA MORF_PCNA	-0.866	7.735	6.429	-0.596	0.726	-2.367	-0.255	-0.866	-2.367	-3.325	-3.333
GNF2_HDAC1 GNF2_HDAC1	-2.473	2.674	5.969	3.495	0.335	-3.229	0.650	-0.270	-2.473	-3.229	-4.297
MORF_RAD54L MORF_RAD54L	0.730	3.746	6.914	1.479	-0.348	-3.077	0.385	-2.337	-2.337	-3.077	-4.129
GNF2_KPNB1 GNF2_KPNB1	-0.962	5.623	6.930	1.642	-0.647	-2.908	-0.422	-1.395	-1.395	-2.908	-2.915
MODULE_124 MODULE_124	-2.202	11.432	4.016	-0.301	0.301	-3.952	-0.301	-1.229	-1.229	-1.229	-2.210
MORF_PTPN11 MORF_PTPN11	-1.099	3.017	5.882	1.601	0.631	-3.267	-1.099	1.601	-2.507	-3.267	-4.339
MODULE_197 MODULE_197	0.403	13.481	3.104	-0.405	-0.880	-2.035	-0.880	0.301	-2.035	-3.501	-2.464
GNF2_CKS2 GNF2_CKS2	-0.492	9.254	3.410	1.465	-1.295	-2.075	-0.810	-2.075	-1.295	-2.075	-2.080
GNF2_XRCC5 GNF2_XRCC5	-2.991	0.938	8.804	3.223	-0.288	-1.457	0.690	-1.457	-2.074	-2.074	-2.998
MORF_PPP6C MORF_PPP6C	-3.115	-1.803	0.709	1.749	1.445	-2.371	5.680	3.243	-1.803	-1.803	-4.171
GCM_NPM1 GCM_NPM1	-1.599	-0.334	2.043	2.043	2.756	-2.076	3.568	0.723	-2.679	-4.538	-4.549
GNF2_CASP1 GNF2_CASP1	-4.245	-4.245	-1.411	-0.772	-0.772	-2.439	-0.553	1.378	1.112	4.010	6.038
GNF2_CDC2 GNF2_CDC2	-0.470	9.775	4.118	0.499	-0.739	-2.533	-0.739	-0.739	-1.679	-2.533	-2.539
MORF_MSH2 MORF_MSH2	-0.434	6.252	5.571	0.542	0.346	-2.449	-1.608	-0.434	-2.449	-2.449	-2.455
GNF2_DEK GNF2_DEK	-0.382	7.402	4.617	0.879	-0.623	-2.324	-0.623	-0.978	-2.324	-2.324	-2.330
GCM_MYST2 GCM_MYST2	-1.585	0.447	2.315	6.103	0.576	-4.024	1.291	0.725	-0.816	-1.585	-7.034
GCM_CSNK2B GCM_CSNK2B	-1.625	0.842	2.749	2.749	1.661	-2.889	1.661	0.633	-2.889	-3.910	-3.919
MORF_BECN1 MORF_BECN1	-3.077	-2.337	1.479	0.949	-0.348	-4.119	2.126	5.766	1.199	-2.337	-2.345
MORF_CDC16 MORF_CDC16	-0.987	1.969	7.495	2.376	-0.275	-2.950	-0.438	-0.275	-2.038	-2.950	-2.957
MORF_UBE2N MORF_UBE2N	-1.178	2.804	6.317	0.653	1.113	-2.851	0.325	0.325	-1.595	-3.868	-3.877
MORF_RAD23B MORF_RAD23B	-2.425	0.536	1.222	3.146	1.441	-3.469	2.817	1.021	0.310	-4.129	-5.894
GNF2_RFC3 GNF2_RFC3	0.285	11.307	2.521	-0.318	-0.991	-1.700	-0.991	-0.991	-1.700	-1.700	-1.705
MORF_PPP1CA MORF_PPP1CA	-3.817	0.663	1.215	0.519	3.547	-2.180	1.948	3.547	-1.452	-2.180	-5.536
GNF2_BUB1B GNF2_BUB1B	-0.783	7.740	6.174	-0.472	-0.472	-2.033	-0.783	-1.260	-0.783	-2.033	-2.038
MORF_JUND MORF_JUND	-1.750	-2.616	-0.315	0.940	2.889	-1.750	7.874	0.677	-1.183	-1.750	-2.622
MORF_ERH MORF_ERH	-1.626	1.401	1.401	1.401	2.342	-2.107	1.401	1.688	-2.107	-4.580	-4.591
GCM_UBE2N GCM_UBE2N	-1.788	-0.516	1.877	5.189	0.584	-4.030	2.809	1.133	-1.137	-1.788	-4.944
GCM_RAB10 GCM_RAB10	-3.566	1.847	-0.559	4.871	1.367	-2.997	0.789	2.114	-0.912	-0.720	-6.013
GCM_DFFA GCM_DFFA	-1.212	1.042	1.278	5.918	1.540	-3.995	0.646	0.487	-1.992	-1.563	-5.137
GNF2_CENPE GNF2_CENPE	-0.958	7.697	4.508	0.302	-0.300	-1.659	-0.549	-1.659	-1.659	-1.659	-1.663
MODULE_244 MODULE_244	-0.793	12.127	2.230	0.566	-0.996	-2.648	0.442	-0.480	-2.215	-1.515	-2.226
GNF2_TNFRSF1B GNF2_TNFRSF1B	-2.324	-2.324	-1.503	-0.978	-1.503	-2.324	-0.978	1.193	1.555	3.438	5.248
GCM_CBFB GCM_CBFB	-0.627	2.073	4.525	3.968	-0.251	-2.866	-0.627	-0.251	-1.966	-2.866	-2.873
MORF_SMC1L1 MORF_SMC1L1	-1.094	5.454	5.454	-0.273	0.757	-2.491	-0.452	-0.452	-1.644	-2.491	-2.497
MORF_FEN1 MORF_FEN1	-0.739	4.118	5.340	0.729	0.499	-2.533	-1.679	0.499	-1.679	-2.533	-2.539
GNF2_MLH1 GNF2_MLH1	0.784	8.391	1.538	1.131	-0.991	-1.700	-0.991	-1.700	-1.700	-1.700	-1.705
MORF_UNG MORF_UNG	-1.039	4.173	4.173	1.512	0.463	-3.033	-0.471	0.301	-1.488	-3.033	-3.040
MODULE_122 MODULE_122	1.126	-1.960	-0.961	-3.006	-3.006	0.917	-2.435	0.567	-0.736	1.359	8.991
GNF2_HMMR GNF2_HMMR	-0.431	6.473	5.006	0.598	-0.431	-1.950	-1.192	-1.192	-1.192	-1.950	-1.955
MORF_CCNI MORF_CCNI	-2.590	-0.325	1.997	1.997	1.337	-2.590	4.179	0.597	-1.394	-2.590	-3.584
GNF2_HAT1 GNF2_HAT1	0.334	7.740	1.139	1.139	-0.270	-2.033	0.334	-2.033	-2.033	-2.033	-2.038
GCM_DDX5 GCM_DDX5	-1.153	1.287	2.484	7.277	-0.301	-1.715	-1.153	0.479	-1.715	-2.574	-2.581
GNF2_TTK GNF2_TTK	-0.283	7.017	3.943	0.555	-0.926	-1.617	-0.525	-1.617	-1.617	-1.617	-1.621
GCM_TPT1 GCM_TPT1	-1.858	-0.860	-0.860	1.463	5.426	-0.566	3.681	0.605	-1.858	-2.741	-2.748
GNF2_ST13 GNF2_ST13	-1.183	-0.315	0.677	2.420	0.940	-1.750	6.435	-0.315	-2.616	-2.616	-2.622
MORF_AP3D1 MORF_AP3D1	-2.549	-0.263	2.097	1.251	1.791	-1.589	1.018	2.778	-0.377	-4.034	-5.179
MORF_BUB1B MORF_BUB1B	1.989	4.512	3.936	0.459	-1.183	-2.616	-0.508	-0.787	-1.750	-1.750	-2.622
MORF_RPA2 MORF_RPA2	-2.293	0.993	3.357	2.133	0.665	-4.514	1.395	0.665	0.528	-2.733	-4.530
GNF2_CARD15 GNF2_CARD15	-1.679	-1.679	-1.123	-0.739	-0.470	-2.533	-1.679	1.006	-0.470	3.035	8.155
GNF2_CKS1B GNF2_CKS1B	0.359	11.368	0.941	-0.250	-1.534	-1.534	-0.477	-0.861	-0.861	-1.534	-1.538
MORF_RAF1 MORF_RAF1	-2.610	0.764	2.126	2.126	2.479	-3.381	0.420	0.980	-0.312	-2.610	-4.465
GCM_GSPT1 GCM_GSPT1	-1.186	0.284	1.414	2.812	-0.319	-3.851	2.495	3.501	-0.943	-2.670	-3.865
MORF_PAPSS1 MORF_PAPSS1	-2.439	-0.553	2.347	1.378	1.997	-2.439	2.347	0.876	-0.260	-3.191	-4.255
MODULE_183 MODULE_183	-1.213	0.652	6.311	2.819	0.441	-1.786	0.441	-0.527	-1.786	-2.658	-2.664
MORF_BUB1 MORF_BUB1	1.098	4.642	4.006	0.522	-0.285	-1.295	-1.295	-1.295	-2.075	-2.075	-2.080
GNF2_SMC2L1 GNF2_SMC2L1	-0.363	8.549	2.777	0.247	-0.702	-1.327	-0.702	-1.327	-1.327	-1.327	-1.330
GNF2_MSH2 GNF2_MSH2	0.607	10.856	0.607	-0.580	-0.279	-1.160	-1.160	-1.160	-1.160	-1.160	-1.163
MODULE_158 MODULE_158	0.477	10.051	0.477	0.477	-0.336	-1.742	-0.336	-1.024	-1.742	-1.742	-1.746
GNF2_RRM2 GNF2_RRM2	-0.300	5.238	5.238	0.302	-0.300	-1.659	-0.958	-1.659	-0.958	-1.659	-1.663
MORF_PRKAR1A MORF_PRKAR1A	-3.006	-0.736	0.311	0.730	0.917	-1.235	2.513	4.423	0.730	-1.564	-5.768
MORF_CUL1 MORF_CUL1	-2.824	2.127	3.521	1.380	1.380	-1.930	-0.240	0.373	-0.911	-2.824	-2.831
MORF_EIF4E MORF_EIF4E	-0.912	2.591	3.485	2.189	0.680	-2.441	0.912	-1.775	-0.912	-2.441	-3.417
MODULE_126 MODULE_126	-0.354	6.365	5.915	-0.469	-0.609	-3.697	-0.778	-0.778	-0.354	-2.620	-0.784
MORF_ESPL1 MORF_ESPL1	0.346	4.923	4.923	0.346	-0.434	-1.608	-1.065	-0.260	-1.608	-2.449	-2.455
GCM_PSME1 GCM_PSME1	-1.227	0.726	3.627	0.726	1.247	-2.367	0.968	1.561	-1.710	-3.325	-3.333
MORF_RPA1 MORF_RPA1	-0.739	4.118	3.035	2.102	0.729	-1.679	-1.123	-0.470	-1.679	-2.533	-2.539
MORF_EI24 MORF_EI24	0.567	1.615	2.855	0.917	0.311	-1.960	1.893	0.427	-1.235	-3.703	-5.768
GNF2_TDG GNF2_TDG	-0.765	5.397	4.611	0.427	-1.410	-1.410	-0.407	-0.407	-1.410	-1.410	-1.413
GNF2_NPM1 GNF2_NPM1	-0.911	2.127	2.556	1.734	1.065	-2.824	0.561	0.373	-1.930	-2.824	-2.831
MORF_PSMC2 MORF_PSMC2	-3.610	0.344	1.061	1.061	1.310	-2.201	3.339	1.061	0.344	-1.709	-4.717
GNF2_DENR GNF2_DENR	-0.756	2.006	4.220	3.601	-0.756	-1.992	-0.756	-0.256	-1.226	-1.992	-1.996
MODULE_57 MODULE_57	0.879	5.941	4.009	-0.978	-0.623	-2.324	-0.623	-2.324	-0.978	-0.623	-0.982
MODULE_125 MODULE_125	0.453	8.883	0.453	0.717	-0.354	-1.784	-0.354	-0.625	-1.784	-1.784	-1.788
GNF2_RBBP6 GNF2_RBBP6	-0.962	1.642	2.884	4.434	0.342	-2.002	0.520	-0.647	-2.002	-2.002	-2.915
MORF_MAP2K2 MORF_MAP2K2	-1.280	0.321	0.972	1.197	0.446	-1.280	1.722	4.280	-0.552	-3.274	-5.263
MORF_TPR MORF_TPR	-3.072	-0.310	1.555	0.538	1.079	-3.072	2.432	1.826	1.079	-1.613	-4.669
MORF_TERF1 MORF_TERF1	-0.811	0.652	3.316	2.819	1.551	-2.658	-0.527	0.441	-1.213	-2.658	-2.664
MORF_MBD4 MORF_MBD4	-3.492	0.451	1.116	0.637	0.637	-1.839	3.350	2.480	-0.959	-1.338	-3.501
GNF2_S100A4 GNF2_S100A4	-1.700	-1.700	-1.700	-0.574	-0.991	-1.700	-0.574	2.002	0.285	1.538	5.841
GNF2_TPT1 GNF2_TPT1	-1.493	-0.829	-0.829	0.985	0.381	-0.453	8.558	0.647	-1.493	-1.493	-1.496
MORF_SART1 MORF_SART1	-1.007	-0.399	0.847	2.347	3.353	-1.538	1.906	-0.234	-2.366	-2.366	-2.372
MORF_GSPT1 MORF_GSPT1	-1.192	3.701	2.072	2.569	0.598	-1.950	-1.192	-0.242	-1.192	-1.950	-1.955
MORF_RAB5A MORF_RAB5A	-3.868	-0.418	0.325	-0.418	1.113	-1.178	4.158	2.039	0.653	-0.855	-3.877
GCM_ZNF198 GCM_ZNF198	-1.362	0.322	0.454	5.515	1.252	-2.887	0.322	1.011	-0.281	-1.036	-4.801
MORF_SP3 MORF_SP3	-3.242	0.559	2.005	1.318	2.827	-1.173	0.774	0.559	-0.820	-2.294	-3.249
MODULE_62 MODULE_62	-2.590	-0.489	-1.007	1.056	1.056	-1.394	3.220	3.220	0.597	-2.590	-2.597
GNF2_ESPL1 GNF2_ESPL1	-0.430	7.833	2.484	-0.797	-0.430	-1.451	-0.797	-0.430	-0.430	-1.451	-1.455
MORF_TERF2IP MORF_TERF2IP	-2.748	-0.508	1.370	2.298	1.114	-3.534	1.114	1.653	0.512	-1.264	-3.544
GNF2_ITGB2 GNF2_ITGB2	-1.433	-2.241	-1.433	-0.921	-2.241	-0.921	0.259	3.064	0.946	0.946	3.605
MODULE_289 MODULE_289	0.700	-1.906	-1.906	-2.421	0.388	3.775	-1.487	-0.646	-1.145	0.700	4.649
MODULE_324 MODULE_324	0.564	-1.326	-1.326	-2.678	-1.025	2.598	-1.025	-1.326	-0.424	0.927	6.538
GCM_PPP1CC GCM_PPP1CC	-0.921	0.946	3.064	2.552	0.665	-2.241	0.259	0.435	-1.433	-2.241	-2.247
MORF_MTA1 MORF_MTA1	-0.697	0.751	2.541	0.751	1.514	-2.303	1.514	0.398	-0.491	-3.040	-4.087
GNF2_MCL1 GNF2_MCL1	-2.200	-2.200	-1.398	-0.556	-0.332	-2.200	-0.332	1.710	0.982	2.624	2.138
GNF2_UBE2I GNF2_UBE2I	-1.058	-1.058	1.426	1.866	3.497	-1.784	1.042	0.254	-1.058	-1.784	-1.788
MODULE_436 MODULE_436	0.291	-1.101	-0.443	-4.915	-0.311	-0.311	0.291	-1.849	-0.311	4.803	2.682
MORF_CDH4 MORF_CDH4	2.222	0.549	-1.046	-1.719	1.361	3.285	-1.349	-1.046	-4.227	1.361	-0.802
GNF2_ANP32B GNF2_ANP32B	0.647	4.326	2.395	0.647	-0.234	-1.493	-0.829	-0.829	-1.493	-1.493	-1.496
MORF_DEAF1 MORF_DEAF1	0.245	2.022	2.983	1.235	-0.365	-1.468	0.638	0.245	-2.283	-2.283	-2.288
GNF2_MSH6 GNF2_MSH6	0.837	5.937	1.723	0.264	-0.671	-1.285	-0.671	-1.285	-0.671	-1.285	-1.288
GNF2_ELAC2 GNF2_ELAC2	-0.354	2.904	4.137	-0.354	-0.354	-1.784	1.042	-1.058	-0.625	-1.784	-1.788
MORF_MAP2K7 MORF_MAP2K7	1.937	0.413	-1.347	-2.010	2.817	3.146	-2.907	-0.863	-2.010	1.021	-0.683
GNF2_H2AFX GNF2_H2AFX	-0.671	5.089	2.885	0.509	-0.341	-1.285	-0.341	-0.671	-1.285	-1.285	-1.288
MORF_SNRP70 MORF_SNRP70	-1.036	-1.036	2.283	3.270	0.565	-1.573	1.115	0.565	-0.416	-2.408	-2.414
MODULE_199 MODULE_199	0.879	-1.503	-1.503	-1.503	-0.382	-2.324	0.233	-0.623	-0.382	4.009	3.428
GNF2_BUB1 GNF2_BUB1	-0.240	8.091	1.090	-0.240	-0.520	-1.077	-0.520	-1.077	-0.520	-1.077	-1.080
MORF_BMI1 MORF_BMI1	-0.559	-0.368	2.399	2.399	0.774	-3.242	1.644	-0.559	0.243	-2.294	-2.301
MODULE_113 MODULE_113	0.477	-0.569	-2.473	-1.437	1.085	3.943	-1.893	-1.437	-1.437	0.852	2.662
MODULE_223 MODULE_223	1.171	-2.108	-3.309	-1.005	-2.646	2.642	-0.412	-0.291	-0.291	2.301	1.680
MODULE_403 MODULE_403	0.410	5.269	1.323	1.323	-0.392	-1.125	-0.392	-1.125	-1.125	-1.867	-1.871
GCM_HBP1 GCM_HBP1	-1.893	0.820	0.389	3.600	0.820	-1.893	1.782	0.238	-0.374	-1.893	-2.789
MORF_BAG5 MORF_BAG5	-2.158	-0.535	1.368	0.722	1.368	-1.364	1.766	2.210	-1.364	-1.364	-2.163
GNF2_NS GNF2_NS	0.320	1.659	6.180	0.320	-0.926	-1.617	-0.283	-0.525	-0.525	-1.617	-1.621
GNF2_PECAM1 GNF2_PECAM1	-1.260	-2.033	-1.260	-0.472	-0.472	-2.033	-0.783	1.943	0.546	1.943	3.494
MORF_CDK2 MORF_CDK2	-0.263	2.884	2.020	1.000	-0.263	-2.002	0.739	-0.422	-0.422	-2.908	-2.915
CAR_HPX CAR_HPX	0.314	-1.457	-1.013	-1.013	0.314	5.415	-0.689	-2.074	-1.457	0.314	3.212
GNF2_KISS1 GNF2_KISS1	-0.228	-0.411	-1.908	-1.158	0.389	8.283	-0.703	-1.158	-0.703	-0.703	0.918
GCM_RAF1 GCM_RAF1	-0.958	-0.300	2.074	3.825	1.597	-1.659	-0.958	0.302	-1.659	-1.659	-0.551
GNF2_RPA1 GNF2_RPA1	-1.119	2.680	4.961	0.347	-0.260	-1.119	-0.260	-1.119	-1.119	-0.550	-1.122
MODULE_152 MODULE_152	-1.906	-0.646	-0.332	1.637	0.531	-1.487	2.256	2.602	0.895	-1.487	-3.890
MORF_RFC1 MORF_RFC1	-1.464	1.058	1.315	4.345	0.462	-1.464	0.462	-0.411	-0.280	-1.099	-4.339
MODULE_292 MODULE_292	0.365	-0.678	-0.906	-3.956	-0.678	0.365	-0.496	-0.906	-0.678	3.256	4.983
MODULE_146 MODULE_146	0.689	-3.153	-1.833	-2.405	0.689	3.619	-1.031	-0.537	-0.250	0.509	2.384
GNF2_MYD88 GNF2_MYD88	-2.324	-1.503	-1.503	-1.503	-0.382	-1.503	1.193	2.413	2.413	0.613	0.875
GNF2_HPX GNF2_HPX	1.593	-1.066	-1.066	-1.066	-1.066	3.627	-0.815	-2.743	-0.815	0.697	3.220
MODULE_375 MODULE_375	0.420	-1.905	-1.905	-1.905	0.278	2.375	-1.394	-0.325	-0.711	0.809	4.685
GNF2_HPN GNF2_HPN	2.554	-1.046	-1.046	-1.046	-1.349	4.537	-0.797	-2.166	-0.797	0.408	1.901
GCM_PFN1 GCM_PFN1	-0.756	-0.256	1.183	0.572	1.183	-1.992	1.183	2.492	-1.226	-1.992	-1.996
MODULE_259 MODULE_259	0.410	-1.125	-1.125	-1.867	0.226	-1.867	-0.392	-0.392	-0.392	3.298	3.901
MORF_PPP2R5E MORF_PPP2R5E	-1.678	-0.383	0.998	0.750	1.602	-2.331	2.345	0.998	-0.244	-1.200	-3.291
GNF2_FGR GNF2_FGR	-1.160	-1.160	-0.580	-1.160	-1.160	-1.160	-0.580	1.434	1.434	0.979	3.235
GCM_RAD21 GCM_RAD21	-0.861	0.941	1.335	4.925	0.359	-0.861	-0.250	-0.477	-1.534	-1.534	-1.538
MORF_CCNF MORF_CCNF	-0.341	2.953	0.826	1.731	0.826	-1.119	0.826	-0.776	-1.119	-3.158	-2.227
GCM_ING1 GCM_ING1	-1.786	0.652	0.275	0.908	-0.811	-1.213	3.316	2.358	-0.329	-1.213	-2.664
GNF2_DDX5 GNF2_DDX5	-2.533	-0.287	-0.287	1.694	1.006	-1.123	3.035	1.006	-0.739	-0.739	-2.539
MORF_RAB6A MORF_RAB6A	-0.836	-1.822	1.507	1.171	0.423	-0.546	1.171	0.628	1.507	-2.699	-2.706
GNF2_TIMP2 GNF2_TIMP2	0.239	-0.373	-1.825	-1.091	0.431	6.961	-0.650	-1.091	-1.091	-0.373	0.996
MODULE_97 MODULE_97	-1.625	-0.624	3.168	2.358	-0.290	-3.910	1.357	0.313	-0.432	-0.624	-0.881
GNF2_BUB3 GNF2_BUB3	0.347	1.033	4.961	0.347	-0.550	-1.119	0.645	-1.119	-1.119	-1.119	-1.122
MODULE_170 MODULE_170	1.357	-1.625	-1.204	-1.625	-1.625	-0.432	-1.204	0.313	0.842	0.633	5.634
MORF_MAP3K14 MORF_MAP3K14	0.987	0.311	-1.793	-1.793	0.311	5.954	-2.295	-0.793	-0.793	0.311	0.981
MORF_PRDX3 MORF_PRDX3	-1.282	0.326	0.680	2.189	1.819	-1.282	1.180	1.180	-1.282	-2.441	-2.448
GCM_MAP4K4 GCM_MAP4K4	-1.585	1.291	0.447	0.725	-0.636	-2.343	-0.636	4.002	-0.268	1.291	-3.385
GNF2_SPINK1 GNF2_SPINK1	0.773	-0.994	-0.994	-0.994	2.361	1.215	-0.462	-0.994	-0.994	-0.994	2.355
MODULE_121 MODULE_121	1.549	-0.942	-3.002	-0.942	-2.270	2.994	-1.280	0.412	0.412	0.412	1.859
MODULE_28 MODULE_28	-1.243	-0.640	1.303	0.882	2.365	-0.640	2.365	-0.640	-1.243	-1.243	-1.246
GNF2_STAT6 GNF2_STAT6	-2.866	-1.365	-1.365	-0.405	0.357	-1.365	1.340	2.073	2.952	0.540	-0.630
MODULE_382 MODULE_382	-0.279	-1.160	-0.580	-1.160	0.607	5.643	-0.580	-1.160	-1.160	0.607	0.605
MODULE_263 MODULE_263	0.320	-1.617	-1.617	-1.617	0.320	2.695	-1.617	-0.283	-0.283	1.659	1.224
GNF2_LCAT GNF2_LCAT	1.934	-0.868	-1.145	-0.868	-1.145	3.775	-1.145	-2.421	-0.469	0.531	2.245
MODULE_171 MODULE_171	0.682	-1.167	-1.167	-2.453	-0.887	0.516	-0.483	-0.887	-0.662	4.148	3.294
MODULE_248 MODULE_248	2.778	-1.589	-1.589	-2.549	-0.377	1.509	-0.945	-1.589	0.473	1.251	1.781
GCM_RAN GCM_RAN	-1.712	0.583	1.062	1.471	0.725	-4.028	1.062	1.702	-0.585	0.262	-2.918
MODULE_128 MODULE_128	1.461	-1.537	-1.129	-1.537	-1.537	-0.391	-1.537	0.350	0.917	0.695	4.805
GCM_ERBB2IP GCM_ERBB2IP	-0.836	1.507	-1.243	1.883	0.423	-1.822	-0.836	3.240	0.628	-1.243	-1.827
GCM_BCL2L1 GCM_BCL2L1	-1.451	0.403	1.032	1.452	-0.430	-1.451	1.937	1.452	-0.797	-1.451	-1.455
MORF_GMPS MORF_GMPS	-0.513	1.058	2.777	2.277	-0.300	-1.329	0.302	0.302	-0.838	-2.116	-2.121
GNF2_CD1D GNF2_CD1D	-0.926	-0.926	-0.926	-0.525	-0.525	-1.617	-0.926	0.555	-0.283	3.293	3.933
GNF2_G22P1 GNF2_G22P1	-0.385	0.755	4.010	2.096	0.231	-0.733	-0.385	-1.368	-0.733	-1.368	-1.371
GNF2_PTPRC GNF2_PTPRC	-1.679	-2.533	-1.679	0.499	-0.287	-1.679	0.729	3.035	1.006	0.499	0.726
MODULE_149 MODULE_149	-1.493	-0.234	-0.234	1.392	0.647	-1.493	3.629	0.381	-0.234	-1.493	-1.496
MORF_USP5 MORF_USP5	-1.226	0.352	0.849	3.024	-0.451	-1.226	1.569	0.849	-0.451	-1.992	-1.996
GNF2_VAV1 GNF2_VAV1	-1.202	-0.610	-1.202	-1.202	0.929	-1.202	0.573	1.880	0.929	1.880	-1.205
MODULE_79 MODULE_79	1.391	-1.595	-1.178	-1.595	-1.595	-0.418	-1.178	0.325	1.113	0.653	4.646
MODULE_182 MODULE_182	-1.255	-0.920	2.643	2.262	0.290	-3.994	1.292	-0.312	-0.312	-0.312	-0.925
GNF2_MMP11 GNF2_MMP11	0.302	-0.300	-1.659	-0.958	0.528	6.833	-0.549	-0.958	-0.958	-0.549	0.525
GCM_NUMA1 GCM_NUMA1	0.287	-0.316	0.287	1.766	-0.316	-2.158	1.368	2.699	-0.865	-1.364	-2.163
MODULE_410 MODULE_410	-0.234	-1.493	-1.493	-1.493	0.381	1.392	-0.829	-0.453	-0.453	0.647	4.317
MORF_XPC MORF_XPC	-1.679	0.499	-0.287	0.499	-1.123	-1.123	2.102	3.035	0.729	-0.739	-2.539
GCM_MAX GCM_MAX	-1.285	0.264	0.509	3.561	0.509	-0.671	1.723	-0.341	-1.285	-1.285	-1.288
MORF_PPP2R4 MORF_PPP2R4	-2.116	-0.300	1.058	1.058	0.499	-1.329	0.499	3.319	-0.838	-0.513	-2.121
MORF_DAP MORF_DAP	-2.220	-1.583	0.265	0.826	0.265	0.265	2.512	1.392	1.392	-1.583	-2.227
MODULE_261 MODULE_261	-0.942	-0.476	2.591	2.591	0.412	-4.035	0.773	0.412	-0.678	-0.942	-0.682
MORF_RAB11A MORF_RAB11A	-1.573	0.816	0.565	0.565	2.283	-2.408	1.850	0.565	-1.036	-1.036	-1.578
MODULE_247 MODULE_247	0.403	-0.430	-1.451	-0.430	-0.797	1.032	-1.451	-0.430	-1.451	3.750	1.447
GNF2_BNIP2 GNF2_BNIP2	-1.368	-1.368	1.132	-0.385	1.132	-0.733	2.096	2.096	-0.733	-0.733	-1.371
MORF_GPX4 MORF_GPX4	-1.364	-1.364	-0.316	-0.535	0.477	-0.316	1.766	5.070	0.287	-1.364	-1.368
CAR_IGFBP1 CAR_IGFBP1	0.416	-2.283	-0.950	-0.950	1.605	2.983	-0.950	-1.468	-0.600	0.416	1.599
MODULE_29 MODULE_29	-1.077	-0.520	-1.077	0.684	2.152	-0.240	2.152	1.090	-1.077	-1.077	-1.080
GNF2_CD33 GNF2_CD33	-1.158	-1.158	-0.703	-0.703	-0.228	-1.908	-0.703	0.389	0.389	2.648	3.794
GNF2_SERPINI2 GNF2_SERPINI2	0.527	-0.870	-0.870	-0.870	2.730	0.931	-0.378	-0.870	-0.870	-0.870	2.035
MODULE_345 MODULE_345	0.280	-0.652	-0.323	-3.419	-0.652	-0.323	0.280	-1.571	-0.323	3.628	2.795
GNF2_PPP6C GNF2_PPP6C	-0.893	0.339	0.899	1.280	1.280	-1.576	2.228	-0.266	-0.893	-1.576	-1.580
GNF2_CBFB GNF2_CBFB	-1.202	0.573	1.367	0.929	0.929	-1.202	1.880	-0.300	-1.202	-1.202	-1.205
MORF_WNT1 MORF_WNT1	2.082	-0.522	-1.358	-1.008	0.372	4.146	-1.803	-1.803	-0.522	0.249	0.918
GNF2_EGFR GNF2_EGFR	0.247	-0.702	-1.327	-0.702	0.795	4.922	-0.702	-0.702	-1.327	-0.363	1.182
MODULE_337 MODULE_337	-0.416	3.821	1.460	1.115	-1.036	-2.408	-0.416	0.363	-0.416	-0.668	-1.578
MORF_IL4 MORF_IL4	3.106	0.431	-1.013	-1.536	0.694	3.106	-1.536	-1.863	-1.255	0.553	-0.280
GNF2_CD53 GNF2_CD53	-1.908	-1.158	-1.158	-1.158	1.681	-1.158	1.681	1.274	0.921	0.921	-0.705
MODULE_357 MODULE_357	1.602	-0.577	-1.678	-1.678	0.539	2.766	-1.200	-1.200	-0.843	-0.244	2.336
MODULE_307 MODULE_307	-0.491	-0.491	-1.036	-0.222	-0.222	-1.036	4.474	1.150	0.727	-1.036	-1.038
MODULE_76 MODULE_76	0.666	-1.488	-2.111	-1.488	-0.301	0.909	-1.488	-0.471	0.301	2.263	2.682
MORF_LCAT MORF_LCAT	1.984	0.433	-0.762	-0.567	-0.291	3.793	-2.646	-2.646	-0.412	0.433	0.308
MORF_UBE2A MORF_UBE2A	-1.226	-0.756	-0.256	0.849	-0.451	-1.226	3.024	2.492	0.352	-0.756	-1.996
MODULE_91 MODULE_91	-0.797	-0.430	1.032	1.032	1.937	-0.797	2.484	-0.797	-0.797	-1.451	-1.455
MODULE_157 MODULE_157	1.445	-1.803	-0.734	-1.358	0.249	0.709	-2.371	0.709	0.525	-1.008	3.668
GNF2_TNFSF10 GNF2_TNFSF10	-0.260	-1.119	-1.119	-0.550	-1.119	-1.119	-0.550	1.033	0.347	2.680	2.051
MODULE_111 MODULE_111	1.761	-1.663	-0.610	-1.663	0.274	0.662	-3.139	0.662	-0.330	0.274	3.382
GNF2_PTPN6 GNF2_PTPN6	-1.576	-0.893	-1.576	-0.500	-0.893	-0.893	0.584	1.280	3.401	0.899	0.337
GNF2_CD14 GNF2_CD14	-0.671	-1.285	-0.671	0.264	-0.341	-1.285	-1.285	-0.341	0.837	1.723	3.552
MODULE_433 MODULE_433	1.371	-0.273	-1.094	-1.094	-0.452	3.644	-2.491	-1.094	-0.452	0.520	1.037
MODULE_297 MODULE_297	1.602	-0.577	-1.678	-1.678	0.750	2.345	-1.200	-1.200	-0.843	-0.244	2.336
MODULE_105 MODULE_105	-1.303	3.781	2.513	-0.418	0.378	-2.667	0.486	-1.066	-0.687	0.612	-1.074
GNF2_IGFBP1 GNF2_IGFBP1	0.681	-0.430	-0.797	-0.797	0.403	6.050	-0.430	-0.797	-1.451	-0.797	0.401
MORF_PHB MORF_PHB	-1.411	0.426	0.757	1.739	-0.301	-1.821	2.049	0.426	0.757	-0.598	-3.775
MORF_CSNK1D MORF_CSNK1D	-2.699	-1.243	-0.344	0.878	0.628	-1.243	0.628	1.883	1.507	0.423	-1.827
GNF2_MKI67 GNF2_MKI67	-0.550	3.374	2.680	-0.260	0.347	-1.119	-0.550	-0.260	-0.550	-1.119	-1.122
GNF2_GLTSCR2 GNF2_GLTSCR2	-1.202	-0.610	0.573	0.573	1.367	-0.300	3.117	0.303	-1.202	-1.202	-1.205
MODULE_107 MODULE_107	-0.288	-1.457	-1.013	-1.013	-0.689	3.223	-0.689	-1.457	0.314	0.690	3.212
GCM_CHUK GCM_CHUK	-0.911	0.561	0.792	2.127	1.065	-1.334	0.792	0.561	-0.390	-1.930	-2.831
MODULE_400 MODULE_400	0.656	-0.746	-0.746	-0.746	-0.298	1.129	-0.746	-0.746	-0.746	0.304	4.057
MODULE_164 MODULE_164	-0.434	-1.065	-0.434	-1.608	-0.260	2.686	-1.608	-1.608	0.786	0.786	2.213
MORF_ATOX1 MORF_ATOX1	-0.843	-0.383	1.282	0.367	0.750	-1.678	0.998	1.957	0.539	-1.200	-3.291
GCM_RBM8A GCM_RBM8A	-1.200	0.539	2.766	1.957	0.539	-2.331	0.367	0.367	-0.577	-0.577	-2.337
GNF2_DNM1 GNF2_DNM1	1.000	-0.962	-1.395	-0.962	-0.263	2.884	-1.395	-0.647	-0.647	-0.422	3.357
MODULE_108 MODULE_108	-0.270	-1.260	-1.260	-0.783	0.334	2.418	-2.033	-0.472	-0.472	1.943	1.510
MODULE_315 MODULE_315	-0.663	4.524	1.293	-0.663	-0.663	-0.663	0.362	-0.663	-0.247	-0.247	-0.664
GCM_SUFU GCM_SUFU	-0.506	0.621	-0.327	2.571	1.123	-3.116	0.853	0.429	-0.506	-0.506	-2.190
MORF_CTSB MORF_CTSB	2.082	-0.327	-1.160	-1.745	1.571	2.981	-1.745	-0.734	-1.160	0.620	-0.441
GCM_HDAC1 GCM_HDAC1	-0.861	0.941	2.309	0.359	1.335	-1.534	0.359	-0.477	0.359	-1.534	-1.538
MODULE_154 MODULE_154	1.471	-0.488	-1.520	-1.520	0.643	2.209	-1.066	-1.520	-0.732	0.289	2.200
GNF2_FOS GNF2_FOS	-1.534	-0.861	-0.861	-0.861	0.359	-1.534	-0.477	1.335	0.615	2.309	1.330
GNF2_SMC1L1 GNF2_SMC1L1	-0.240	1.090	3.514	0.684	-0.520	-1.077	0.371	-1.077	-0.240	-1.077	-1.080
GNF2_TYK2 GNF2_TYK2	-1.368	-0.385	0.453	-0.733	0.755	-1.368	1.580	2.096	0.755	-0.733	-1.371
GNF2_MSN GNF2_MSN	-0.953	-0.953	-0.953	-0.953	0.457	-0.434	0.457	3.194	1.838	-0.434	-0.435
MODULE_426 MODULE_426	0.451	0.301	-0.959	-1.338	1.116	1.116	-3.492	-0.672	-0.672	1.408	1.401
MODULE_329 MODULE_329	1.465	-1.295	-1.295	-0.810	0.317	2.856	-1.295	-0.492	-1.295	0.783	1.093
MODULE_552 MODULE_552	2.403	3.187	0.304	-0.746	-0.746	-0.298	-0.746	-0.298	-0.746	-0.746	-0.299
GNF2_ICAM3 GNF2_ICAM3	-1.368	-1.368	-1.368	0.453	-0.733	-0.733	-0.385	2.096	1.132	0.755	1.128
GNF2_CCNA1 GNF2_CCNA1	0.628	-1.243	-1.243	-1.822	0.628	3.764	0.262	-1.243	-0.836	0.628	0.873
MODULE_96 MODULE_96	-0.250	-0.861	-1.534	-0.861	0.359	1.335	-0.861	-0.477	-0.861	0.615	4.183
GNF2_INPP5D GNF2_INPP5D	-1.410	-1.410	0.216	0.216	0.717	-1.410	1.515	1.080	0.717	0.717	-1.413
GNF2_PAK2 GNF2_PAK2	-1.160	-1.160	-0.580	-0.580	0.979	-0.580	1.966	3.242	-0.279	-0.580	-0.582
MODULE_85 MODULE_85	0.783	-1.295	-1.295	-0.810	-0.492	-1.295	-0.492	-0.285	-0.285	2.856	2.848
GNF2_SPI1 GNF2_SPI1	-0.385	-1.368	-1.368	-0.385	-1.368	0.231	-0.733	1.132	0.453	2.675	1.128
MODULE_222 MODULE_222	2.599	1.935	0.491	-0.911	-0.911	0.217	-0.911	0.217	-0.911	-0.911	0.216
MODULE_298 MODULE_298	-0.222	-1.036	-1.036	-1.036	1.661	2.922	-0.491	-0.222	-1.036	-0.222	0.725
MODULE_219 MODULE_219	-0.520	3.514	1.090	-1.077	-0.520	-1.077	0.684	0.684	-0.520	-0.520	-1.080
GCM_CASP2 GCM_CASP2	-0.550	0.347	0.645	4.135	-0.550	-1.119	0.645	0.347	-0.550	-1.119	-1.122
MODULE_172 MODULE_172	-0.351	-1.055	-1.055	-0.522	-1.055	3.095	-0.752	-1.451	-0.351	1.572	2.264
GCM_CSNK1A1 GCM_CSNK1A1	0.216	1.080	0.427	1.080	1.080	-1.410	0.717	0.427	-1.410	-1.410	-1.413
MODULE_512 MODULE_512	1.392	-1.493	-1.493	-0.453	0.381	0.985	-0.829	-0.234	-1.493	1.392	0.982
GCM_CDH5 GCM_CDH5	2.015	-1.410	-0.407	-0.765	0.427	3.878	-0.765	-0.407	-0.765	-0.765	0.215
MODULE_358 MODULE_358	-1.614	0.254	2.455	1.355	0.579	-3.200	0.579	0.397	-0.354	-0.541	-0.802
MODULE_451 MODULE_451	-0.702	4.150	0.247	0.247	0.247	-1.327	1.186	0.247	-1.327	-0.702	-0.705
MODULE_208 MODULE_208	0.595	-1.146	-1.146	-1.984	-0.850	0.786	-0.301	-0.618	-0.618	2.910	2.515
GNF2_MBD4 GNF2_MBD4	-1.036	-1.036	1.661	2.253	1.150	-0.491	-0.222	-0.222	-0.222	-1.036	-1.038
MODULE_239 MODULE_239	-1.821	-0.301	0.963	3.954	0.426	-1.821	0.757	-0.301	0.301	-0.430	-1.829
GNF2_MLF1 GNF2_MLF1	0.597	-1.007	-0.711	-1.394	1.056	3.686	-0.489	-1.905	-1.007	0.809	0.593
MODULE_277 MODULE_277	-0.921	0.259	0.665	1.657	1.657	-0.921	1.657	-0.348	-0.921	-0.921	-2.247
MODULE_387 MODULE_387	1.569	-1.226	-1.226	-0.756	-0.256	2.492	-1.226	-0.451	-1.226	0.849	1.178
MODULE_168 MODULE_168	1.935	1.935	0.874	-0.911	-0.911	0.217	-0.911	0.217	-0.911	-0.911	0.216
GCM_HMGA2 GCM_HMGA2	0.841	-0.537	-1.313	-2.201	-0.262	4.673	-0.739	-0.537	-0.739	0.647	0.643
MODULE_323 MODULE_323	-1.065	-1.065	1.077	3.189	-0.434	-1.065	1.415	0.786	-0.434	-1.608	-0.695
MODULE_93 MODULE_93	-1.013	-1.536	-1.536	0.326	0.553	-1.536	0.553	0.553	3.795	1.444	-0.815
MODULE_392 MODULE_392	1.129	3.187	1.129	-0.298	-0.298	-0.746	-0.746	-0.298	-0.746	-0.746	-0.747
GNF2_HLA_C GNF2_HLA_C	-1.534	-0.477	-1.534	-0.477	-0.250	-0.861	1.335	0.941	1.335	1.792	-0.864
GNF2_RAP1B GNF2_RAP1B	-1.327	-1.327	-0.702	0.795	-0.363	-0.702	0.795	3.434	0.795	-0.702	-0.364
MODULE_102 MODULE_102	-0.298	4.064	0.656	-0.746	-0.746	-0.746	0.656	0.304	-0.746	-0.298	-0.747
MODULE_274 MODULE_274	2.591	-0.912	-2.441	-0.634	-0.427	1.819	-0.277	-0.912	-0.912	0.326	1.476
GNF2_SELL GNF2_SELL	-1.867	-1.867	-1.125	0.226	-0.392	-0.676	0.410	1.323	1.740	0.960	0.652
MODULE_316 MODULE_316	0.739	0.342	-1.395	-1.395	-0.263	2.435	-2.002	-0.422	-0.647	-0.263	2.426
GCM_TINF2 GCM_TINF2	-1.617	-0.525	0.555	1.659	0.320	-0.926	2.149	0.555	0.320	-0.926	-1.621
MORF_BCL2L11 MORF_BCL2L11	1.817	0.487	-1.430	0.373	0.944	2.364	-0.929	-2.536	-1.430	0.620	-0.576
MORF_IFNA1 MORF_IFNA1	1.173	-0.285	-0.802	-0.802	1.377	2.955	-0.802	-1.802	-2.155	0.986	-0.384
GNF2_GSTM1 GNF2_GSTM1	1.798	-0.635	-0.870	-0.870	-0.870	1.798	-1.169	-2.015	-0.312	0.764	2.116
GCM_CSNK1D GCM_CSNK1D	-1.285	-0.341	0.509	0.837	0.837	-1.285	1.723	1.243	-0.671	-0.671	-1.288
MODULE_287 MODULE_287	0.572	0.352	-0.451	-1.992	0.352	1.569	-1.992	-1.226	-0.256	0.572	1.563
MODULE_186 MODULE_186	4.566	-0.829	-0.829	-0.829	0.256	0.256	-0.829	-0.351	0.256	0.566	-0.352
MODULE_180 MODULE_180	2.658	-0.952	-0.703	-1.264	-0.952	0.512	-1.653	-0.703	0.368	0.685	2.646
MODULE_68 MODULE_68	-0.222	-1.036	-1.036	-1.036	1.661	2.922	-0.491	-0.222	-0.491	-0.491	0.725
GCM_DDX11 GCM_DDX11	-1.058	2.360	1.042	1.042	-0.625	-1.058	0.453	-0.354	0.717	-1.058	-1.788
GNF2_CDKN1C GNF2_CDKN1C	0.645	-0.550	-1.119	-0.550	0.347	3.374	-0.550	-0.550	-1.119	-0.550	1.501
MODULE_119 MODULE_119	1.049	-0.474	-0.641	-2.255	-0.850	-0.850	-0.341	-1.107	0.506	3.135	1.798
MORF_FRK MORF_FRK	0.650	0.852	0.335	0.650	0.852	1.085	-3.229	-2.473	-1.076	0.650	-0.272
MODULE_545 MODULE_545	0.279	0.279	-0.787	-0.324	0.279	4.790	0.279	-0.787	-0.787	-0.324	-0.789
MODULE_397 MODULE_397	0.252	5.833	0.685	-0.357	0.252	-1.264	-0.508	-0.952	-1.264	-0.508	0.249
MODULE_22 MODULE_22	-1.784	0.453	-1.058	0.254	1.426	-1.058	0.453	2.360	0.717	-0.625	-1.061
MODULE_458 MODULE_458	0.681	-0.797	-1.451	-0.797	-0.430	1.452	-1.451	-0.430	0.403	0.403	2.477
GNF2_TM4SF2 GNF2_TM4SF2	0.371	-0.520	-0.520	-0.240	-0.240	1.090	-1.077	-1.077	-0.520	-0.520	4.291
MODULE_209 MODULE_209	-0.412	-1.255	-1.255	-0.412	-0.889	2.648	-0.615	-1.255	0.339	1.864	1.514
GNF2_SERPINB5 GNF2_SERPINB5	0.607	-1.160	-0.580	-0.580	0.324	1.966	-1.160	-1.160	0.324	-0.279	1.960
GCM_ANP32B GCM_ANP32B	0.216	0.717	1.080	2.015	0.717	-1.410	0.216	-0.407	-0.407	-1.410	-1.413
GCM_MSN GCM_MSN	-1.077	-0.240	0.684	1.581	0.684	-1.077	0.684	1.090	-0.520	-1.077	-1.080
GCM_DLG1 GCM_DLG1	-1.092	-0.506	0.276	0.429	0.621	-3.116	-0.327	2.571	0.276	1.123	-0.758
MODULE_115 MODULE_115	-0.520	0.371	0.371	1.581	1.090	-1.077	1.090	0.371	-1.077	-1.077	-1.080
MODULE_318 MODULE_318	0.979	3.980	0.324	0.324	-0.279	-1.160	-0.279	-0.580	-0.580	-0.580	-1.163
MODULE_36 MODULE_36	-1.365	-0.858	0.573	2.373	0.900	-1.365	0.726	1.095	0.726	-1.365	-1.700
MORF_SS18 MORF_SS18	-1.573	-0.416	1.115	0.565	0.816	-0.668	1.460	0.816	0.363	-1.036	-2.414
MODULE_320 MODULE_320	0.304	3.187	1.715	-0.298	-0.746	-0.746	-0.746	-0.298	-0.746	-0.298	-0.299
MODULE_131 MODULE_131	1.580	-1.368	-0.733	-0.385	-1.368	1.132	0.231	-0.733	0.231	2.096	-0.387
MODULE_288 MODULE_288	-0.250	-1.534	-1.534	-0.477	-0.250	2.884	-0.250	-0.477	-0.250	-0.250	1.786
GNF2_CD48 GNF2_CD48	-0.994	-0.462	-0.994	-0.462	0.773	-0.994	0.773	0.773	1.215	1.215	-0.997
GCM_BMPR2 GCM_BMPR2	-1.255	1.213	0.703	0.339	0.339	-0.615	1.522	1.213	-2.404	-0.266	-1.749
MODULE_189 MODULE_189	1.838	1.838	1.284	-0.953	-0.434	0.200	-0.953	-0.434	-0.953	-0.434	-0.435
GNF2_SPRR1B GNF2_SPRR1B	0.200	-0.434	0.200	-0.953	0.822	3.988	-0.953	-0.953	-0.434	0.200	0.199
GNF2_CD97 GNF2_CD97	-0.765	-0.765	-0.765	-0.765	-0.765	-0.765	-0.407	3.199	0.427	0.427	2.009
GCM_TPR GCM_TPR	-0.610	0.303	1.880	1.880	0.303	-1.202	0.929	-0.610	-0.610	-0.610	-1.205
MORF_PTPRR MORF_PTPRR	0.773	0.279	-0.942	-1.713	0.773	3.424	-0.678	-0.324	-1.713	0.773	-0.479
MODULE_265 MODULE_265	0.324	-1.160	-0.580	-0.279	-1.160	-0.580	0.607	0.324	-0.580	3.980	0.322
GNF2_CDH3 GNF2_CDH3	0.645	-1.119	-0.550	-1.119	0.347	1.505	-0.550	-1.119	0.347	-0.260	2.051
MORF_EPHA7 MORF_EPHA7	1.073	0.680	-0.461	0.384	0.864	1.842	-2.776	-1.396	-1.087	0.680	-0.631
MODULE_213 MODULE_213	0.621	-1.092	-1.551	-2.184	0.429	1.431	-0.754	0.853	1.123	0.853	-0.509
MODULE_43 MODULE_43	-0.678	-0.678	-1.713	0.577	0.773	-0.942	-0.324	1.001	1.868	1.260	-1.720
