GO	[-18.23 -0.96]	[-0.96 -0.49]	[-0.49 -0.21]	[-0.21 -0.13]	[-0.13 0.00]	[0.00 0.00]	[0.00 0.14]	[0.14 0.50]	[0.50 1.16]	[1.16 2.04]	[2.04 10.00]
SETBP1_TARGET_GENES SETBP1_TARGET_GENES	-0.548	9.167	5.838	-0.881	0.285	-6.393	-1.969	2.573	-0.700	-3.309	-4.577
TMTCGCGANR_UNKNOWN TMTCGCGANR_UNKNOWN	-0.782	6.619	7.100	-0.346	-0.346	-6.894	-0.463	1.559	-0.607	-3.930	-5.635
SGCGSSAAA_E2F1DP2_01 SGCGSSAAA_E2F1DP2_01	-0.497	10.000	5.957	-1.044	-0.375	-7.019	-1.044	0.327	-0.375	-4.033	-1.294
TOX4_TARGET_GENES TOX4_TARGET_GENES	-0.770	2.402	5.137	-0.961	0.436	-7.894	-0.473	3.650	-0.361	-1.184	-3.453
GTF3A_TARGET_GENES GTF3A_TARGET_GENES	-0.541	-1.611	-2.252	0.397	1.349	11.838	0.578	-2.252	-1.143	-0.354	-3.187
MIR4255 MIR4255	-2.437	1.637	2.157	-0.876	-0.301	-7.144	-2.023	3.761	3.407	-0.876	-0.871
ZZZ3_TARGET_GENES ZZZ3_TARGET_GENES	-1.926	5.509	3.281	0.515	0.870	-5.021	0.376	0.376	-0.482	-3.084	-2.437
GGAANCGGAANY_UNKNOWN GGAANCGGAANY_UNKNOWN	-0.345	5.862	2.687	-1.620	-0.929	-2.703	1.135	1.678	-0.493	-3.482	-3.475
MIR3925_3P MIR3925_3P	-2.301	-1.259	-1.008	-1.554	0.587	-5.685	0.907	5.208	4.791	-1.008	0.591
ZBED4_TARGET_GENES ZBED4_TARGET_GENES	-0.285	7.295	2.516	-0.385	-0.385	-7.060	-0.509	0.690	-0.385	-1.319	-2.375
ZNF667_TARGET_GENES ZNF667_TARGET_GENES	0.568	4.635	6.464	-0.284	0.724	-2.725	-0.903	-0.527	-1.804	-2.725	-2.718
MIR548M MIR548M	-0.897	1.507	2.255	-3.933	0.370	-5.439	-0.326	5.778	-0.559	-1.113	0.372
ZBTB5_TARGET_GENES ZBTB5_TARGET_GENES	0.409	2.111	4.773	-0.513	-0.392	-7.561	0.409	-0.659	1.383	-1.043	-2.269
MIR4257 MIR4257	-2.634	-0.566	2.979	-1.002	-1.298	-5.270	-0.412	4.619	0.945	-0.412	0.949
ARHGAP35_TARGET_GENES ARHGAP35_TARGET_GENES	-0.443	3.860	4.759	-1.431	-1.431	-3.787	-1.097	1.416	0.936	-1.431	-1.426
MCM3_TARGET_GENES MCM3_TARGET_GENES	-0.344	2.469	6.528	-0.583	-0.583	-3.401	-0.741	1.685	0.351	-2.434	-2.875
GKCGCNNNNNNNTGAYG_UNKNOWN GKCGCNNNNNNNTGAYG_UNKNOWN	0.498	4.687	5.967	-0.738	-0.470	-1.676	-0.470	-0.738	-1.122	-1.676	-2.524
GAGCTGG_MIR337 GAGCTGG_MIR337	-1.444	0.292	3.508	-1.444	-1.444	-6.727	-0.419	3.157	-0.310	1.206	0.663
MXD1_TARGET_GENES MXD1_TARGET_GENES	-0.358	5.448	2.424	-0.635	0.756	-5.255	-0.635	0.756	-0.260	-1.316	-2.964
AACYNNNNTTCCS_UNKNOWN AACYNNNNTTCCS_UNKNOWN	0.896	5.024	3.162	-1.826	0.359	-4.189	-1.028	-1.380	0.507	-1.380	-0.534
MIR7160_5P MIR7160_5P	1.319	-0.301	3.479	-3.056	-0.301	-6.748	-0.301	2.550	0.396	0.301	-1.252
MIR132_3P MIR132_3P	-1.465	0.997	0.997	-0.278	-0.484	-6.629	-0.784	7.242	-0.278	-0.484	-0.480
E2F_Q2 E2F_Q2	-0.633	1.024	4.111	-2.658	1.024	-5.216	-0.805	2.174	1.024	-0.633	-1.844
YBX3_TARGET_GENES YBX3_TARGET_GENES	0.258	3.600	4.188	-0.348	-0.920	-2.238	-0.348	0.944	-0.920	-2.238	-2.234
GGAMTNNNNNTCCY_UNKNOWN GGAMTNNNNNTCCY_UNKNOWN	-1.097	5.738	2.674	-2.348	0.291	-3.787	-0.443	1.416	-0.443	-0.613	-1.426
RUVBL1_TARGET_GENES RUVBL1_TARGET_GENES	-0.277	2.456	5.289	-0.373	0.848	-4.413	-0.633	-0.373	0.690	-1.851	-3.149
GCGNNANTTCC_UNKNOWN GCGNNANTTCC_UNKNOWN	-0.388	3.076	3.872	-1.608	0.331	-3.224	-0.726	0.610	1.744	-1.608	-3.217
MIR4511 MIR4511	-2.194	0.984	3.114	-0.939	-0.430	-3.828	-0.736	5.450	0.984	-1.180	-1.175
MIR302D_5P MIR302D_5P	-1.333	0.721	1.658	0.583	-1.609	-5.045	-0.711	5.503	1.658	-1.333	-0.883
MIR142_3P MIR142_3P	-1.422	0.372	-0.436	-0.925	0.617	-5.999	1.557	4.361	2.340	-0.925	-1.416
SREBP1_01 SREBP1_01	-0.908	0.497	2.374	-0.908	0.784	-4.205	1.356	1.583	2.093	-1.712	-4.195
MIR194_5P MIR194_5P	-1.077	-0.698	1.461	-1.314	-0.326	-5.010	-0.698	7.299	1.461	-0.427	-0.547
MIR12135 MIR12135	-0.528	1.297	1.508	-2.213	-1.547	-6.788	0.765	3.774	-0.528	0.622	0.295
AGCATTA_MIR155 AGCATTA_MIR155	0.351	0.627	-0.362	-1.461	-0.362	-5.562	-0.499	7.049	1.218	-0.671	-0.880
MIR212_3P MIR212_3P	-1.404	0.720	1.054	-0.344	-0.452	-6.511	-0.583	6.982	0.262	-0.452	-0.449
HOXA7_TARGET_GENES HOXA7_TARGET_GENES	-0.291	3.150	4.429	-0.791	0.439	-4.813	0.439	0.439	-0.582	-1.786	-1.780
MIR506_5P MIR506_5P	-0.395	6.296	0.933	-2.393	-0.395	-3.649	-0.939	2.874	-0.395	-0.939	-0.714
MIR143_5P MIR143_5P	-0.321	0.282	2.491	-1.367	-0.812	-5.395	0.880	3.594	1.090	-0.610	-2.180
GGCNKCCATNK_UNKNOWN GGCNKCCATNK_UNKNOWN	-0.343	2.199	5.023	-1.926	0.263	-2.443	0.376	2.199	-1.506	-1.163	-2.437
HOXD11_TARGET_GENES HOXD11_TARGET_GENES	-0.381	3.875	1.596	-0.681	-0.381	-4.904	-0.381	1.350	1.596	-1.779	-2.687
CREB3L2_TARGET_GENES CREB3L2_TARGET_GENES	0.694	4.877	1.325	-0.321	-0.812	-3.400	-0.812	1.863	-0.448	-0.610	-4.239
MIR22_3P MIR22_3P	1.096	0.709	-0.418	0.709	-0.418	-5.770	-0.750	5.197	0.414	-2.452	-0.563
MIR8066 MIR8066	-0.594	0.275	3.951	-2.366	-0.992	-6.352	0.377	1.944	0.644	0.377	0.380
ZNF595_TARGET_GENES ZNF595_TARGET_GENES	-0.771	3.930	3.016	-1.997	0.539	-3.691	0.736	0.246	0.376	-1.997	-1.073
AAGWWRNYGGC_UNKNOWN AAGWWRNYGGC_UNKNOWN	-1.185	1.849	5.936	-1.185	0.254	-3.940	-0.354	1.061	0.500	-0.904	-1.949
MIR4753_5P MIR4753_5P	-1.506	1.456	1.456	-0.790	-0.620	-7.436	1.044	2.491	-0.620	0.705	-0.476
MIR520A_5P MIR520A_5P	0.319	0.319	-0.284	-0.518	-1.379	-4.443	0.319	7.631	0.706	0.428	-2.081
MIR525_5P MIR525_5P	0.337	0.337	-0.268	-0.493	-1.337	-4.370	-0.268	7.790	0.585	0.451	-2.029
MIR298 MIR298	-1.345	-0.881	1.314	-1.345	-1.969	-4.588	0.620	3.525	2.875	0.285	0.494
MIR4768_3P MIR4768_3P	-3.085	1.736	1.103	0.496	-0.842	-5.775	0.496	1.736	2.240	-0.842	-0.667
MIR4735_5P MIR4735_5P	-0.913	0.735	-0.727	-0.727	0.896	-6.471	-0.571	3.783	1.712	-1.384	0.901
MIR520F_3P MIR520F_3P	-0.562	0.359	2.417	0.270	-1.333	-5.887	0.359	5.104	0.270	-1.094	-0.434
TGTATGA_MIR4853P TGTATGA_MIR4853P	-1.611	0.614	3.119	-1.984	-0.806	-4.298	0.614	3.119	1.376	-0.806	-0.618
MIR12129 MIR12129	-2.032	0.391	-0.441	0.283	-1.014	-4.672	-0.783	5.525	1.271	1.271	-0.439
MIR4742_5P MIR4742_5P	-0.354	1.969	2.831	-2.174	-0.775	-6.117	-0.354	1.969	0.577	-0.607	-0.351
ZNF547_TARGET_GENES ZNF547_TARGET_GENES	0.283	4.004	1.706	-1.906	-0.319	-4.189	-0.974	1.015	1.706	-0.974	-1.535
MIR4778_5P MIR4778_5P	-0.327	0.617	2.635	0.276	-0.925	-5.999	0.372	3.984	-1.153	0.276	-1.148
MIR6513_3P MIR6513_3P	0.257	0.985	-0.477	-1.072	-0.833	-3.900	-0.637	5.788	-0.350	-1.704	2.266
DNMT1_TARGET_GENES DNMT1_TARGET_GENES	0.353	4.259	4.259	-1.464	0.462	-4.309	-0.595	-0.595	-0.457	-0.760	-0.756
CTACTGT_MIR199A CTACTGT_MIR199A	-1.060	-1.922	1.582	-0.401	0.514	-6.314	0.301	3.967	0.647	0.301	0.303
MIR6516_3P MIR6516_3P	-0.330	0.509	0.659	-0.800	-1.316	-5.894	-0.800	4.566	1.246	-0.453	0.512
GCATTTG_MIR105 GCATTTG_MIR105	-0.892	0.975	0.292	-1.116	1.168	-5.920	-1.116	4.465	0.975	-0.415	-0.412
MYC_Q2 MYC_Q2	1.291	6.211	1.291	-0.897	-0.431	-3.340	-2.827	-0.326	-0.431	-0.714	0.279
MIR18A_5P_MIR18B_5P MIR18A_5P_MIR18B_5P	0.458	-2.570	0.990	-1.253	0.458	-5.187	0.331	1.744	2.365	0.787	-0.958
MIR1825 MIR1825	-2.167	2.507	1.004	-0.555	-0.721	-3.794	0.395	3.508	1.206	-1.777	-0.717
MIR374B_3P MIR374B_3P	-0.490	0.612	0.469	-0.360	0.349	-6.019	-0.258	4.815	0.964	-0.851	-1.377
MIR4735_3P MIR4735_3P	-0.271	-2.841	0.628	-1.012	0.333	-4.730	0.467	2.499	2.499	0.628	-0.752
MIR522_3P MIR522_3P	-1.527	2.456	0.848	-1.248	-0.490	-6.195	-0.277	2.755	0.848	-0.373	-0.275
MIR337_3P MIR337_3P	-0.644	3.334	0.272	-0.469	-0.866	-3.863	-1.141	2.582	2.582	-1.141	-0.862
MIR5589_3P MIR5589_3P	-1.621	0.318	0.318	-1.973	0.318	-2.859	0.423	5.455	1.949	-1.973	0.551
E2F_01 E2F_01	-0.606	5.184	1.727	1.062	-0.240	-2.819	-0.240	-1.331	-0.909	-1.926	-0.388
MIR593_5P MIR593_5P	-0.568	0.984	-0.430	-0.939	-0.430	-6.769	0.505	2.783	1.899	-0.939	0.508
MIR1249_5P MIR1249_5P	0.350	0.350	0.263	-1.949	-0.724	-5.081	-1.630	2.118	2.118	0.263	2.677
MIR3064_3P MIR3064_3P	-1.850	-0.594	0.615	-1.850	0.268	-4.663	0.480	4.496	1.838	0.364	0.270
IRX2_TARGET_GENES IRX2_TARGET_GENES	-0.530	1.480	5.639	0.543	-0.293	-4.480	-1.123	0.858	-0.398	-0.888	-1.395
GTGCCAT_MIR183 GTGCCAT_MIR183	-1.340	0.835	2.787	-1.080	-1.080	-5.842	0.412	1.429	1.919	-0.521	-0.291
MIR224_3P MIR224_3P	-1.570	2.387	0.986	-1.286	-0.392	-6.274	0.409	2.387	0.815	-0.392	-0.389
MIR20A_3P MIR20A_3P	-0.945	0.342	3.693	-0.945	0.342	-6.550	-0.352	1.901	0.861	-0.755	-0.261
MIR6797_5P MIR6797_5P	-0.271	0.333	0.333	-2.363	-0.933	-3.804	-1.672	2.059	2.059	-0.359	3.531
MIR5689 MIR5689	-1.316	1.351	0.934	-0.822	0.347	-6.477	-0.260	3.428	-0.260	0.463	-0.631
MIR8087 MIR8087	-1.273	-0.429	4.687	-0.767	-0.311	-4.633	-0.311	3.093	0.292	-0.767	-0.309
ATCATGA_MIR433 ATCATGA_MIR433	-1.730	-0.271	1.836	-0.393	0.467	-4.730	1.273	1.273	2.155	-1.333	-1.328
ZNF532_TARGET_GENES ZNF532_TARGET_GENES	0.440	4.392	2.806	-1.782	-0.810	-1.782	-0.527	0.906	-0.329	-1.211	-1.779
MIR9851_3P MIR9851_3P	-0.633	1.219	-0.373	-1.248	-0.805	-6.195	0.326	3.070	1.909	-0.633	0.695
MIR651_5P MIR651_5P	0.263	2.199	1.086	-1.163	-0.885	-5.021	0.263	1.327	1.885	-1.926	-0.341
MIR500A_5P MIR500A_5P	-0.319	1.015	1.225	-1.541	1.015	-4.189	-0.580	3.620	1.015	-1.541	-1.535
GCAAAAA_MIR129 GCAAAAA_MIR129	-0.897	-0.326	0.751	-0.431	0.277	-5.439	-0.714	4.565	2.255	-0.897	-0.428
GTCTTCC_MIR7 GTCTTCC_MIR7	-1.044	-0.647	1.721	-0.647	-1.299	-4.810	0.434	3.542	2.258	-0.647	-0.275
MIR5197_5P MIR5197_5P	-1.946	0.949	1.337	-1.946	0.293	-5.364	-0.411	2.320	1.794	0.293	0.295
MIR7161_5P MIR7161_5P	-0.784	0.677	1.387	-0.370	-0.278	-5.625	-0.620	4.692	0.828	-0.977	-0.780
MIR518C_5P MIR518C_5P	-0.711	1.233	0.583	-2.288	-0.887	-4.329	-0.437	5.104	0.875	0.463	-0.434
MIR199B_5P MIR199B_5P	-1.008	0.690	-0.373	-1.527	0.430	-5.216	0.430	3.070	2.456	-1.248	0.555
MIR767_5P MIR767_5P	-1.203	1.387	0.828	-1.465	-0.784	-4.798	-0.620	3.954	0.828	-0.620	1.003
MIR4760_5P MIR4760_5P	-1.026	0.943	2.550	-1.258	-0.398	-5.737	-0.828	1.533	-0.398	-0.301	2.018
TAATGTG_MIR323 TAATGTG_MIR323	-1.444	1.428	2.507	-0.419	-0.555	-4.553	0.292	3.508	0.292	-1.161	-0.717
MIR4782_5P MIR4782_5P	-1.180	1.899	0.644	-0.319	-1.180	-5.528	-1.180	2.783	1.184	-0.319	0.508
KCCGNSWTTT_UNKNOWN KCCGNSWTTT_UNKNOWN	-2.038	2.070	2.786	0.405	0.559	-2.634	0.952	0.741	-0.323	-2.634	-1.561
CATGTAA_MIR496 CATGTAA_MIR496	-2.098	0.937	2.340	-2.098	0.276	-5.031	0.372	1.800	0.768	-0.327	0.489
MIR548AV_3P MIR548AV_3P	0.261	2.562	0.901	-0.457	0.261	-6.077	0.261	0.736	1.744	-2.149	-0.591
MIR199A_5P MIR199A_5P	-1.025	0.676	-0.382	-1.267	0.419	-5.253	0.419	3.030	2.421	-1.267	0.542
MIR6511A_5P MIR6511A_5P	-0.672	0.622	1.980	-0.309	-0.672	-3.617	-4.229	1.508	2.240	0.496	-0.307
GACTGTT_MIR212_MIR132 GACTGTT_MIR212_MIR132	-0.677	1.757	2.315	-0.284	-0.518	-5.372	-0.388	2.315	0.428	-0.518	-1.699
EGR2_01 EGR2_01	-0.872	0.278	2.178	-0.326	-2.674	-2.263	-1.077	3.355	0.735	-1.588	1.932
MIR6739_3P MIR6739_3P	-0.408	0.496	1.980	-1.043	-0.842	-4.939	-2.213	1.980	1.980	0.293	0.626
MIR4418 MIR4418	0.426	2.174	0.426	-0.292	-2.422	-3.685	-0.552	3.565	0.912	-1.557	-0.404
MIR5706 MIR5706	-1.180	1.641	0.644	0.284	-0.939	-5.528	-1.466	2.470	1.403	-0.319	0.508
MIR499A_5P MIR499A_5P	-1.401	0.956	1.829	0.382	-1.135	-5.959	0.382	2.672	0.382	0.382	-0.713
MIR4530 MIR4530	-2.603	1.197	-0.477	-3.189	0.627	-2.603	0.482	2.575	1.197	1.197	-0.634
MIR379_3P_MIR411_3P MIR379_3P_MIR411_3P	-1.613	0.782	0.949	-1.325	-0.310	-4.553	0.293	5.064	-0.310	-0.536	0.637
ZNF704_TARGET_GENES ZNF704_TARGET_GENES	0.422	3.224	3.224	-0.834	0.627	-2.694	0.262	-1.241	-0.546	-0.546	-1.814
MIR762 MIR762	0.919	1.772	-0.582	-1.443	-0.446	-5.068	-1.443	0.919	1.531	-0.746	2.038
MIR222_5P MIR222_5P	-0.897	1.739	1.989	-0.431	-0.559	-5.439	-0.897	1.739	1.291	-1.364	0.372
MIR451B MIR451B	-3.382	0.327	0.560	-0.647	0.434	-5.763	1.480	0.706	0.870	0.434	1.264
MIR6128 MIR6128	-2.829	3.195	0.434	-0.647	0.706	-4.810	0.327	1.480	0.560	0.434	-0.824
MIR12119 MIR12119	-0.897	0.370	0.479	-0.714	-0.714	-3.933	-1.364	2.837	4.565	-0.326	-0.324
MIR6768_5P MIR6768_5P	-1.077	0.473	3.038	-2.263	-0.872	-3.679	-1.314	1.461	1.064	0.473	1.468
PPARGC1A_TARGET_GENES PPARGC1A_TARGET_GENES	0.249	4.114	3.655	-1.006	0.371	-3.105	-0.733	-1.006	-1.006	0.249	-0.519
MIR222_3P MIR222_3P	-0.717	0.284	0.631	-2.977	-0.717	-2.492	-0.318	6.084	1.356	-0.425	-0.316
MIR583 MIR583	-0.457	0.901	1.506	-1.191	-0.760	-6.077	-0.345	2.869	0.261	-0.595	1.090
GATGKMRGCG_UNKNOWN GATGKMRGCG_UNKNOWN	-2.736	4.785	1.458	-0.359	0.604	-1.854	-0.566	0.405	0.405	-1.271	-0.857
MIR12131 MIR12131	-1.153	-0.436	0.617	-0.569	0.372	-5.031	-0.569	4.753	0.768	1.125	-0.920
MIR6737_3P MIR6737_3P	-0.672	1.103	2.240	-0.842	-0.672	-4.939	-0.309	3.774	-0.408	-1.043	0.389
MIR7157_3P MIR7157_3P	-0.685	1.084	2.209	-0.857	-0.685	-4.974	0.285	3.730	-0.417	-1.060	0.380
ATACTGT_MIR144 ATACTGT_MIR144	-0.887	0.721	1.045	-1.094	-0.334	-5.045	-0.334	3.644	1.045	-1.609	0.725
MIR4715_3P MIR4715_3P	-1.962	-1.362	1.335	-0.252	-0.252	-2.860	-0.934	4.499	0.763	0.357	-0.250
MIR4717_5P MIR4717_5P	-0.600	1.557	-0.424	-1.947	-0.424	-4.355	-0.600	3.351	1.278	-0.291	0.449
MIR329_5P MIR329_5P	0.433	1.830	0.903	-0.696	-1.804	-3.322	-1.804	3.823	0.903	-0.696	-0.389
MIR3920 MIR3920	-1.014	-0.783	2.372	-1.014	1.050	-3.090	-1.014	1.515	3.047	-1.630	0.285
MIR6830_5P MIR6830_5P	-0.494	0.530	0.979	-1.221	-0.633	-4.130	-2.139	4.267	0.317	0.530	1.169
MIR552_5P MIR552_5P	-0.755	1.434	2.435	-1.166	-0.263	-4.728	-0.462	2.726	0.567	-0.352	-1.418
MIR1207_3P MIR1207_3P	-0.812	0.694	0.694	-1.367	-0.448	-4.247	-1.062	3.594	1.582	0.880	-0.809
MIR486_3P MIR486_3P	-1.598	0.434	1.480	-1.598	-2.829	-2.829	0.434	1.054	1.980	1.980	-0.275
MIR877_3P MIR877_3P	-1.609	0.721	2.148	-1.609	0.270	-5.045	-0.711	0.721	1.658	1.437	-0.331
TSHZ1_TARGET_GENES TSHZ1_TARGET_GENES	-0.263	0.342	1.659	-1.424	0.446	-5.551	0.446	1.226	1.901	0.446	-2.058
MIR22_5P MIR22_5P	-0.477	1.961	1.430	-1.072	0.257	-5.978	-0.477	1.685	-0.833	0.359	0.485
TCCAGAT_MIR5165P TCCAGAT_MIR5165P	-0.323	1.457	0.280	-0.888	-0.323	-4.480	-1.189	4.506	-0.323	0.559	-0.462
MIR193A_3P_MIR193B_3P MIR193A_3P_MIR193B_3P	-0.957	-0.457	1.725	-2.509	-0.957	-2.509	-0.957	1.112	2.883	0.301	1.407
TAANNYSGCG_UNKNOWN TAANNYSGCG_UNKNOWN	-0.277	1.476	0.678	-1.770	0.909	-3.400	-0.427	2.576	0.484	-2.435	-0.276
AACATTC_MIR4093P AACATTC_MIR4093P	-2.114	0.795	1.430	-2.603	-0.833	-3.189	0.795	2.575	0.257	0.257	1.202
MIR4504 MIR4504	-1.634	-0.482	3.075	0.347	-0.635	-5.255	-0.482	1.590	0.599	-0.482	1.138
TCTGGAC_MIR198 TCTGGAC_MIR198	-0.473	2.824	2.414	0.831	-2.545	-2.545	-1.363	1.081	-0.313	-0.691	-0.471
MIR221_3P MIR221_3P	-0.760	0.261	0.590	-2.575	-0.595	-2.575	-0.345	5.894	1.506	-0.457	-0.342
GGCNRNWCTTYS_UNKNOWN GGCNRNWCTTYS_UNKNOWN	-2.545	2.824	0.831	-0.981	2.033	-1.867	-0.981	1.081	0.831	-1.363	-0.688
MIR4277 MIR4277	-1.230	1.013	0.627	-0.942	1.778	-5.145	-1.582	1.013	1.013	-0.264	0.630
MIR3149 MIR3149	0.283	1.015	1.455	-0.435	-1.541	-6.311	-0.319	1.455	1.015	0.388	-0.577
MIR513C_5P MIR513C_5P	-0.908	1.356	2.672	-1.401	-0.425	-4.205	0.382	2.672	-0.557	0.497	-1.130
ACACTGG_MIR199A_MIR199B ACACTGG_MIR199A_MIR199B	-1.358	-0.378	0.571	-0.506	0.328	-6.561	0.571	2.351	0.571	-0.276	1.093
MIR6073 MIR6073	0.346	1.371	-0.770	-1.406	-0.770	-4.231	0.667	1.985	1.664	0.667	-1.402
MIR3129_3P MIR3129_3P	-2.600	-1.539	0.762	-0.451	0.976	-2.008	-0.634	5.068	0.419	-0.634	0.765
MIR200A_5P MIR200A_5P	-0.437	0.433	1.248	-1.977	-0.301	-3.331	-1.512	3.722	1.523	-0.617	0.303
MIR299_5P MIR299_5P	-1.172	0.554	2.079	-1.472	0.421	-4.982	0.310	2.079	0.708	-1.172	0.711
PPARA_TARGET_GENES PPARA_TARGET_GENES	1.096	0.388	1.775	0.239	-0.374	-2.777	0.239	3.077	-0.586	-1.890	-1.886
MIR5583_5P MIR5583_5P	-2.566	-1.142	0.783	-0.848	1.001	-1.977	-0.617	5.145	0.433	-0.617	0.786
MIR186_3P MIR186_3P	-0.868	0.943	-0.266	0.597	-1.112	-6.061	-0.370	2.825	0.759	0.457	-0.265
MIR4484 MIR4484	0.231	-1.367	3.999	-0.733	-0.733	-1.367	-0.733	0.231	1.577	1.130	-1.365
MIR200B_5P MIR200B_5P	-0.437	0.301	1.248	-1.977	0.301	-3.331	-1.512	3.722	1.523	-0.617	0.303
MIR6840_3P MIR6840_3P	-0.721	-0.555	2.210	-0.555	0.517	-5.489	-0.310	1.004	2.823	-0.555	-0.717
MIR619_5P MIR619_5P	-0.407	-0.292	1.350	-0.734	-1.229	-5.728	-0.407	2.492	1.120	0.310	0.568
MIR5703 MIR5703	-1.689	1.380	-0.703	-0.703	-0.892	-3.511	-0.545	4.082	1.380	0.975	-0.412
MIR4527 MIR4527	1.335	-0.405	1.681	0.763	-0.626	-2.860	-1.962	2.937	-0.934	-0.934	-0.250
MIR6868_5P MIR6868_5P	-2.380	0.281	1.137	-0.628	-0.847	-2.380	-1.119	3.801	1.959	-0.628	0.719
RAX2_TARGET_GENES RAX2_TARGET_GENES	-0.421	2.423	4.984	-1.393	-0.421	-0.960	-0.421	0.342	0.342	-1.393	-1.993
MIR6722_3P MIR6722_3P	0.661	0.661	-0.659	-0.835	-0.293	-5.290	-0.392	0.986	4.386	-0.293	-0.831
MIR138_1_3P MIR138_1_3P	-0.427	1.175	3.464	-0.277	-0.427	-3.400	-0.910	0.678	1.476	-1.279	-1.276
MIR302A_5P MIR302A_5P	0.317	0.317	0.663	-1.221	0.663	-5.663	-0.633	4.267	0.530	-0.379	-0.377
RACTNNRTTTNC_UNKNOWN RACTNNRTTTNC_UNKNOWN	-0.301	3.306	0.923	-2.666	-0.301	-3.330	-0.580	0.730	1.933	-0.580	-0.774
MIR8057 MIR8057	-1.363	3.264	1.081	-0.981	-0.473	-1.867	-0.473	3.732	-1.363	-0.313	-0.688
MIR125B_2_3P MIR125B_2_3P	-1.166	3.723	0.782	0.340	-0.902	-3.578	-0.265	2.288	0.464	-0.902	-1.161
TGTGTGA_MIR377 TGTGTGA_MIR377	-1.128	1.192	1.192	-0.585	-0.738	-3.773	-0.351	4.618	-0.918	-0.738	0.847
MIR4713_5P MIR4713_5P	-0.338	0.974	0.628	0.487	-2.394	-3.523	-1.274	4.294	0.487	0.487	-0.604
MIR4452 MIR4452	-0.568	0.284	0.984	-0.736	0.385	-5.528	-1.466	3.462	0.385	0.505	0.648
MIR922 MIR922	-1.258	-0.398	0.781	-0.659	-0.659	-4.196	0.396	5.320	0.781	-0.659	0.511
MIR514B_5P MIR514B_5P	-0.958	0.901	2.869	-0.958	-0.457	-4.309	0.462	2.562	-0.595	0.590	-1.185
MIR5006_5P MIR5006_5P	-0.847	-0.322	0.545	0.400	-1.456	-4.938	-0.847	2.627	1.386	0.545	0.719
ZSCAN5C_TARGET_GENES ZSCAN5C_TARGET_GENES	-1.112	1.149	3.928	-0.666	0.457	-3.255	-0.370	-0.370	2.185	-0.868	-1.399
MIR5001_5P MIR5001_5P	0.547	1.693	-0.661	-0.844	-0.385	-4.846	-1.319	0.690	1.949	-0.844	1.957
TNCATNTCCYR_UNKNOWN TNCATNTCCYR_UNKNOWN	-0.512	5.004	0.976	-1.870	-0.686	-2.333	-0.902	1.982	0.340	-0.686	-0.509
CCGNMNNTNACG_UNKNOWN CCGNMNNTNACG_UNKNOWN	0.538	1.595	2.333	-1.674	0.367	-2.325	-0.244	2.333	-0.842	-1.197	-1.670
MIR378A_5P MIR378A_5P	-1.166	0.340	3.723	-1.485	-1.485	-3.578	-0.512	0.976	0.976	0.611	0.786
TTCNRGNNNNTTC_HSF_Q6 TTCNRGNNNNTTC_HSF_Q6	-0.470	3.475	0.614	-1.984	0.475	-5.216	0.614	0.614	-0.621	0.259	0.478
MYBL1_TARGET_GENES MYBL1_TARGET_GENES	-0.562	2.701	1.658	-0.334	-0.334	-5.045	-0.887	1.437	0.875	-0.711	-1.088
ZNF133_TARGET_GENES ZNF133_TARGET_GENES	-0.435	1.015	0.513	-1.906	0.659	-3.456	-0.974	4.405	1.015	-0.580	-0.754
MIR6757_3P MIR6757_3P	-0.312	-0.868	1.490	-1.539	-0.634	-2.600	0.290	4.577	1.490	-1.166	-0.449
MIR1236_3P MIR1236_3P	1.084	-0.539	2.483	-0.857	0.377	-4.263	-2.238	2.209	0.750	-0.317	-0.535
MIR2355_3P MIR2355_3P	-0.381	-0.381	1.302	-0.262	-2.806	-2.806	0.481	4.632	0.481	-0.262	-0.987
GCGSCMNTTT_UNKNOWN GCGSCMNTTT_UNKNOWN	0.328	3.278	0.966	-0.986	0.499	-2.943	0.499	1.259	-0.667	-0.986	-2.029
MIR297 MIR297	-0.938	0.540	0.864	-1.192	-0.553	-5.021	-0.553	2.658	1.274	-0.553	1.279
MIR421 MIR421	-0.850	0.967	2.080	0.647	-2.303	-2.742	-0.673	2.951	1.155	-1.060	-0.846
MIR188_5P MIR188_5P	-0.688	0.688	1.223	-0.454	-1.454	-2.985	0.481	4.233	-0.288	-1.454	0.316
MIR4434 MIR4434	-1.666	1.404	-0.689	-0.689	-0.876	-3.478	-0.533	3.761	1.404	0.994	-0.402
MIR140_3P MIR140_3P	-0.477	0.985	0.795	-1.704	-1.360	-4.788	1.197	2.575	0.359	0.482	-0.347
GACAATC_MIR219 GACAATC_MIR219	-1.053	-0.465	1.221	-0.465	-1.053	-4.749	-0.465	2.616	1.716	1.006	-0.462
MIR5571_5P MIR5571_5P	-0.506	0.571	1.787	-0.855	0.571	-6.561	-0.855	0.439	0.895	0.895	0.330
MIR371A_5P MIR371A_5P	-0.345	0.353	0.901	-2.149	0.736	-3.639	0.590	3.888	0.736	-0.595	-1.457
MIR1285_3P MIR1285_3P	-0.855	0.439	2.351	-1.085	-1.681	-4.407	0.895	1.787	1.088	-0.276	-0.375
GGGCATT_MIR365 GGGCATT_MIR365	-1.166	-0.312	2.112	-1.166	-0.634	-4.439	-0.451	2.112	0.976	0.576	0.421
MIR320A_5P MIR320A_5P	-0.929	-0.493	2.687	-0.493	-1.236	-2.703	-0.493	1.135	0.904	-1.620	2.695
MIR548V MIR548V	-2.363	1.168	1.947	-0.702	-1.509	-1.187	-1.509	3.285	1.168	-0.274	-0.522
MIR4478 MIR4478	-0.700	2.019	1.314	-1.635	-0.700	-2.355	-0.318	3.192	1.314	-1.345	-1.090
CAATGCA_MIR33 CAATGCA_MIR33	0.324	0.472	0.651	-0.418	-2.129	-3.857	-1.175	2.393	0.864	1.384	-0.416
MIR2276_3P MIR2276_3P	-0.710	0.342	1.778	-1.230	1.778	-5.145	-0.264	1.013	0.807	-0.710	-0.374
DICER1_TARGET_GENES DICER1_TARGET_GENES	2.011	1.635	0.997	-0.960	-1.393	-2.902	-0.647	1.635	-0.421	0.342	-1.389
MIR6509_5P MIR6509_5P	-0.641	1.941	0.301	-0.641	0.816	-3.940	-0.896	3.089	0.301	-1.226	0.303
MIR3191_5P MIR3191_5P	-0.707	0.675	1.229	0.406	-0.707	-4.516	-0.905	2.864	1.698	-1.142	-0.406
HDAC8_TARGET_GENES HDAC8_TARGET_GENES	-0.610	1.582	4.877	-0.812	-0.610	-3.400	0.395	0.880	-0.610	-0.812	-0.607
CAGCACT_MIR5123P CAGCACT_MIR5123P	0.267	-0.790	-0.790	0.791	-0.458	-5.177	0.367	4.294	0.487	-0.458	0.490
MIR10395_3P MIR10395_3P	-1.053	0.643	1.995	-0.340	-0.622	-4.749	-0.340	3.315	-0.465	0.495	-0.619
MIR124_5P MIR124_5P	-1.308	1.056	1.873	1.302	-0.737	-3.596	-0.262	-0.262	2.197	-1.702	-0.534
SIPA1_TARGET_GENES SIPA1_TARGET_GENES	0.597	1.376	2.185	-1.754	-0.868	-1.112	-1.112	3.928	-0.266	-1.112	-1.399
MIR1_5P MIR1_5P	0.289	2.033	-0.313	-0.981	-0.313	-2.545	-1.867	2.033	1.683	0.615	-1.862
MIR5008_3P MIR5008_3P	-0.486	1.075	2.292	-0.812	-0.634	-3.999	0.445	3.238	-0.634	-1.279	-0.267
MIR548AU_3P MIR548AU_3P	0.547	1.454	1.235	-0.385	-0.844	-4.068	-1.973	2.826	0.690	-0.385	-0.840
ATAGGAA_MIR202 ATAGGAA_MIR202	-0.260	-0.552	3.106	-1.051	-0.260	-4.231	0.667	1.371	0.667	-0.260	-1.402
MIR4436B_5P MIR4436B_5P	-0.441	0.676	2.372	-0.783	-1.014	-4.672	0.391	2.699	0.522	-0.594	-0.591
MIR1913 MIR1913	0.482	1.961	1.685	-2.603	-0.350	-3.189	-1.072	1.430	0.257	0.985	-1.068
ATGAAGG_MIR205 ATGAAGG_MIR205	0.337	-0.838	-1.066	-1.337	0.337	-3.003	-0.268	5.835	0.451	-0.368	0.919
ZNF37A_TARGET_GENES ZNF37A_TARGET_GENES	-0.368	0.451	1.326	-2.480	-0.268	-3.624	-0.649	3.381	1.326	-0.368	-0.490
AACWWCAANK_UNKNOWN AACWWCAANK_UNKNOWN	0.339	3.928	0.759	-1.405	-0.868	-3.255	-1.754	1.376	0.457	-0.370	0.460
MIR6887_3P MIR6887_3P	0.301	-0.828	2.845	-1.834	-0.659	-4.196	-0.398	2.272	0.301	0.507	0.785
MIR1910_3P MIR1910_3P	-0.548	0.766	1.314	-0.421	-0.700	-3.309	-3.309	1.314	2.573	0.491	-0.315
MIR520E_5P MIR520E_5P	-0.956	-0.441	0.787	-0.441	-0.751	-4.626	0.787	3.416	1.378	-0.956	0.377
GCTTGAA_MIR498 GCTTGAA_MIR498	-0.262	0.344	0.481	-1.702	-0.737	-4.688	-0.262	3.312	0.837	0.481	0.346
MIR6512_5P MIR6512_5P	-1.431	-0.311	2.674	0.291	-0.311	-4.896	-0.443	0.735	-0.613	0.561	1.421
MIR3977 MIR3977	0.310	2.583	0.417	-1.401	0.543	-2.566	-0.530	3.245	-0.293	-0.293	-2.559
MIR6828_5P MIR6828_5P	-1.116	-0.415	1.380	-0.892	-0.545	-4.171	0.292	3.363	1.859	-0.415	-0.412
TAGGTCA_MIR192_MIR215 TAGGTCA_MIR192_MIR215	-0.431	-1.191	1.620	-1.191	-0.242	-0.728	0.370	4.984	-0.242	-0.431	-1.944
MIR6716_5P MIR6716_5P	-3.365	0.291	0.901	0.712	-0.795	-2.698	0.712	2.204	1.352	0.407	-1.339
MIR138_2_3P MIR138_2_3P	-1.062	0.853	2.826	-1.973	-0.385	-4.068	0.423	1.235	0.547	0.853	-0.840
MIR1264 MIR1264	-0.456	0.716	1.137	-2.380	-0.456	-3.825	-0.456	2.996	-0.628	0.545	0.917
MIR34C_3P MIR34C_3P	-1.211	1.928	0.906	0.275	-0.329	-2.653	0.651	2.348	-1.211	-1.782	0.276
MIR3672 MIR3672	0.334	-0.782	1.137	-1.259	0.546	-2.030	-2.030	2.928	0.814	0.546	-0.780
MIR6505_5P MIR6505_5P	-0.597	-0.271	0.991	-2.363	-1.145	-2.782	0.678	3.854	1.583	-0.271	-0.593
MIR19A_5P MIR19A_5P	-0.731	1.125	1.125	-0.925	-0.731	-5.999	0.276	1.800	0.768	0.617	-0.325
MIR16_1_3P MIR16_1_3P	-0.755	0.861	0.706	-1.424	-0.352	-5.551	0.861	1.659	1.659	-0.596	-0.261
MIR190A_5P MIR190A_5P	0.368	0.511	0.252	-0.949	-0.949	-4.605	-0.949	2.639	1.362	0.252	0.885
MIR487A_3P MIR487A_3P	-1.406	0.667	0.872	-1.856	-0.260	-3.180	-1.051	3.106	1.107	-0.260	0.670
MIR383_5P MIR383_5P	-1.197	0.538	0.538	-0.244	-2.325	-3.275	-0.577	2.333	1.595	0.367	0.541
MIR6866_3P MIR6866_3P	-0.710	0.664	1.187	-0.301	-1.038	-3.026	0.463	4.148	-0.301	-1.485	-0.299
MIR4786_3P MIR4786_3P	-1.488	-0.581	1.161	0.492	-0.581	-3.223	-1.825	3.071	0.964	-0.441	1.384
MIR6499_3P MIR6499_3P	1.165	1.165	-0.566	-1.298	-1.298	-3.295	-0.292	1.969	2.620	-0.566	-0.757
MIR4424 MIR4424	-1.230	-0.264	1.499	-0.523	-2.012	-4.016	-0.264	1.244	2.081	0.342	0.811
ZMYM2_TARGET_GENES ZMYM2_TARGET_GENES	-0.551	1.191	3.027	-0.400	-1.633	-4.093	-0.400	0.967	1.191	-0.551	-0.549
MIR1244 MIR1244	-2.296	-0.695	1.506	-0.491	-1.302	-1.737	-0.695	1.506	3.784	0.398	0.270
NR1D1_TARGET_GENES NR1D1_TARGET_GENES	-0.332	2.947	0.530	-0.469	-0.469	-2.411	-0.866	3.743	0.388	-1.141	-1.476
MIR192_3P MIR192_3P	-1.826	0.507	0.359	-0.751	-0.537	-4.189	2.027	1.701	0.896	-0.537	0.510
MIR676_5P MIR676_5P	-1.358	1.301	-0.506	-1.358	0.895	-3.658	-0.506	3.699	0.895	-0.276	-0.375
MIR5009_3P MIR5009_3P	-0.675	3.111	0.309	-1.643	-0.521	-3.446	0.309	2.787	-0.521	-0.675	0.840
GGGNNTTTCC_NFKB_Q6_01 GGGNNTTTCC_NFKB_Q6_01	-0.362	-1.461	-0.499	-1.145	-0.671	-2.860	0.351	3.012	3.385	0.627	-0.360
ATGCAGT_MIR217 ATGCAGT_MIR217	-0.755	-0.393	2.867	-0.551	-0.551	-3.634	-0.271	3.257	0.628	-1.012	-0.390
MIR190B_3P MIR190B_3P	-1.951	0.426	0.912	-1.951	-0.292	-3.685	0.727	1.878	1.878	-0.407	0.429
MIR4738_3P MIR4738_3P	-1.527	0.690	1.661	-0.277	0.551	-5.216	-0.805	2.456	-0.373	-0.277	0.433
MIR6779_5P MIR6779_5P	0.293	2.320	1.134	-1.613	-2.329	-2.770	-0.536	1.337	1.557	0.502	-0.861
MIR516A_3P_MIR516B_3P MIR516A_3P_MIR516B_3P	-0.336	0.604	2.599	-0.746	-0.582	-4.275	-1.172	1.772	0.604	-1.172	1.110
MIR5003_5P MIR5003_5P	0.721	0.583	0.583	-1.926	-0.562	-5.887	0.583	1.658	-0.437	1.045	0.466
MIR202_5P MIR202_5P	-0.281	2.115	1.245	-1.033	0.453	-4.771	-0.566	0.453	1.509	-0.566	-0.770
MIR3685 MIR3685	-0.548	0.766	0.931	-1.095	-0.548	-4.588	0.285	3.874	0.931	-0.548	-0.544
MCM2_TARGET_GENES MCM2_TARGET_GENES	0.970	2.473	3.459	-1.151	-0.489	-1.711	-0.301	-0.762	0.301	-0.762	-1.708
MIR7156_5P MIR7156_5P	-0.350	0.627	-0.637	0.257	-1.360	-4.788	-0.833	1.961	1.430	0.257	1.692
MIR3177_5P MIR3177_5P	-1.681	1.534	-1.358	-0.663	0.328	-3.035	-1.358	2.351	1.088	1.088	0.727
MIR31_5P MIR31_5P	0.301	0.864	0.540	-0.938	-0.553	-6.227	0.301	0.540	1.767	-0.413	0.868
MIR154_3P MIR154_3P	-1.380	0.687	0.896	-1.826	-0.250	-3.142	-1.028	3.162	0.896	-0.250	0.690
MIR4645_3P MIR4645_3P	0.368	-0.702	1.643	-0.507	0.368	-4.605	-0.702	1.950	-1.260	1.108	0.514
MIR7109_5P MIR7109_5P	-0.505	2.558	1.119	-2.179	-0.505	-3.109	-0.505	1.119	-0.327	-0.505	1.123
MIR548AI_MIR570_5P MIR548AI_MIR570_5P	-0.405	2.748	0.818	-0.876	0.818	-4.920	-0.301	1.404	-0.689	0.402	-1.093
MIR3156_5P MIR3156_5P	-0.647	0.737	0.997	-1.393	-1.393	-2.902	-0.647	1.297	1.635	-0.647	1.640
MIR223_5P MIR223_5P	-1.379	3.650	0.557	-0.677	-1.379	-2.088	-0.871	1.277	2.315	-0.518	-0.515
MIR5088_3P MIR5088_3P	-0.982	-0.743	0.321	0.445	-0.743	-2.070	-0.551	1.191	4.240	-2.070	1.444
MIR2467_3P MIR2467_3P	1.301	0.895	-0.506	-1.358	-0.276	-5.333	-1.085	0.895	1.534	0.571	0.442
GTTAAAG_MIR302B GTTAAAG_MIR302B	-0.626	-0.252	1.681	-0.405	-1.362	-2.860	-0.934	2.483	0.763	-0.934	1.339
AGGGCCA_MIR328 AGGGCCA_MIR328	-0.595	-0.397	1.242	-0.864	-2.361	-1.706	-0.864	3.133	2.280	0.353	-0.395
MIR4718 MIR4718	-1.917	-1.096	1.053	-0.584	-0.809	-2.498	1.309	3.848	0.323	0.629	-0.409
MIR190B_5P MIR190B_5P	0.392	0.543	-0.334	-0.909	-0.909	-4.522	-0.909	2.370	1.425	0.270	0.932
PAX5_01 PAX5_01	-2.423	0.773	3.119	-1.029	0.259	-2.941	-0.348	1.880	0.773	-0.348	-0.618
CTGTTAC_MIR194 CTGTTAC_MIR194	-0.465	0.405	1.457	-1.189	0.741	-4.480	0.741	2.416	-0.323	-0.888	-0.462
TCATCTC_MIR143 TCATCTC_MIR143	0.568	0.433	2.417	0.433	-1.152	-4.943	-0.527	1.103	0.568	0.568	-1.444
MIR19B_1_5P_MIR19B_2_5P MIR19B_1_5P_MIR19B_2_5P	-0.717	1.147	1.147	-0.717	-0.717	-5.959	0.284	1.829	0.631	0.497	-0.316
MIR532_5P MIR532_5P	-1.197	1.595	0.994	-2.325	0.367	-3.275	0.367	1.948	0.367	-0.383	-0.243
MIR3663_5P MIR3663_5P	0.476	0.286	-0.864	-0.534	2.689	-2.155	-0.316	0.476	2.202	-2.155	-0.532
MIR7162_5P MIR7162_5P	-0.354	0.577	2.526	-0.607	-0.468	-4.344	-1.210	1.716	0.577	-1.210	1.069
MIR3151_3P MIR3151_3P	-1.023	1.927	0.476	-1.740	1.927	-1.740	-1.023	-0.599	1.083	-0.599	0.751
MIF1_01 MIF1_01	0.798	2.354	1.582	-0.850	-0.524	-4.518	-0.673	0.301	1.582	-0.673	-0.846
TTGGAGA_MIR5155P_MIR519E TTGGAGA_MIR5155P_MIR519E	-0.712	1.299	2.079	-0.920	-1.172	-2.756	-1.172	2.379	1.538	-0.402	-0.708
CHAF1A_TARGET_GENES CHAF1A_TARGET_GENES	-0.677	1.254	2.575	-0.324	-0.677	-4.023	0.412	0.997	0.771	-1.277	-0.674
MIR30B_3P MIR30B_3P	0.344	1.969	1.064	-1.804	-2.174	-2.602	-0.607	1.263	1.969	0.451	-0.771
ACTGTAG_MIR139 ACTGTAG_MIR139	-1.983	0.644	2.450	-1.208	-0.255	-3.154	0.353	0.644	1.813	-1.208	0.647
PER1_TARGET_GENES PER1_TARGET_GENES	-0.385	0.754	4.748	-0.385	1.130	-1.367	-0.733	-0.733	-1.367	-0.733	0.232
ACACTAC_MIR1423P ACACTAC_MIR1423P	-1.367	0.282	0.694	-0.610	0.694	-4.247	-0.448	3.594	1.090	-0.321	-0.607
MIR520F_5P MIR520F_5P	-0.427	0.891	0.278	-0.427	-0.872	-5.010	-1.077	2.450	1.461	1.064	-0.424
MIR4423_3P MIR4423_3P	0.395	0.282	-0.321	-1.367	0.395	-5.395	-0.812	1.582	1.090	0.880	0.698
MIR1972 MIR1972	-0.733	1.164	0.524	-0.733	-0.521	-2.363	-3.105	2.427	0.249	0.371	1.745
ETF_Q6 ETF_Q6	0.735	1.163	1.996	-1.842	-0.311	-1.842	-0.311	1.416	1.163	-1.431	-2.342
ACTWSNACTNY_UNKNOWN ACTWSNACTNY_UNKNOWN	-0.451	1.490	2.462	-0.312	-0.451	-2.600	-1.166	2.837	-1.539	-0.634	-0.310
MIR150_5P MIR150_5P	-2.023	0.994	1.637	-0.405	-1.666	-3.478	0.402	2.157	0.818	0.522	-0.530
MIR4762_5P MIR4762_5P	-0.637	0.627	0.985	-0.833	-0.637	-4.788	-0.350	3.642	0.627	0.257	-0.347
MIR548U MIR548U	-0.607	0.267	0.628	0.367	0.267	-4.261	-0.790	4.294	0.974	-1.010	-0.336
MIR542_3P MIR542_3P	-0.750	0.891	3.514	-0.418	-0.976	-4.594	-0.418	1.096	-0.418	0.301	0.417
MIR8076 MIR8076	-1.022	4.119	1.381	-0.580	-0.301	-3.330	-0.777	1.140	-0.424	-0.777	0.303
MIR619_3P MIR619_3P	-1.092	-0.714	1.039	-1.092	1.039	-1.641	-1.641	1.738	0.756	2.152	-1.089
ZNF584_TARGET_GENES ZNF584_TARGET_GENES	-0.411	-0.866	2.320	-0.411	-0.411	-4.553	0.782	2.913	0.293	-0.536	-0.532
MIR6748_3P MIR6748_3P	0.484	0.484	-0.277	-1.279	0.678	-3.400	-1.279	1.476	1.811	-1.279	0.913
MAZ_Q6 MAZ_Q6	-0.977	0.997	1.184	-0.784	0.425	-5.625	1.845	0.425	0.828	-0.370	-0.617
MIR3689A_3P_MIR3689B_3P_MIR3689C MIR3689A_3P_MIR3689B_3P_MIR3689C	0.353	1.999	1.084	-1.781	-2.149	-2.575	-0.595	1.286	1.744	0.462	-0.756
MIR4716_5P MIR4716_5P	-0.496	-0.496	0.848	-0.677	0.364	-5.062	0.500	0.364	2.159	1.299	-0.900
MIR219A_1_3P MIR219A_1_3P	1.283	-0.489	0.478	-0.301	-1.151	-2.570	-2.570	0.970	0.701	0.301	1.644
MIR511_3P MIR511_3P	-1.643	0.675	0.309	-0.395	-0.675	-4.102	0.309	2.190	2.190	0.835	-0.855
MIR1251_3P MIR1251_3P	0.347	-0.822	-0.260	-0.635	-0.822	-5.255	0.599	1.590	1.132	-0.358	1.856
MIR665 MIR665	-0.473	0.840	0.373	-1.414	-1.414	-4.324	0.264	1.794	1.794	0.373	0.663
GCACCTT_MIR18A_MIR18B GCACCTT_MIR18A_MIR18B	0.545	-0.847	1.386	-0.847	0.545	-4.938	-0.456	1.959	0.716	-0.628	0.402
MIR514A_3P_MIR514B_3P MIR514A_3P_MIR514B_3P	-0.323	1.190	0.559	-2.634	-0.888	-2.634	0.280	1.457	0.741	2.070	-1.185
MIR4704_3P MIR4704_3P	-0.527	0.568	1.830	-1.152	-0.284	-4.044	-1.152	3.082	-0.284	-0.284	0.571
MIR6501_3P MIR6501_3P	-1.427	0.742	1.862	-1.427	-0.681	-2.694	-0.515	1.126	2.782	0.582	-0.881
MIR4473 MIR4473	-1.028	0.782	2.311	-0.730	-0.505	-2.619	-0.338	2.311	1.297	-1.419	-0.727
MIR6809_5P MIR6809_5P	-1.294	0.676	1.271	-1.294	-0.783	-4.672	0.522	1.515	0.522	1.050	0.394
MIR640 MIR640	0.397	3.423	1.551	-0.977	0.612	-2.321	-0.382	0.397	-1.500	-0.977	-0.380
TTGGGAG_MIR150 TTGGGAG_MIR150	-0.377	-0.377	1.812	-1.101	0.362	-3.732	-1.101	2.165	1.199	-0.554	0.364
SOX11_TARGET_GENES SOX11_TARGET_GENES	0.430	3.384	3.384	-0.650	-0.650	-1.090	-0.650	-1.090	-1.090	-0.650	0.240
MIR3190_3P MIR3190_3P	-0.710	-0.710	0.807	-1.230	-0.710	-2.538	-0.942	4.364	1.499	0.472	0.344
MIR1179 MIR1179	-2.538	1.013	0.807	-0.523	-0.710	-4.016	-0.377	1.013	0.472	0.807	1.505
GATA_Q6 GATA_Q6	-0.918	-0.918	-0.585	-1.371	-1.371	-0.738	-0.585	0.559	0.442	1.840	5.409
RRCCGTTA_UNKNOWN RRCCGTTA_UNKNOWN	-0.521	4.506	1.898	-1.052	0.390	-2.656	-0.351	-0.351	-0.351	-0.351	-1.049
MIR6758_3P MIR6758_3P	-0.929	-1.236	1.135	-0.345	0.527	-4.563	-0.345	2.326	0.701	0.527	0.262
MIR7849_3P MIR7849_3P	-0.417	0.983	1.764	-1.786	-1.381	-3.711	0.593	1.764	0.311	-0.417	0.596
MIR6807_3P MIR6807_3P	0.380	1.246	0.509	-0.330	-0.608	-5.894	0.274	0.380	2.030	-0.453	-0.328
MIR6505_3P MIR6505_3P	-0.659	-1.251	2.249	-0.918	0.594	-2.955	-0.461	3.462	0.290	-0.461	0.292
GGCNNMSMYNTTG_UNKNOWN GGCNNMSMYNTTG_UNKNOWN	-0.753	3.002	0.620	-0.753	-0.505	-2.179	1.119	2.146	-0.505	-0.753	-1.544
MIR4782_3P MIR4782_3P	-0.413	-0.553	0.691	-0.727	-0.938	-4.116	-0.727	2.993	1.274	1.274	-0.299
MIR491_3P MIR491_3P	-0.847	-0.456	0.913	-0.628	0.281	-4.938	-0.847	1.660	0.716	0.716	1.141
KRCTCNNNNMANAGC_UNKNOWN KRCTCNNNNMANAGC_UNKNOWN	-0.859	0.604	4.207	-0.566	-0.859	-1.854	0.250	0.405	-0.859	-1.271	1.830
TBX1_TARGET_GENES TBX1_TARGET_GENES	0.277	2.538	1.739	-1.993	0.370	-2.827	-1.364	1.291	0.751	-0.714	-0.556
MIR4755_3P MIR4755_3P	-0.477	0.482	1.430	-2.114	-0.477	-4.788	-0.350	0.985	1.197	0.627	0.631
MIR6881_3P MIR6881_3P	-0.382	0.831	0.419	-1.874	-0.646	-4.448	-0.382	1.407	2.421	-0.285	0.680
AGGAGTG_MIR483 AGGAGTG_MIR483	0.250	1.131	0.604	-1.271	1.825	-2.736	-0.359	2.230	-0.359	-1.271	-0.857
MIR33A_5P_MIR33B_5P MIR33A_5P_MIR33B_5P	-0.253	0.496	0.496	-2.161	-0.719	-2.161	-2.161	0.664	2.968	0.859	0.863
MIR548BA MIR548BA	-0.285	2.224	0.853	-0.844	0.853	-4.846	-0.285	1.454	-0.661	0.318	-1.057
MIR649 MIR649	-1.393	1.297	2.011	-1.393	0.342	-1.393	-0.263	3.351	-0.960	-0.647	-0.644
MIR605_5P MIR605_5P	-0.640	0.660	1.043	-0.848	-1.414	-3.471	0.373	1.270	3.107	0.264	-0.844
MIR4744 MIR4744	0.485	1.557	2.635	-1.422	-0.327	-4.240	0.276	1.125	-0.925	-0.327	-0.433
MIR219A_5P MIR219A_5P	-0.424	-0.567	0.526	-0.742	-0.956	-4.153	-0.742	2.950	1.249	1.249	0.401
RBM15_TARGET_GENES RBM15_TARGET_GENES	-1.072	0.795	3.642	-1.360	-1.072	-2.603	0.257	1.961	0.482	-0.477	-0.347
MIR760 MIR760	-0.795	0.901	1.613	-1.042	0.712	-4.208	-1.344	1.898	0.548	0.291	-0.309
SNACANNNYSYAGA_UNKNOWN SNACANNNYSYAGA_UNKNOWN	-0.896	3.089	0.816	-1.649	0.441	-2.917	0.301	1.051	0.816	-0.446	-1.222
MIR5685 MIR5685	-1.393	0.737	0.519	-0.960	0.519	-2.902	-1.393	0.519	2.011	-0.421	1.640
MIR2053 MIR2053	-0.746	0.752	0.362	1.105	-0.446	-5.068	-1.758	1.531	1.105	0.362	0.477
TERF2_TARGET_GENES TERF2_TARGET_GENES	0.330	-0.525	-0.920	-0.920	-0.384	-2.926	0.330	4.074	0.954	1.405	-1.182
MIR6766_3P MIR6766_3P	-0.402	-0.540	0.554	-0.712	-0.920	-4.080	-0.712	3.038	1.299	1.299	-0.290
MIR6516_5P MIR6516_5P	-1.113	0.913	1.989	0.277	-0.714	-4.623	0.479	1.989	0.606	-0.559	-0.709
MIR6720_5P MIR6720_5P	-1.817	1.491	1.491	-0.486	-1.817	-3.507	0.361	0.256	0.643	1.244	0.647
MIR942_3P MIR942_3P	-0.345	-0.345	2.687	-0.493	-0.929	-4.563	-0.685	1.135	0.701	0.380	0.529
MIR561_5P MIR561_5P	-0.580	-0.580	1.225	-1.233	0.388	-2.848	-0.758	4.823	0.283	-0.580	0.663
MIR433_3P MIR433_3P	-1.187	-0.274	3.670	-2.926	0.330	-2.363	0.763	0.595	0.763	-0.274	-0.272
MIR6884_3P MIR6884_3P	-0.527	1.205	2.348	-2.653	-0.527	-1.782	0.440	0.906	0.906	-0.329	-1.207
GGCAGTG_MIR3243P GGCAGTG_MIR3243P	0.426	0.290	1.899	-0.659	-0.461	-3.981	-1.251	0.793	2.249	-0.312	-0.459
MIR6751_3P MIR6751_3P	0.502	4.028	-0.266	-1.252	-0.887	-2.398	-0.614	1.855	0.502	-0.614	-0.611
MIR6864_3P MIR6864_3P	0.370	-0.728	1.225	-1.191	0.597	-1.947	-1.947	2.066	0.883	0.597	-0.726
MIR34B_3P MIR34B_3P	-1.647	2.639	0.881	0.368	-0.702	-3.520	-0.357	1.950	0.252	-0.702	0.253
MIR6791_5P MIR6791_5P	-0.497	-1.299	0.870	-1.299	-0.277	-4.033	-0.375	1.054	2.553	1.258	0.329
MIR1208 MIR1208	-0.525	0.954	0.451	-1.187	-0.274	-4.478	0.595	2.919	0.763	-0.274	-0.916
MIR1915_5P MIR1915_5P	-0.228	-1.157	0.389	-1.906	0.625	-1.906	0.389	0.920	2.639	0.625	-1.155
MIR3679_3P MIR3679_3P	0.268	1.586	0.268	-0.973	-0.337	-3.896	-0.766	3.729	0.615	-0.766	0.270
MIR330_5P MIR330_5P	-1.345	1.114	0.285	0.285	-0.318	-4.588	-0.421	2.573	1.531	0.285	-0.696
CCTGTGA_MIR513 CCTGTGA_MIR513	-2.041	0.610	0.458	0.331	0.610	-3.224	0.610	0.787	-0.726	3.076	-1.248
PCGF6_TARGET_GENES PCGF6_TARGET_GENES	-0.390	1.375	1.727	-1.331	-0.606	-2.819	1.375	1.062	0.372	-1.331	-0.603
MIR6715B_3P MIR6715B_3P	0.273	0.860	1.551	-0.625	-0.331	-5.437	-0.331	1.297	0.677	-0.830	0.275
FOXQ1_TARGET_GENES FOXQ1_TARGET_GENES	0.359	2.303	0.359	-0.250	-0.250	-1.533	-1.533	1.788	0.614	-1.533	-0.858
MIR127_5P MIR127_5P	-0.521	-0.351	0.994	-1.052	1.263	-3.649	-1.447	1.898	-0.351	0.390	0.998
MIR7976 MIR7976	0.687	-1.028	0.359	-1.028	1.404	-4.189	-0.537	0.507	2.027	0.687	-0.534
MIR199A_3P_MIR199B_3P MIR199A_3P_MIR199B_3P	-0.348	-1.029	-0.348	-0.470	0.475	-5.216	0.259	1.618	2.161	-0.348	0.777
MIR4649_3P MIR4649_3P	0.432	-0.359	0.826	-1.672	-0.271	-4.429	-0.597	1.583	2.598	-0.467	0.435
MIR6503_5P MIR6503_5P	1.600	-0.365	1.231	0.416	-0.948	-2.279	-1.466	2.472	-0.600	-0.948	0.417
MIR1226_3P MIR1226_3P	0.380	1.989	0.904	-0.493	-0.929	-3.482	-1.620	1.678	1.135	-0.685	-0.343
MIR4703_3P MIR4703_3P	-0.990	-0.574	1.129	-0.574	-0.318	-1.699	-1.699	0.501	3.699	0.285	0.503
MIR5189_5P MIR5189_5P	-0.868	0.597	1.895	-0.868	-1.754	-3.972	0.943	1.625	0.597	0.339	-0.265
MIR4645_5P MIR4645_5P	-3.049	0.697	3.334	-0.332	0.272	-1.898	-0.644	0.697	0.388	1.111	-1.137
ZNF623_TARGET_GENES ZNF623_TARGET_GENES	0.441	1.614	3.089	-1.649	0.441	-1.226	-0.641	0.816	0.441	-1.226	-2.190
CAGCCTC_MIR4855P CAGCCTC_MIR4855P	-0.360	0.777	0.964	-0.360	-0.851	-3.936	-1.382	1.655	2.221	-0.851	0.472
MIR888_3P MIR888_3P	-1.898	-0.332	1.626	-0.332	0.388	-3.049	-0.644	3.334	0.891	-0.644	-0.330
MIR6132 MIR6132	0.840	-0.473	1.043	-1.103	0.373	-3.471	-1.103	1.794	2.408	-0.473	-0.844
MIR145_3P MIR145_3P	-1.423	-1.423	1.960	1.259	0.499	-2.943	0.966	0.966	-0.667	-0.276	-0.436
MIR2110 MIR2110	-1.380	0.975	3.028	-0.545	0.292	-4.171	-0.415	1.380	0.509	-0.415	-0.542
MIR7851_3P MIR7851_3P	-1.500	0.877	1.956	0.233	-0.977	-2.321	0.612	0.612	-1.500	1.551	-0.380
CTCTGGA_MIR520A_MIR525 CTCTGGA_MIR520A_MIR525	-0.855	-0.276	0.571	1.534	0.328	-5.333	0.439	1.088	1.301	-0.378	-1.080
MIR483_3P MIR483_3P	-0.600	0.416	2.015	-0.600	0.416	-2.279	-0.600	2.472	0.910	-0.948	-1.462
MIR12116 MIR12116	-1.034	1.844	1.844	-1.034	-1.034	-2.404	-0.247	1.112	0.362	0.814	-1.031
MIR6857_5P MIR6857_5P	-0.244	0.748	0.538	-0.383	-0.577	-2.325	-0.842	3.199	1.948	-1.674	-0.839
MIR6836_5P MIR6836_5P	0.749	-0.412	0.945	-1.002	0.432	-3.295	-1.298	1.678	2.620	-0.412	-0.998
MIR6134 MIR6134	0.373	0.373	2.090	-0.473	-2.244	-2.795	-0.848	0.373	2.747	-0.640	0.663
MIR584_3P MIR584_3P	-1.260	3.852	-0.507	-0.702	-0.507	-3.520	-0.357	0.881	0.881	0.511	0.253
MIR1205 MIR1205	-0.468	0.883	0.344	-1.485	0.344	-4.344	-0.975	1.716	1.263	1.480	-0.465
MIR3190_5P MIR3190_5P	-1.506	0.376	1.327	-1.926	1.594	-2.443	0.376	1.594	0.515	-1.506	0.683
MIR8061 MIR8061	-0.888	1.480	1.728	-0.888	-0.398	-4.480	-0.692	0.543	-0.398	0.417	1.735
MIR4460 MIR4460	-0.671	1.402	0.451	-1.834	-0.671	-2.509	0.301	1.725	2.467	-0.957	-0.299
MIR365A_3P_MIR365B_3P MIR365A_3P_MIR365B_3P	-0.393	0.628	0.628	-2.841	0.333	-3.634	-0.271	1.836	-0.551	0.816	1.036
MIR10394_5P MIR10394_5P	-0.479	0.866	0.440	-1.506	-0.270	-4.379	-0.991	1.688	1.241	1.456	-0.361
MIR578 MIR578	-0.468	0.883	-0.262	-0.607	-0.975	-3.672	-1.210	2.526	-0.354	2.239	0.580
MIR3667_3P MIR3667_3P	-0.758	-1.541	1.225	-0.580	-0.319	-4.189	0.513	1.706	0.659	-0.435	1.713
MIR5187_3P MIR5187_3P	-1.767	0.541	1.193	-0.714	0.384	-4.106	-0.348	0.945	1.471	-0.506	0.731
MIR6768_3P MIR6768_3P	0.891	-0.301	1.096	-0.418	-0.418	-5.770	0.551	1.573	0.301	-0.566	-0.299
MIR4666B MIR4666B	-1.659	0.432	0.749	-0.760	-0.412	-4.131	0.311	1.969	0.945	1.409	-0.563
MIR12120 MIR12120	0.647	1.155	0.514	-1.060	-0.850	-4.518	-0.524	2.951	-0.524	0.399	0.517
MIR512_3P MIR512_3P	-0.437	0.593	2.889	0.301	-0.617	-4.397	-0.617	1.248	0.433	-0.617	-0.299
CREBP1_01 CREBP1_01	-1.306	0.798	1.582	-1.060	-1.306	-3.248	-0.301	2.951	0.301	0.514	0.517
MIR196A_3P MIR196A_3P	-1.608	0.458	0.610	-1.253	0.458	-3.224	1.217	2.365	0.458	-1.253	0.791
GTTATAT_MIR410 GTTATAT_MIR410	-0.404	-0.833	0.488	-0.268	-1.150	-2.096	-0.268	5.787	0.672	-0.268	-0.829
MIR7152_3P MIR7152_3P	-1.226	-0.641	1.051	-0.896	-0.301	-2.196	0.441	3.089	2.296	-0.641	-0.893
NCX_01 NCX_01	-1.443	0.269	1.772	-0.746	-0.941	-1.758	-2.123	1.772	1.772	1.309	-0.333
MIR4646_5P MIR4646_5P	0.319	0.433	1.103	-0.527	-0.903	-4.943	-0.391	2.113	1.324	0.319	-0.693
MIR3129_5P MIR3129_5P	-0.338	-1.010	-0.338	-0.458	0.487	-5.177	0.267	1.402	2.196	-0.338	0.795
MIR4284 MIR4284	-0.522	-0.253	1.332	-1.284	-0.719	-3.558	-0.253	3.368	0.859	0.356	-0.519
MIR1251_5P MIR1251_5P	0.644	4.125	-0.260	-1.118	-0.550	-0.550	-1.118	0.644	0.644	-0.550	-1.116
MIR6740_3P MIR6740_3P	-0.871	1.066	1.757	-1.104	-0.871	-4.443	0.428	1.066	1.066	-0.518	0.560
MIR6507_3P MIR6507_3P	-0.710	1.778	1.013	-0.710	-1.230	-4.016	-0.942	1.013	0.807	0.342	1.018
NUFIP1_TARGET_GENES NUFIP1_TARGET_GENES	-0.411	3.789	0.920	-0.228	0.625	-1.906	0.389	-0.411	-1.906	-0.411	-0.700
MIR518D_5P_MIR518F_5P_MIR520C_5P_MIR526A_5P MIR518D_5P_MIR518F_5P_MIR520C_5P_MIR526A_5P	-1.997	1.527	0.967	-0.538	0.539	-2.694	-1.476	0.736	1.231	0.967	-0.768
MIR187_5P MIR187_5P	-0.812	0.574	1.281	-1.026	-2.328	-2.800	0.574	2.292	1.506	-0.365	-0.267
MIR7158_3P MIR7158_3P	-0.273	0.756	0.756	-1.641	-0.714	-1.641	-1.092	4.791	0.331	-0.452	-0.272
MIR1253 MIR1253	-0.675	0.309	1.014	-0.293	-0.675	-4.102	-0.860	0.835	2.787	1.212	-0.855
MIR4273 MIR4273	0.270	1.425	-0.479	0.270	-0.909	-4.522	-0.909	1.425	1.162	-0.334	0.724
CCCNNNNNNAAGWT_UNKNOWN CCCNNNNNNAAGWT_UNKNOWN	-1.459	-0.280	0.629	0.826	-0.280	-4.314	1.309	1.309	0.461	-1.096	0.464
MIR203A_5P MIR203A_5P	-0.691	-0.691	0.784	-1.605	-0.260	-2.445	-0.260	3.714	0.784	-0.434	0.543
MIR491_5P MIR491_5P	-0.634	1.219	1.788	-1.166	0.576	-3.369	0.290	0.976	-0.634	-1.539	1.224
MIR3689A_5P_MIR3689B_5P_MIR3689E_MIR3689F MIR3689A_5P_MIR3689B_5P_MIR3689E_MIR3689F	-0.760	0.945	0.432	-0.760	-0.760	-4.131	-0.412	2.979	0.432	1.165	-0.409
ACTACCT_MIR196A_MIR196B ACTACCT_MIR196A_MIR196B	-0.652	0.612	0.777	-0.258	-0.360	-2.142	-1.729	4.815	0.777	-0.652	-0.847
MIR4670_3P MIR4670_3P	-1.029	1.618	-0.621	-0.806	-1.295	-3.557	0.259	1.618	1.618	0.953	0.359
MIR567 MIR567	-0.323	1.190	1.190	-1.566	0.559	-3.407	-2.038	0.280	1.190	0.952	0.282
MIR6512_3P MIR6512_3P	-1.737	1.582	1.582	-0.448	-1.737	-3.400	0.395	0.282	0.533	1.090	0.536
MIR204_3P MIR204_3P	0.370	0.495	1.221	-0.622	-1.053	-4.749	0.265	1.995	1.221	-0.340	-0.619
HOXC13_TARGET_GENES HOXC13_TARGET_GENES	0.281	1.959	3.801	0.400	-0.456	-3.014	-1.119	-0.456	0.281	-0.456	-0.843
MIR490_5P MIR490_5P	-1.865	1.736	0.958	-0.392	-0.676	-1.865	-0.392	0.409	0.654	1.736	-1.121
ATCMNTCCGY_UNKNOWN ATCMNTCCGY_UNKNOWN	-1.362	2.202	1.760	-2.155	0.476	-1.362	1.017	0.286	-0.316	-0.316	-0.862
MIR6509_3P MIR6509_3P	-0.718	2.212	0.439	-1.208	0.439	-3.649	1.378	1.634	-0.283	-0.539	-0.935
ATTACAT_MIR3803P ATTACAT_MIR3803P	-1.826	-0.250	0.896	-0.372	0.359	-2.397	0.507	2.758	1.701	-1.380	-0.748
MIR5690 MIR5690	-0.301	0.577	1.446	-1.076	-0.430	-3.749	-1.814	1.446	0.755	-0.301	1.195
MIR215_3P MIR215_3P	-0.750	1.096	2.137	-1.251	-1.251	-3.024	-0.418	1.845	1.096	-0.566	0.303
GAGACTG_MIR452 GAGACTG_MIR452	-0.623	0.312	1.652	0.456	0.312	-3.898	-0.432	2.732	-0.623	0.312	-0.871
MIR6849_3P MIR6849_3P	-0.541	1.680	0.797	-1.611	-1.143	-2.252	-0.797	1.055	2.443	-0.541	0.398
MIR4777_3P MIR4777_3P	-1.393	0.737	2.423	-0.647	0.342	-2.902	0.519	1.297	-0.263	0.342	-1.389
PR_02 PR_02	-0.902	-0.265	0.611	-0.902	-0.686	-3.578	-0.512	1.433	2.616	-0.512	1.439
MIR6736_3P MIR6736_3P	-1.685	1.140	0.420	-1.321	-0.301	-2.666	0.563	3.306	0.923	-0.777	-0.299
COBLL1_TARGET_GENES COBLL1_TARGET_GENES	-0.666	2.495	2.185	-0.370	0.457	-3.972	0.759	-0.266	-0.502	-0.868	-0.663
MIR3155A_MIR3155B MIR3155A_MIR3155B	-0.541	0.254	0.397	-1.611	-1.143	-2.252	0.254	2.873	2.443	-0.541	0.398
MIR6856_3P MIR6856_3P	-1.362	1.681	0.763	0.539	0.539	-2.860	-0.934	1.681	-0.252	0.357	-1.358
ZBTB1_TARGET_GENES ZBTB1_TARGET_GENES	-0.755	1.836	1.542	-0.271	0.333	-3.634	-0.393	2.155	-0.551	-0.551	-1.008
MIR1199_5P MIR1199_5P	0.520	3.605	-0.255	-1.225	-0.864	-2.361	-0.595	1.901	0.520	-0.595	-0.593
MIR3169 MIR3169	-0.315	-0.315	0.938	-1.181	-0.508	-2.611	-1.181	2.876	0.675	-0.508	1.247
MIR203B_3P MIR203B_3P	0.456	0.632	1.079	-0.875	-0.623	-3.898	0.456	2.732	-0.875	-0.432	0.314
MIR766_3P MIR766_3P	-0.790	0.487	0.267	-0.607	-0.458	-4.261	0.267	3.900	0.974	0.267	-0.336
MIR4493 MIR4493	-0.312	1.286	1.899	-0.461	0.290	-3.981	-0.918	0.793	0.793	-1.251	0.292
ZNF777_TARGET_GENES ZNF777_TARGET_GENES	-0.782	0.546	4.094	-1.259	-1.259	-1.259	-0.471	-0.270	1.137	-0.782	0.816
MCAATNNNNNGCG_UNKNOWN MCAATNNNNNGCG_UNKNOWN	-0.301	1.402	0.856	-0.671	-0.301	-2.509	-0.301	2.080	1.112	-2.509	-0.668
MIR432_5P MIR432_5P	-1.142	1.523	0.301	-2.566	0.593	0.301	-0.848	2.889	0.593	-1.977	0.303
MIR509_3_5P MIR509_3_5P	0.574	1.506	0.721	-0.634	-1.576	-2.800	-0.486	2.906	0.889	-1.279	-0.483
MIR5100 MIR5100	0.301	2.296	0.301	0.612	-0.641	-3.940	-0.641	1.318	0.816	-0.896	-0.638
MIR548AG MIR548AG	-0.277	1.980	0.870	-0.828	0.706	-4.810	-0.277	1.480	-0.647	0.327	-0.824
TCTAGAG_MIR517 TCTAGAG_MIR517	-1.906	-0.228	2.133	0.920	0.920	-1.157	-1.906	-0.411	-0.702	0.920	0.390
MIR5697 MIR5697	0.283	1.706	0.513	-0.580	-0.758	-3.456	-1.233	0.659	3.254	-0.435	-0.433
MIR3682_3P MIR3682_3P	0.451	-0.457	2.080	0.856	-1.335	-3.483	-0.671	0.636	0.451	-0.957	1.116
MIR6827_3P MIR6827_3P	0.313	0.882	1.439	-0.289	0.313	-3.441	-0.442	1.439	0.882	-0.933	-1.798
MIR4297 MIR4297	-0.820	1.197	-0.285	-1.025	-0.382	-3.769	-0.820	1.005	1.635	-0.501	2.151
MIR383_3P MIR383_3P	-0.436	1.613	1.898	-0.311	-1.711	-2.698	-0.595	2.533	-0.311	-0.795	-0.309
MIR425_5P MIR425_5P	-1.447	1.565	1.565	-0.521	-0.521	-3.649	-0.351	0.994	-0.351	-0.351	0.998
MIR6129 MIR6129	0.463	0.463	-0.437	-1.094	0.270	-3.711	0.359	1.658	2.701	-1.609	0.466
MIR642B_5P MIR642B_5P	-1.090	0.276	3.002	-1.548	-0.753	-1.548	1.119	2.146	-0.505	0.276	-0.750
MIR5698 MIR5698	-0.752	0.678	-0.271	-0.359	-0.933	-2.363	-1.672	2.890	2.598	-0.597	0.550
MIR223_3P MIR223_3P	0.364	0.364	0.661	0.500	-0.354	-5.062	-1.185	0.848	1.061	-0.677	1.066
ATACCTC_MIR202 ATACCTC_MIR202	-0.468	-0.354	1.064	-0.354	-0.775	-4.344	-0.775	2.526	1.716	-0.262	-0.260
MIR936 MIR936	-0.395	0.580	0.320	0.745	0.320	-4.517	-0.539	1.378	1.378	-1.924	0.583
STAT3_02 STAT3_02	0.319	0.903	-1.152	-0.696	-0.527	-2.725	-2.225	1.103	0.724	1.103	2.121
MIR4690_3P MIR4690_3P	-1.331	0.790	0.560	-0.909	0.560	-2.819	-1.331	0.560	1.727	-0.390	1.379
TAAWWATAG_RSRFC4_Q2 TAAWWATAG_RSRFC4_Q2	-0.293	0.412	-0.293	-0.521	-1.080	-3.446	-1.340	0.412	3.452	1.212	0.679
MIR1245B_3P MIR1245B_3P	-1.092	0.964	1.928	-0.851	-0.258	-3.222	-0.851	2.868	-0.258	-0.490	0.351
MIR5583_3P MIR5583_3P	-0.457	0.856	2.883	-2.509	-0.671	-1.834	-0.671	1.402	-0.301	0.856	-0.455
MIR12132 MIR12132	-0.515	1.126	1.350	-1.132	-0.275	-3.289	1.126	2.149	-0.681	-1.427	0.331
MIR4709_3P MIR4709_3P	-1.219	0.770	-0.337	-0.973	-0.766	-2.247	0.364	3.371	2.397	-0.766	-0.335
MIR4701_5P MIR4701_5P	-0.760	-0.292	0.749	-0.566	-1.659	-2.099	-1.298	3.358	1.165	-0.292	1.170
MIR338_3P MIR338_3P	-0.594	-0.320	1.271	-2.032	-0.441	-3.090	0.283	2.699	0.522	-0.594	1.277
MIR1206 MIR1206	-2.945	0.959	0.755	-0.301	-1.406	-2.317	0.301	2.366	0.577	0.301	0.580
MIR6719_3P MIR6719_3P	-1.185	1.562	1.849	-0.677	0.364	-3.119	-0.677	2.159	-0.354	0.364	-0.900
MIR7150 MIR7150	1.043	-0.473	0.504	-0.640	-0.473	-4.324	-1.414	1.521	0.660	0.264	1.527
MIR6871_3P MIR6871_3P	0.807	-0.264	0.627	-0.523	-0.377	-4.016	-0.942	3.518	-0.523	-0.377	0.630
MIR4679 MIR4679	-1.681	0.571	2.351	-0.378	-0.276	-4.407	-0.506	1.088	-0.276	0.439	0.727
MIR767_3P MIR767_3P	-1.253	0.610	1.469	-0.962	-1.608	-2.570	0.331	1.744	-0.273	-0.388	2.051
MIR4481 MIR4481	0.660	2.747	0.840	-0.848	-0.640	-4.324	-0.640	0.660	0.373	-0.640	0.507
MIR6718_5P MIR6718_5P	-0.438	0.712	-0.276	-1.423	-0.276	-2.943	-0.986	2.805	1.259	0.499	-0.274
STTTCRNTTT_IRF_Q6 STTTCRNTTT_IRF_Q6	-0.361	0.436	-0.361	-2.090	-1.184	-1.745	-0.961	2.129	1.873	-0.361	2.138
MIR34B_5P MIR34B_5P	0.320	-0.283	0.580	-0.395	-0.283	-3.649	-0.539	3.236	1.634	-1.208	-0.536
MIR449C_5P MIR449C_5P	0.310	0.310	0.565	-0.407	-0.292	-3.685	-0.552	3.187	1.603	-1.229	-0.549
MIR6079 MIR6079	-0.453	-0.330	0.659	-1.316	0.659	-3.123	0.274	4.147	0.509	-1.034	0.276
MCRS1_TARGET_GENES MCRS1_TARGET_GENES	0.320	0.858	2.143	-0.524	2.143	-1.616	0.555	-0.925	-0.925	-0.925	-0.923
PHB2_TARGET_GENES PHB2_TARGET_GENES	-0.828	1.533	-0.659	0.781	-2.188	-3.586	0.301	1.319	1.319	0.301	0.511
MIR4684_5P MIR4684_5P	-0.659	0.986	4.386	-1.898	0.309	-2.277	-0.513	0.661	0.309	0.409	-0.831
MIR4540 MIR4540	-1.293	1.876	1.461	-0.809	-1.293	-2.072	-0.285	1.461	0.522	0.317	-0.490
MIR504_3P MIR504_3P	-0.360	0.612	0.349	-0.851	0.469	-3.936	0.612	2.868	0.964	-1.382	-0.487
MIR629_3P MIR629_3P	-2.277	1.608	0.986	-0.659	-0.835	-2.714	-0.392	2.111	0.986	-0.513	0.530
MIR3652 MIR3652	-0.424	1.736	1.036	-0.742	-1.518	-2.309	0.292	0.845	2.618	-1.518	-0.421
MIR3664_3P MIR3664_3P	-1.047	0.756	-0.358	-0.358	-2.972	-1.316	-0.482	3.428	0.463	-0.358	1.597
MIR4732_3P MIR4732_3P	-1.419	0.576	0.404	-0.505	3.593	-2.619	0.267	0.576	0.782	-1.419	-0.336
MIR4667_5P MIR4667_5P	-0.828	-0.277	1.480	-1.044	-0.828	-3.382	-0.375	2.553	1.480	0.560	-0.494
MIR9851_5P MIR9851_5P	-0.301	0.755	1.728	-0.430	-1.076	-2.945	-0.597	0.577	3.098	-0.430	-1.072
MIR1343_3P MIR1343_3P	0.385	0.385	1.403	-2.653	-0.736	-2.653	-1.180	1.184	1.403	0.984	0.387
MIR197_3P MIR197_3P	-0.714	0.728	2.475	-0.714	-0.714	-3.067	0.384	2.475	-0.714	-0.506	0.260
MIR6882_5P MIR6882_5P	-0.375	-0.277	-0.277	0.434	0.327	-5.763	0.434	2.553	-0.277	0.560	-0.372
MIR203B_5P MIR203B_5P	-0.454	0.688	-0.288	-1.454	-0.288	-2.985	-0.688	3.206	0.936	0.481	-0.287
MIR509_5P MIR509_5P	0.560	1.480	0.706	-0.647	-1.299	-2.829	-0.497	2.866	0.870	-1.299	-0.494
MIR4751 MIR4751	0.646	0.380	0.646	-1.491	-1.491	-0.828	-1.491	1.858	0.646	0.984	-0.452
MIR1537_5P MIR1537_5P	-0.885	0.870	2.199	-1.926	-0.343	-2.443	0.679	1.594	0.870	-0.660	-0.881
MIR1257 MIR1257	0.472	0.472	0.472	-0.854	0.864	-3.857	0.472	2.027	-0.418	-1.591	0.474
CCAWYNNGAAR_UNKNOWN CCAWYNNGAAR_UNKNOWN	-0.515	1.862	1.350	-0.681	0.582	-2.694	-1.427	1.596	-1.779	0.445	0.448
GTATGAT_MIR154_MIR487 GTATGAT_MIR154_MIR487	-1.393	-0.263	1.297	-0.960	0.519	-2.902	-0.263	2.423	0.997	-0.421	-0.420
MIR342_3P MIR342_3P	-0.509	-0.693	0.644	-1.208	-0.255	-3.154	0.644	3.177	1.530	-0.693	-0.363
MIR4292 MIR4292	-0.530	-0.888	1.045	-1.401	-0.398	-3.726	-0.293	1.045	2.583	0.690	0.419
MIR4786_5P MIR4786_5P	-0.588	0.672	3.722	-0.404	-0.833	-1.562	-1.150	2.072	0.488	-0.833	-0.829
MIR6771_3P MIR6771_3P	-0.461	0.793	1.286	-0.659	0.594	-3.981	-0.918	1.577	0.594	0.426	-0.914
MIR7850_5P MIR7850_5P	-0.354	1.061	0.364	-2.475	-0.496	-3.119	-0.677	1.299	1.299	1.299	0.255
MIR518E_5P_MIR519A_5P_MIR519B_5P_MIR519C_5P_MIR522_5P_MIR523_5P MIR518E_5P_MIR519A_5P_MIR519B_5P_MIR519C_5P_MIR522_5P_MIR523_5P	-1.899	1.643	0.806	-0.489	0.595	-2.582	-1.391	0.595	1.052	1.052	-0.707
MIR4490 MIR4490	0.541	-0.506	1.471	0.384	-0.506	-4.106	-1.767	0.945	0.541	0.728	0.387
MIR106A_3P MIR106A_3P	-0.617	-0.301	1.001	-1.142	0.301	-3.331	0.301	2.889	0.433	-1.142	1.005
CDH4_TARGET_GENES CDH4_TARGET_GENES	0.856	0.856	1.402	-0.671	-0.671	-2.509	-1.834	1.402	0.451	0.856	-1.331
MIR6764_3P MIR6764_3P	-0.650	-0.323	0.559	-0.888	-0.888	-3.407	0.280	1.750	2.786	0.559	-0.462
AR_03 AR_03	-0.416	0.814	0.814	-2.404	-0.416	-2.404	-0.247	0.814	0.814	-0.668	1.460
MIR4519 MIR4519	-0.957	1.112	1.402	-0.671	-2.509	-2.509	0.636	0.636	-0.457	0.856	0.860
MIR4430 MIR4430	-0.622	1.458	1.006	-0.817	-1.338	-2.573	0.265	1.458	2.295	-1.053	-0.462
MIR384 MIR384	0.376	-0.482	0.870	-0.660	-3.084	-3.084	0.870	0.515	1.327	0.679	0.683
MIR3145_5P MIR3145_5P	-0.521	1.437	0.920	-1.006	-0.521	-2.363	-1.006	2.427	1.164	0.371	-1.350
MIR4673 MIR4673	-2.225	1.103	2.417	-0.527	-0.527	-2.225	-0.696	0.568	0.903	1.324	-0.898
MIR6776_3P MIR6776_3P	-0.786	0.938	0.938	-0.786	0.288	-2.611	0.459	1.592	-0.508	1.244	-1.743
MIR8060 MIR8060	-0.790	-1.073	0.476	0.476	-0.270	-3.218	-0.398	1.944	2.656	-0.790	0.336
MIR6824_3P MIR6824_3P	-0.667	-0.334	0.543	-0.909	-0.909	-3.444	0.270	1.714	2.736	0.543	-0.332
MIR4293 MIR4293	0.433	-0.301	-0.848	-0.437	-0.437	-1.977	-1.142	3.722	1.825	-1.142	0.596
MIR939_3P MIR939_3P	-1.830	-0.402	1.798	-0.540	-1.172	-3.355	0.421	0.708	0.883	0.883	1.085
CAGCAGG_MIR370 CAGCAGG_MIR370	-0.358	1.590	0.599	-0.822	-0.358	-4.334	0.463	1.351	1.132	-1.316	-0.258
MIR1909_3P MIR1909_3P	0.310	0.727	-0.734	-0.407	0.727	-3.685	-0.734	1.350	2.492	0.310	-1.225
MIR5695 MIR5695	-2.196	1.941	1.318	-1.649	-0.446	-1.649	-0.446	0.441	0.612	-0.446	1.620
MIR3679_5P MIR3679_5P	-3.109	0.620	0.276	-1.090	0.276	-2.179	0.428	1.426	0.620	0.620	0.853
MIR6792_5P MIR6792_5P	-0.671	-0.499	1.462	-0.671	0.627	-4.401	0.477	0.800	1.729	0.351	-0.880
MIR3664_5P MIR3664_5P	-0.731	0.289	0.445	-0.731	-1.516	-3.068	0.289	2.617	0.642	0.445	0.881
MIR548AT_3P MIR548AT_3P	-0.273	0.756	0.519	-1.092	-0.714	-2.487	0.756	3.097	0.519	-1.092	-0.450
MIR6818_3P MIR6818_3P	0.432	-0.292	-0.292	-1.659	-0.760	-2.634	-1.298	1.969	1.969	0.578	0.949
MIR141_5P MIR141_5P	0.412	-0.324	0.279	0.575	-0.939	-4.023	-0.939	2.575	0.575	0.279	0.578
MIR5089_5P MIR5089_5P	0.261	0.904	1.678	-0.493	-0.345	-3.482	-1.620	1.989	0.527	0.261	-0.682
MIR4726_3P MIR4726_3P	-1.516	-0.488	1.465	-1.064	0.642	-2.142	-0.314	-0.731	1.153	2.617	-0.312
MIR1912_5P MIR1912_5P	0.289	-1.867	-0.981	0.289	0.435	-2.545	0.435	2.414	2.033	-0.313	-0.471
MIR181A_2_3P MIR181A_2_3P	-0.281	0.795	0.322	-0.566	-0.281	-3.672	0.610	2.817	0.610	-0.281	-1.753
MIR96_3P MIR96_3P	0.519	1.635	2.011	-0.647	-0.421	-2.902	-1.393	-0.263	-0.263	0.997	-0.644
MIR3674 MIR3674	-0.795	1.115	-0.311	-1.711	-0.795	-3.365	1.115	0.548	1.613	-0.311	1.120
ATGGYGGA_UNKNOWN ATGGYGGA_UNKNOWN	-1.119	1.027	2.198	-0.600	-0.600	-1.486	0.611	2.557	-0.424	-1.947	-0.422
MIR6762_3P MIR6762_3P	-0.710	-0.523	0.342	-2.538	0.807	-2.538	1.778	1.499	0.627	-0.710	0.811
MIR495_5P MIR495_5P	-0.934	1.029	-0.252	-0.626	-0.934	-1.962	-1.362	2.483	2.064	-0.252	0.359
MIR4534 MIR4534	-0.301	1.454	1.024	-0.707	0.406	-3.760	-2.141	1.229	0.840	0.406	-0.406
MIR10393_5P MIR10393_5P	-1.132	-0.275	0.445	-1.427	1.126	-4.008	0.582	2.149	0.582	0.329	0.331
MIR6126 MIR6126	-1.119	0.400	1.660	-0.322	-0.456	-3.014	-1.456	2.627	0.716	0.400	-0.320
BCL6B_TARGET_GENES BCL6B_TARGET_GENES	0.737	0.907	1.779	-1.259	1.096	-3.965	-0.620	0.907	0.345	-0.620	-0.793
MIR4773 MIR4773	-1.526	0.781	1.319	-0.659	0.635	-4.196	-0.301	1.763	0.396	0.635	-0.655
RBL1_TARGET_GENES RBL1_TARGET_GENES	-0.256	0.571	4.203	0.571	-0.755	-1.989	-1.225	0.351	-0.256	-0.755	-0.255
MIR6791_3P MIR6791_3P	1.208	-0.266	-0.412	-0.614	-1.252	-2.398	-1.738	1.855	1.515	0.701	0.341
MIR7703 MIR7703	-0.737	-0.381	0.837	0.344	-0.737	-4.688	0.481	0.645	1.873	-0.262	0.484
HFH3_01 HFH3_01	-0.857	-0.685	0.377	-0.417	-2.238	-2.647	0.484	1.951	0.609	0.609	2.219
CGGAARNGGCNG_UNKNOWN CGGAARNGGCNG_UNKNOWN	-1.500	1.551	0.877	-0.382	0.612	-2.321	-0.977	1.551	0.612	-0.977	0.234
MIR6765_3P MIR6765_3P	-1.200	0.632	1.984	-1.620	0.456	-2.162	0.312	-0.290	2.732	-0.623	-0.430
MIR3926 MIR3926	0.284	0.382	0.631	-1.712	-1.135	-3.543	1.829	1.147	1.147	0.497	-0.554
MIR217_5P MIR217_5P	0.360	0.896	1.269	-0.571	-0.335	-5.476	0.270	0.468	1.482	-0.571	-0.332
MIR4777_5P MIR4777_5P	-0.773	1.509	1.509	-1.758	0.322	-3.672	0.453	0.795	0.610	-0.566	0.324
MIR2681_5P MIR2681_5P	-0.707	1.454	0.301	-1.753	-0.707	-3.129	0.301	2.545	1.024	-0.301	0.408
PBX1_02 PBX1_02	-2.215	-0.331	-0.830	-0.830	-0.460	-1.764	2.128	0.677	-0.331	0.860	2.457
STAT1_01 STAT1_01	0.357	1.029	3.947	-1.362	-0.626	-1.962	-0.626	0.763	0.357	-0.626	-0.624
MIR3187_5P MIR3187_5P	0.333	0.467	2.155	-0.393	-2.223	-3.634	-0.271	1.031	0.628	0.333	-0.270
MIR122B_3P MIR122B_3P	-0.594	0.676	0.676	-0.441	-0.441	-3.090	0.522	2.065	2.065	-1.014	-1.289
MIR4774_5P MIR4774_5P	-0.875	0.312	0.456	-0.290	-0.290	-3.898	0.840	0.840	1.984	-1.200	0.458
AGTCAGC_MIR345 AGTCAGC_MIR345	-0.434	0.346	3.714	-1.063	-0.260	-2.445	0.541	1.075	-0.434	-0.434	-0.689
MIR484 MIR484	-0.505	-0.338	0.267	-1.419	-0.730	-2.619	0.267	2.710	2.311	-0.338	0.406
MIR5691_MIR6805_3P MIR5691_MIR6805_3P	0.259	0.475	0.357	-0.470	-1.611	-2.941	-0.470	2.462	2.462	-0.621	0.261
MIR4510 MIR4510	0.635	0.507	-0.516	-1.258	0.301	-3.586	0.396	1.319	2.550	-1.258	0.399
MIR623 MIR623	-0.443	0.561	0.561	-3.787	0.735	-1.842	0.291	0.561	1.694	-0.828	0.940
MIR548AY_3P MIR548AY_3P	-0.399	0.845	0.379	-1.005	-0.645	-2.362	0.587	3.338	0.587	-1.005	-0.397
FREAC4_01 FREAC4_01	-0.992	-0.447	-0.992	-1.564	-0.329	-1.564	0.275	-0.447	1.429	1.676	3.219
TGCAAAC_MIR452 TGCAAAC_MIR452	0.270	-0.667	0.721	-0.667	-0.667	-4.522	0.392	0.392	1.714	0.928	0.545
OCT1_07 OCT1_07	-0.261	-1.554	-0.474	1.305	-0.261	-2.301	-1.008	-0.620	3.635	0.345	0.912
MIR3192_5P MIR3192_5P	-0.677	0.319	-0.284	-0.518	0.319	-3.692	-0.284	0.876	3.290	0.876	-1.099
GCCNNNWTAAR_UNKNOWN GCCNNNWTAAR_UNKNOWN	-1.212	-0.742	0.526	-1.212	-0.742	-2.309	0.399	0.675	1.482	0.292	3.312
RORA2_01 RORA2_01	-0.260	0.347	-0.358	-0.260	-2.010	-3.590	0.756	0.934	-0.358	0.347	2.750
MIR10525_3P MIR10525_3P	0.587	-1.005	1.150	-1.005	-0.235	-2.362	-1.535	1.150	-0.235	1.502	0.589
PR_01 PR_01	-0.712	-0.402	0.310	-0.920	-1.172	-3.355	0.421	0.310	1.798	1.080	2.087
MIR4457 MIR4457	-0.923	0.486	0.486	-0.255	-0.693	-3.978	-0.509	2.120	1.813	-0.365	0.355
MIR4521 MIR4521	-0.471	0.301	0.463	-1.485	-0.471	-3.026	0.463	1.187	2.253	-0.710	0.667
MIR450A_2_3P MIR450A_2_3P	0.533	0.694	0.533	-1.062	-0.812	-3.400	-0.610	0.282	3.594	0.282	0.284
SYNCRIP_TARGET_GENES SYNCRIP_TARGET_GENES	0.527	-0.870	0.527	-0.870	-0.870	-0.870	-0.378	-0.870	0.930	0.930	2.039
MIR6831_3P MIR6831_3P	-0.668	1.112	1.112	-0.416	0.362	-2.404	0.362	0.564	1.844	-1.570	-1.031
MIR5581_3P MIR5581_3P	-1.072	0.795	0.257	-2.114	-0.833	-1.360	-1.072	1.430	0.359	1.430	2.266
MIR588 MIR588	-0.760	-0.292	0.749	-0.566	-1.659	-2.099	-1.002	2.979	1.165	-0.292	1.170
MIR6799_5P MIR6799_5P	-0.310	0.399	2.950	-1.881	-0.567	-2.309	-0.310	1.482	0.675	0.526	-1.207
MIR1288_5P MIR1288_5P	-0.920	1.652	-0.348	-0.348	-1.431	-2.238	-0.348	1.652	1.652	-0.348	0.260
MIR340_3P MIR340_3P	-0.285	0.781	1.095	0.317	-0.492	-2.072	-0.285	1.461	1.095	-0.809	-2.068
MIR2682_5P MIR2682_5P	0.291	0.291	0.413	-0.443	0.413	-2.979	-0.613	2.674	1.694	-1.842	-0.309
MIR487A_5P MIR487A_5P	-0.650	0.405	2.070	-0.465	-1.566	-2.634	-0.888	1.750	0.741	0.952	-0.462
MIR3618 MIR3618	-0.733	-1.354	1.437	-0.521	-0.521	-3.105	-0.521	1.164	1.739	0.371	0.924
MIR6506_5P MIR6506_5P	0.249	-0.360	1.437	-0.733	-1.006	-4.148	0.249	1.437	0.707	0.371	0.526
MIR1265 MIR1265	-0.676	0.654	0.958	0.409	-1.865	-1.865	-0.392	2.721	-0.392	-0.392	0.411
MIR4520_2_3P MIR4520_2_3P	0.321	2.006	-0.551	-1.633	-1.275	-3.259	0.594	0.768	0.594	0.445	0.971
MIR188_3P MIR188_3P	-1.274	0.628	1.647	-0.607	0.628	-4.261	0.267	1.647	0.367	-0.458	0.269
MIR136_5P MIR136_5P	0.252	2.282	0.881	-0.949	-0.702	-3.520	-0.357	1.643	0.252	-0.702	0.370
MIR6893_5P MIR6893_5P	0.317	1.407	0.538	-0.820	0.419	-4.448	-0.501	1.880	0.538	-1.025	0.422
TAXCREB_01 TAXCREB_01	-1.606	0.403	-0.311	-0.767	-0.995	-3.057	0.871	1.544	0.871	0.292	1.819
DROSHA_TARGET_GENES DROSHA_TARGET_GENES	0.560	3.006	1.727	-1.331	-0.909	-1.926	-0.909	0.560	-0.390	-0.240	-0.388
MIR6133 MIR6133	0.473	0.473	-0.550	-1.077	0.278	-3.679	0.368	1.923	2.178	-1.077	0.370
MIR770_5P MIR770_5P	-1.028	0.896	-0.250	-1.028	-0.751	-3.142	-0.537	2.027	0.507	0.687	1.409
MIR3611 MIR3611	2.578	0.388	1.225	-0.974	-0.435	-2.338	-1.541	1.015	1.015	-0.974	-0.433
MIR6754_3P MIR6754_3P	-1.028	-0.372	2.027	-1.028	-0.372	-1.826	-1.028	3.162	0.896	-0.250	-0.370
TFCP2_TARGET_GENES TFCP2_TARGET_GENES	-0.314	0.878	1.153	0.445	-0.488	-2.142	-0.731	2.617	0.445	-0.488	-2.138
CAGTCAC_MIR134 CAGTCAC_MIR134	1.760	0.476	0.720	-2.155	0.286	-1.362	-0.864	1.364	-1.362	0.286	0.478
MIR548B_3P MIR548B_3P	-1.947	1.278	1.864	-0.829	-0.829	-2.532	1.027	0.804	0.611	-0.424	-0.289
MIR140_5P MIR140_5P	-0.521	0.994	0.256	-1.447	-1.052	-2.656	0.390	1.898	1.898	-0.521	0.392
MIR508_3P MIR508_3P	-0.868	0.290	0.419	-0.451	-0.451	-4.439	0.290	1.490	1.490	0.576	0.292
MIR488_3P MIR488_3P	-2.566	0.519	0.405	-0.389	-0.646	-2.566	0.796	3.194	0.649	-0.293	0.311
MIR4736 MIR4736	-0.357	-0.702	-0.357	0.368	0.511	-2.737	-1.647	3.852	0.368	0.252	0.686
MIR150_3P MIR150_3P	-0.777	0.420	0.563	-1.022	-0.301	-3.330	-0.580	3.306	-0.424	0.923	0.566
MIR5586_5P MIR5586_5P	-1.225	2.691	0.520	-0.864	0.520	-3.317	0.353	-0.397	0.520	-0.255	0.522
MIR7156_3P MIR7156_3P	-0.324	1.541	-0.324	-0.939	-0.476	-4.023	0.279	0.279	0.997	-0.324	1.547
MIR4639_5P MIR4639_5P	-1.767	1.193	1.193	-0.506	0.541	-3.067	-0.348	1.193	1.193	-0.506	-0.711
MIR541_5P MIR541_5P	-0.660	1.885	1.086	-0.482	-0.660	-3.084	-0.482	1.594	-0.343	-1.163	1.090
KDM1B_TARGET_GENES KDM1B_TARGET_GENES	1.164	-0.360	1.739	-0.360	-0.733	-1.797	-1.797	2.810	0.371	-0.733	-0.519
MIR6808_5P MIR6808_5P	0.326	1.431	0.551	-0.805	0.430	-4.413	-0.490	1.909	0.430	-1.008	0.433
YTAAYNGCT_UNKNOWN YTAAYNGCT_UNKNOWN	-1.274	0.367	0.487	0.267	-0.338	-3.523	-1.010	0.628	0.628	3.164	0.369
THRAP3_TARGET_GENES THRAP3_TARGET_GENES	-0.610	0.302	1.364	1.876	-1.201	-1.201	-0.610	1.876	-0.610	-0.300	-0.608
MIR183_3P MIR183_3P	0.341	0.559	0.341	-1.128	0.341	-5.116	-0.457	1.608	1.192	0.442	0.344
MIR4633_5P MIR4633_5P	0.409	0.226	1.736	-0.676	0.654	-1.865	0.409	0.958	0.654	-1.865	-1.121
MIR100_3P MIR100_3P	-1.998	1.297	1.297	0.737	-0.263	-1.998	-0.647	2.011	-0.263	-0.647	-0.644
MIR5687 MIR5687	-0.787	0.279	-0.787	-0.787	-0.324	-0.787	2.269	1.613	0.609	0.279	-0.786
MIR6730_5P MIR6730_5P	-1.166	-0.265	3.723	-0.373	-0.373	-2.893	-0.265	1.433	0.340	-0.686	-0.263
ACCATTT_MIR522 ACCATTT_MIR522	-1.729	2.279	1.253	-0.888	0.543	-2.566	-0.692	1.253	0.543	-0.692	0.312
ZNF677_TARGET_GENES ZNF677_TARGET_GENES	-0.848	1.794	3.488	-0.640	-0.341	-1.414	0.504	0.840	-0.640	-0.848	-1.409
MIR6829_3P MIR6829_3P	1.175	-0.277	-0.427	-0.633	-0.910	-2.435	-1.770	1.811	1.476	0.678	0.328
MIR1301_3P_MIR5047 MIR1301_3P_MIR5047	-0.828	0.291	0.413	0.561	0.735	-4.896	-0.311	1.694	0.291	-0.311	0.415
MIR5004_5P MIR5004_5P	-1.955	0.500	1.562	-0.496	-1.531	-1.955	0.661	0.848	2.159	0.254	-0.493
MIR637 MIR637	0.488	-0.268	0.337	-1.150	-0.588	-3.815	-0.404	1.730	1.138	0.889	-0.267
MIR139_5P MIR139_5P	-2.194	0.804	1.899	-0.430	-0.736	-3.192	0.385	0.505	0.385	0.284	1.409
MIR633 MIR633	0.814	0.643	0.643	-0.465	-0.622	-3.864	-1.053	1.995	-0.622	-0.340	1.227
MIR412_3P MIR412_3P	-1.197	-0.383	1.277	-1.197	-0.383	-1.197	-0.842	4.185	0.748	-0.244	-0.381
MIR4275 MIR4275	-0.482	1.849	0.934	-1.047	0.347	-2.451	0.934	1.590	0.347	-2.010	-0.631
MIR6760_3P MIR6760_3P	-0.250	1.135	0.687	0.507	-0.537	-4.189	-0.537	1.701	0.507	-0.751	-0.370
MAPK3_TARGET_GENES MAPK3_TARGET_GENES	0.262	0.876	1.501	-0.834	-0.344	-2.694	-0.834	0.876	1.501	0.262	-1.237
MIR374A_3P MIR374A_3P	-1.166	1.696	-0.265	-1.166	-0.373	-2.333	-0.373	1.433	2.288	0.464	-0.898
MIR7974 MIR7974	0.390	0.759	0.557	-1.052	-1.965	-2.656	-0.351	2.261	-0.351	0.390	0.998
MIR940 MIR940	0.317	1.197	0.676	-0.820	0.538	-4.448	-0.646	1.880	0.419	-0.820	0.422
MIR6889_3P MIR6889_3P	0.405	-0.465	0.280	-0.888	-1.189	-2.634	0.559	3.181	1.457	0.280	-0.647
MIR4796_5P MIR4796_5P	-0.521	-1.354	0.524	-0.733	-1.354	-2.363	0.524	1.437	2.427	0.524	0.526
MIR4318 MIR4318	-0.311	0.735	1.996	0.291	0.735	-3.787	-1.842	0.735	-0.443	0.291	0.293
MIR885_5P MIR885_5P	-0.810	0.959	1.446	0.426	-0.430	-3.749	0.426	0.959	0.959	-1.406	-0.428
MIR4499 MIR4499	0.311	0.983	0.593	0.439	-1.054	-2.910	0.439	-0.291	3.150	-1.054	-0.788
MIR597_3P MIR597_3P	0.576	-0.451	1.788	-0.634	-1.166	-3.369	-0.634	1.490	0.576	-0.451	0.980
ZNF548_TARGET_GENES ZNF548_TARGET_GENES	-0.676	2.721	0.409	0.226	0.958	-0.676	-1.865	1.320	-0.676	-0.392	-1.121
YTAATTAA_LHX3_01 YTAATTAA_LHX3_01	-0.798	0.530	0.530	-0.494	-0.286	-2.998	-1.789	0.415	-0.286	1.817	2.346
MIR628_3P MIR628_3P	0.289	0.435	1.081	1.081	-0.313	-3.525	-0.473	1.683	-1.363	-0.473	0.291
MIR4329 MIR4329	-0.577	0.367	3.678	-0.842	-0.842	-1.674	-0.842	1.948	-0.244	-0.577	0.369
EGR3_01 EGR3_01	-0.910	0.484	0.909	-0.633	-0.633	-1.770	-0.633	2.178	1.476	-1.770	0.913
MIR7845_5P MIR7845_5P	-0.668	-0.668	4.388	-0.247	-0.247	-1.570	-0.668	0.564	-0.416	1.112	-1.031
MIR487B_5P MIR487B_5P	-0.634	0.419	2.112	-0.451	-1.539	-2.600	-0.868	1.490	0.762	0.976	-0.449
ZNF585B_TARGET_GENES ZNF585B_TARGET_GENES	0.432	0.311	0.945	-0.292	0.432	-3.295	0.432	1.678	1.165	-1.659	-1.293
TGASTMAGC_NFE2_01 TGASTMAGC_NFE2_01	0.293	0.496	1.508	-2.620	-0.672	-3.085	-0.408	1.297	0.926	0.622	0.389
MIR6883_3P MIR6883_3P	-0.714	1.039	1.039	-0.714	-0.714	-2.487	0.331	2.605	-0.452	-0.714	0.521
MIR6130 MIR6130	0.519	0.519	-0.389	-1.239	0.309	-3.555	0.405	1.342	2.304	-1.239	0.408
MIR548AO_5P_MIR548AX MIR548AO_5P_MIR548AX	0.276	0.617	0.937	-1.153	0.485	-4.240	0.276	1.800	0.937	-0.327	-0.920
MIR4642 MIR4642	-1.051	0.872	1.371	-0.385	-0.260	-1.856	-3.180	1.107	0.667	0.346	0.670
MIR600 MIR600	-1.014	-0.783	1.271	0.391	-1.014	-2.512	0.522	3.413	-0.594	0.283	0.525
MIR499B_3P MIR499B_3P	-1.923	-0.365	1.506	0.445	-0.269	-3.350	0.336	2.292	-0.269	0.574	-0.483
MIR6529_3P MIR6529_3P	0.289	-0.313	0.289	-0.691	-0.691	-3.525	0.615	2.824	0.831	0.289	-0.471
MIR4426 MIR4426	0.310	0.554	1.538	-0.292	0.883	-3.355	-0.712	2.079	0.310	-0.920	-1.167
MIR499A_3P MIR499A_3P	-1.874	-0.463	1.559	0.468	0.260	-3.287	0.355	2.362	0.260	0.468	-0.460
MIR6867_3P MIR6867_3P	-0.430	0.755	0.577	-1.076	-1.076	-2.945	-1.076	2.035	0.959	0.426	0.963
MIR2054 MIR2054	0.926	2.076	-0.463	-0.346	-0.782	-3.930	0.601	0.754	0.926	-0.463	-0.986
MIR3201 MIR3201	-0.313	0.289	1.081	-1.363	0.289	-3.525	-0.981	1.081	0.831	0.435	0.834
MIR155_3P MIR155_3P	-0.418	-0.418	0.864	-1.175	0.324	-2.843	-0.418	2.393	1.691	-0.854	0.326
MIR513B_3P MIR513B_3P	-0.871	1.277	0.557	-0.388	-0.677	-4.443	-0.518	0.428	1.507	0.428	0.881
SQSTM1_TARGET_GENES SQSTM1_TARGET_GENES	-2.113	1.055	1.817	0.302	-0.301	-0.513	-1.327	1.817	0.302	-0.513	-0.834
DR3_Q4 DR3_Q4	-1.472	0.554	2.079	-1.172	-0.540	-1.830	-0.920	0.421	0.421	0.310	2.708
TGAGATT_MIR216 TGAGATT_MIR216	0.976	0.419	0.576	-1.166	-0.634	-4.439	0.762	0.762	-0.312	0.576	0.421
MIR5001_3P MIR5001_3P	-0.635	0.463	1.132	-1.316	1.132	-3.590	0.463	2.127	-0.482	-0.482	-0.258
MIR4797_5P MIR4797_5P	-1.119	-0.628	2.996	-1.456	-0.847	-1.456	-0.322	1.386	-0.456	1.137	0.719
GGCACTT_MIR519E GGCACTT_MIR519E	-0.942	-0.377	-0.264	-0.523	0.342	-3.189	1.013	3.518	0.627	-0.377	-0.520
MIR3176 MIR3176	-1.038	-0.301	0.301	-0.710	-0.471	-2.106	0.664	4.148	-0.471	0.906	-0.469
MIR622 MIR622	-0.277	1.175	0.326	-1.770	0.326	-3.400	-0.633	0.909	1.175	0.326	0.486
MIR4286 MIR4286	-0.404	0.672	0.889	-1.150	0.337	-2.805	-0.404	2.842	-0.833	-0.588	0.892
MIR1291 MIR1291	-0.381	-0.381	0.645	-1.308	-1.308	-2.806	-0.536	1.873	0.837	1.056	1.061
MIR873_5P MIR873_5P	-0.417	-0.291	1.478	-1.786	-0.417	-1.381	-1.786	2.074	1.764	0.311	-0.289
MIR5584_3P MIR5584_3P	-0.418	0.551	1.324	-0.750	-0.301	-3.024	-0.418	1.573	0.709	-1.978	1.101
MIR6796_3P MIR6796_3P	-1.122	2.538	0.728	-0.738	-0.470	-1.676	-0.470	1.004	1.688	-0.738	-0.735
GGCCAGT_MIR193A_MIR193B GGCCAGT_MIR193A_MIR193B	-0.538	-1.077	1.854	-0.364	-0.771	-1.997	-0.771	2.600	1.231	-0.538	0.378
MIR4712_5P MIR4712_5P	-1.006	0.707	0.249	-1.006	-0.733	-3.105	-0.521	1.739	0.707	0.707	1.442
MIR6513_5P MIR6513_5P	0.398	1.817	0.398	-0.695	-1.737	-3.030	0.749	1.223	0.749	-0.491	-0.488
MIR7702 MIR7702	0.258	2.075	0.435	-1.431	0.258	-2.238	0.944	-0.920	0.664	0.664	-0.918
ZNF41_TARGET_GENES ZNF41_TARGET_GENES	-1.708	0.771	1.254	0.279	-0.939	-2.992	0.575	1.254	0.997	0.279	-0.674
MIR5579_3P MIR5579_3P	-1.729	1.480	0.543	-1.401	-0.293	-2.566	0.690	1.728	0.858	-0.692	0.419
MIR569 MIR569	-1.611	0.797	1.680	-0.797	0.578	-3.192	-0.354	0.397	0.797	0.397	0.255
MIR631 MIR631	0.720	-0.316	0.720	-1.362	-0.864	-1.362	0.476	2.689	1.017	-0.534	-1.359
MIR1184 MIR1184	-0.430	1.899	-0.430	-0.319	0.385	-3.828	-0.939	1.184	1.403	-0.736	0.387
TTTNNANAGCYR_UNKNOWN TTTNNANAGCYR_UNKNOWN	-1.438	0.256	3.436	-1.124	-0.866	-1.817	0.256	1.020	0.643	-0.486	0.824
MIR630 MIR630	-1.225	0.520	1.901	-0.595	-0.255	-2.361	-0.255	2.691	0.353	-0.397	-0.861
MIR6715A_3P MIR6715A_3P	-1.200	0.492	0.964	0.374	0.787	-3.862	0.374	1.868	0.630	-0.956	-0.577
MIR2117 MIR2117	0.311	-0.292	-0.760	0.311	-1.659	-2.099	-0.760	3.358	1.409	-0.292	0.581
MIR653_5P MIR653_5P	-0.448	0.395	0.694	-0.321	0.395	-5.395	-0.321	0.395	1.090	0.395	0.536
MIR21_3P MIR21_3P	-0.552	0.727	0.727	-0.407	-0.407	-2.991	0.426	1.878	1.878	-0.958	-1.225
MIR3146 MIR3146	-0.492	1.876	1.095	-2.072	-2.072	-0.492	0.317	0.781	0.317	-0.285	0.319
MIR590_5P MIR590_5P	-0.830	-1.083	0.518	-1.764	-0.460	-1.764	0.384	1.828	2.449	-0.331	0.864
MIR218_1_3P MIR218_1_3P	-0.791	0.362	0.714	-0.791	-0.554	-2.731	0.521	1.490	1.199	-1.504	1.203
MIR5007_3P MIR5007_3P	-0.496	0.500	0.661	-0.677	-1.185	-3.119	-0.496	3.228	0.661	0.364	0.367
MIR30C_2_3P MIR30C_2_3P	-0.718	1.378	0.320	-0.283	-1.924	-2.393	-0.939	1.378	1.912	0.439	0.322
YYCATTCAWW_UNKNOWN YYCATTCAWW_UNKNOWN	0.317	0.663	2.336	-0.633	-1.789	-2.139	-1.485	0.530	0.812	-0.379	1.371
MIR7158_5P MIR7158_5P	-0.710	2.678	0.301	0.463	0.301	-1.485	-1.038	1.506	0.463	-2.106	-0.299
MIR3675_3P MIR3675_3P	0.521	0.521	0.521	-2.030	-1.101	-2.731	0.521	1.490	0.940	0.714	-0.552
MIR450A_1_3P MIR450A_1_3P	0.309	0.309	1.143	0.519	0.649	-5.700	-0.389	0.519	0.796	-0.293	-0.502
MIR3064_5P MIR3064_5P	-0.391	-0.284	2.740	-0.696	-0.696	-3.322	0.319	1.324	0.724	-0.903	0.436
MIR4661_5P MIR4661_5P	0.320	-0.283	0.858	-0.925	1.655	-1.616	-1.616	1.655	0.320	-0.524	-0.282
MIR6854_5P MIR6854_5P	-0.731	1.465	0.445	-1.516	-0.488	-3.068	-0.314	0.642	0.445	1.153	0.644
MIR3692_5P MIR3692_5P	-1.273	0.292	0.403	0.292	-0.767	-2.482	-0.311	3.463	1.297	0.403	-0.763
MIR3943 MIR3943	0.269	-1.023	1.083	-0.336	-1.740	-0.336	0.269	3.590	0.269	-0.336	-1.021
MIR4680_5P MIR4680_5P	0.519	0.342	0.997	-0.421	0.342	-2.902	-0.960	2.870	-0.421	-0.263	-0.644
MIR6797_3P MIR6797_3P	-0.714	-0.714	2.152	-0.714	-0.714	-1.641	-0.714	1.367	2.152	-0.452	0.332
MIR6860 MIR6860	0.290	0.576	1.788	-0.451	-2.008	-3.369	-0.312	0.976	0.762	0.290	0.292
MIR4772_3P MIR4772_3P	-1.533	0.914	2.118	-1.126	-0.258	-2.768	-0.258	0.914	0.693	0.349	-0.389
ZNF669_TARGET_GENES ZNF669_TARGET_GENES	-0.460	3.156	0.860	-0.331	-0.625	-2.215	0.273	1.067	0.518	-0.625	-1.758
MIR3158_5P MIR3158_5P	-0.661	0.853	0.853	-1.319	-1.062	-1.973	-0.385	3.496	0.690	-0.661	0.426
AGGAAGC_MIR5163P AGGAAGC_MIR5163P	0.500	-0.354	1.849	-0.677	-1.531	-3.119	-0.496	1.562	-0.354	0.661	0.665
GTCAGGA_MIR378 GTCAGGA_MIR378	0.346	0.346	2.212	-1.605	0.346	-2.445	0.784	0.784	-0.691	-0.691	0.348
MIR624_5P MIR624_5P	-0.829	0.804	1.027	-0.291	0.611	-2.532	0.611	0.447	1.864	-1.947	-0.825
MIR3663_3P MIR3663_3P	-1.072	1.197	0.627	-1.072	-0.637	-2.603	0.257	0.795	2.912	0.257	-0.474
MIR148A_5P MIR148A_5P	-0.582	-0.291	1.217	-0.417	-1.054	-3.711	-0.291	0.983	1.478	-0.417	0.987
METHYLCYTOSINE_DIOXYGENASE_TET_UNIPROT_A0A023HHK9_UNREVIEWED_TARGET_GENES METHYLCYTOSINE_DIOXYGENASE_TET_UNIPROT_A0A023HHK9_UNREVIEWED_TARGET_GENES	0.269	3.577	1.531	-1.443	-0.446	-0.941	0.269	0.474	-0.336	-0.336	-2.116
MIR21_5P MIR21_5P	-0.712	-0.920	0.310	-2.253	-0.402	-1.830	0.708	1.798	2.079	0.310	0.711
MIR891B MIR891B	-1.042	2.204	-0.311	-0.436	-0.311	-3.365	-0.436	1.898	0.712	-0.311	-0.309
MYAATNNNNNNNGGC_UNKNOWN MYAATNNNNNNNGGC_UNKNOWN	-1.284	1.332	0.859	-0.970	0.664	-1.284	-1.284	2.239	1.082	-0.719	-0.716
MIR5699_5P MIR5699_5P	-0.253	0.859	2.239	-1.284	0.859	-3.558	-0.253	-0.253	0.356	-0.719	0.358
EVI1_02 EVI1_02	0.330	-1.187	0.763	-0.525	-0.920	-1.897	-0.384	0.330	0.451	-0.384	4.510
MIR3156_3P MIR3156_3P	-0.791	1.812	0.362	-0.791	1.490	-2.731	-0.377	1.199	-0.377	-1.101	0.524
MIR3175 MIR3175	0.392	2.409	-0.892	-0.703	-0.703	-2.464	-0.415	0.801	2.409	-0.545	-0.412
MIR3173_3P MIR3173_3P	-0.809	-1.096	0.323	0.826	-0.584	-2.498	-0.809	1.592	1.904	-0.411	1.057
MIR4999_5P MIR4999_5P	-1.797	0.371	0.524	-1.006	0.249	-2.363	0.371	2.069	0.920	1.164	-0.730
MIR6865_5P MIR6865_5P	1.456	0.814	-0.416	-1.034	-1.570	-2.404	-0.247	1.112	0.814	-0.247	0.364
MIR6770_5P MIR6770_5P	-1.635	0.620	0.491	0.379	-0.881	-2.799	0.766	2.019	1.531	-0.548	-0.544
YGCANTGCR_UNKNOWN YGCANTGCR_UNKNOWN	-0.566	0.749	1.409	-1.298	0.945	-3.295	-0.566	0.945	1.165	-0.412	-0.563
AHRARNT_01 AHRARNT_01	-0.800	-1.034	0.274	0.274	1.246	-2.059	-1.655	1.028	2.334	-0.453	0.837
MIR6813_5P MIR6813_5P	1.593	2.598	0.820	-0.958	-0.300	-1.657	-0.958	-0.300	-0.300	-0.300	-0.547
MIR4659B_5P MIR4659B_5P	-1.737	0.269	0.558	-1.302	0.269	-1.302	-0.336	4.254	0.398	0.398	-0.334
MIR593_3P MIR593_3P	-0.800	0.380	-0.330	-0.453	-1.655	-2.543	0.380	2.030	1.028	-0.453	1.754
MIR4764_3P MIR4764_3P	-0.390	2.117	0.560	-0.909	-0.909	-2.819	-0.240	0.560	-0.240	-0.390	1.379
MIR5580_5P MIR5580_5P	0.959	0.301	-0.301	-0.597	-1.076	-3.749	0.426	2.366	0.577	0.301	-0.299
MIR890 MIR890	-1.277	0.997	0.771	-0.476	-0.939	-2.262	-1.277	0.997	1.858	0.412	0.578
MIR1276 MIR1276	-0.468	0.344	0.577	-0.354	-0.354	-4.344	0.344	2.526	0.577	0.577	-0.771
MIR9500 MIR9500	-1.123	0.690	0.417	0.690	-0.692	-3.726	0.858	1.728	-0.888	0.690	0.312
MIR326 MIR326	-0.625	0.860	0.273	-0.331	0.384	-3.436	0.273	2.792	0.860	-0.625	-0.826
MIR346 MIR346	0.463	1.187	2.253	-1.485	-0.710	-2.106	-0.471	-1.038	0.301	0.664	0.667
MIR4705 MIR4705	-0.264	-0.377	1.499	-1.230	-0.264	-4.016	-0.523	1.013	0.807	0.627	0.475
MIR657 MIR657	-0.301	-0.301	0.301	-0.710	0.906	-1.485	3.137	1.506	-0.710	-1.038	-1.034
MIR4779 MIR4779	-0.502	0.339	1.376	-1.754	-0.502	-2.664	0.597	0.943	1.895	-0.868	0.460
GGTGAAG_MIR412 GGTGAAG_MIR412	-1.151	0.970	0.970	-0.489	-0.489	-2.570	-0.762	2.036	0.478	-0.301	0.480
MIR5699_3P MIR5699_3P	-1.012	1.223	1.223	-2.070	-0.288	-2.070	-0.288	0.936	1.223	-0.288	-0.287
MIR302F MIR302F	-0.484	-0.370	1.845	-0.977	0.325	-3.493	-0.484	2.099	-0.278	0.828	-0.368
MIR671_5P MIR671_5P	-0.595	1.352	-0.795	-0.595	0.291	-3.365	-0.311	2.204	1.115	-0.436	0.293
MIR8055 MIR8055	-0.753	1.119	-0.505	-1.090	-1.090	-1.548	0.276	0.850	3.478	-0.327	0.278
ATF_B ATF_B	0.325	0.542	2.099	-0.784	-0.370	-4.097	-0.620	0.677	0.325	1.184	-0.480
MIR5193 MIR5193	0.631	-0.425	2.093	-1.712	0.284	-3.543	-0.425	0.382	0.631	0.284	0.961
MIR3171 MIR3171	-0.541	1.349	0.797	-0.354	0.254	-3.192	-1.143	1.349	-0.354	0.797	-0.353
MIR6814_5P MIR6814_5P	-0.737	1.302	0.837	-0.262	0.481	-3.596	-1.702	0.344	0.481	0.481	0.841
MIR3085_3P MIR3085_3P	-0.370	-0.266	2.495	-0.666	-0.666	-3.255	0.339	1.376	0.759	-0.868	0.341
MIR4436B_3P MIR4436B_3P	-1.593	-0.909	2.370	-0.334	-0.667	-1.213	-0.667	-0.334	0.928	0.270	2.378
MIR133A_5P MIR133A_5P	-0.256	0.998	-0.671	0.800	0.351	-2.303	0.627	2.328	-0.499	-0.256	-2.297
MIR503_5P MIR503_5P	-0.506	0.384	0.945	-0.348	0.384	-2.329	0.384	3.279	-0.348	-0.348	-1.762
MIR4728_3P MIR4728_3P	-0.737	0.481	1.056	-0.381	-0.262	-3.596	0.344	2.545	0.481	-0.536	-0.534
PRMT5_TARGET_GENES PRMT5_TARGET_GENES	-0.537	-0.537	1.404	-1.028	0.359	-1.826	-1.028	1.135	2.758	0.359	-0.748
MIR3922_3P MIR3922_3P	-0.918	0.594	0.426	-1.251	-0.659	-1.678	0.793	3.462	0.290	0.594	-0.914
MIR3157_5P MIR3157_5P	-0.650	1.190	0.559	-0.465	-0.650	-2.634	0.952	0.405	2.070	-1.566	0.282
CYTAGCAAY_UNKNOWN CYTAGCAAY_UNKNOWN	0.292	1.249	3.301	-0.956	-0.310	-2.309	-0.956	0.675	-0.424	0.399	-0.739
AAAGGAT_MIR501 AAAGGAT_MIR501	0.578	-0.292	0.432	-0.412	0.311	-4.131	-1.002	0.432	2.284	0.432	0.313
MIR661 MIR661	-0.530	0.417	-0.398	-0.888	-0.692	-2.566	-0.692	1.728	2.905	0.417	0.419
CGTSACG_PAX3_B CGTSACG_PAX3_B	-0.696	0.903	0.903	-0.391	-0.284	-4.044	-0.527	1.567	-0.391	-0.391	1.108
AAACCAC_MIR140 AAACCAC_MIR140	0.380	0.701	0.261	-0.929	0.380	-3.482	0.261	1.678	0.380	-1.236	1.140
MIR376C_3P MIR376C_3P	-0.424	0.845	1.249	0.292	-0.956	-4.153	-0.310	1.249	-0.310	-0.424	0.850
MIR6776_5P MIR6776_5P	-0.290	-0.432	0.312	-0.623	0.312	-2.880	-0.432	0.456	-0.290	-0.290	4.067
MIR4302 MIR4302	-1.145	0.351	0.477	-0.499	1.462	-3.542	-0.256	1.218	-0.256	-0.671	1.224
