GO	[-6.16 -0.55]	[-0.55 -0.44]	[-0.44 -0.20]	[-0.20 -0.09]	[-0.09 -0.01]	[-0.01 0.00]	[0.00 0.08]	[0.08 0.17]	[0.17 0.33]	[0.33 0.81]	[0.81 8.56]
MODULE_92 MODULE_92	0.709	2.725	-0.544	-1.845	-4.113	7.503	-1.181	-5.020	-1.181	-0.293	1.843
MODULE_152 MODULE_152	-3.210	-5.176	1.790	-0.264	0.628	-0.948	2.779	1.250	1.790	0.341	-4.009
MODULE_298 MODULE_298	-1.079	4.299	-0.241	-1.079	-1.079	6.067	-1.079	-1.079	-1.079	-1.079	-0.238
MODULE_244 MODULE_244	-4.705	-2.433	1.980	2.835	1.980	-1.696	0.738	0.900	1.279	-1.696	-2.008
MODULE_68 MODULE_68	-1.079	4.299	-0.521	-1.079	-1.079	6.067	-0.521	-1.079	-1.079	-1.079	-0.238
MODULE_124 MODULE_124	-1.258	-2.241	0.426	1.908	1.290	-0.463	-0.313	4.434	0.594	-2.241	-3.972
MODULE_289 MODULE_289	0.628	3.551	0.472	-2.556	-2.556	2.779	-2.026	-0.948	-2.026	-0.378	2.127
MODULE_159 MODULE_159	-2.409	-1.746	0.501	0.501	4.054	-0.616	3.086	0.501	-0.267	-1.257	-3.349
MODULE_274 MODULE_274	3.486	2.590	0.325	-1.285	-1.778	0.679	-2.446	-1.778	-2.446	-0.278	1.842
MODULE_183 MODULE_183	-1.245	-1.245	0.422	2.750	1.170	0.422	1.882	1.170	-2.703	-1.825	-2.684
MODULE_126 MODULE_126	-1.918	-2.301	0.408	1.184	2.133	-1.918	3.028	1.184	0.992	-0.842	-3.800
MODULE_180 MODULE_180	4.806	2.340	-3.810	-0.833	-0.445	-1.104	-0.616	-1.854	-0.616	-0.312	2.039
MODULE_433 MODULE_433	1.693	-0.287	0.315	-0.740	-2.536	3.034	-1.125	-2.536	-1.682	0.498	2.123
MODULE_113 MODULE_113	0.593	2.910	-1.521	-0.439	-2.581	0.593	-1.521	-1.521	-1.989	1.836	2.945
MODULE_382 MODULE_382	0.323	0.607	-0.280	-1.162	-1.162	7.549	-1.162	-1.162	-1.162	0.323	-0.276
MODULE_36 MODULE_36	-0.712	-2.619	0.531	2.571	1.237	-3.157	2.571	1.030	0.531	-1.151	-2.587
MODULE_62 MODULE_62	-2.706	-2.706	2.224	0.539	0.737	-0.774	1.235	0.969	0.969	0.245	-3.681
MODULE_239 MODULE_239	-1.939	-1.516	0.262	2.922	1.897	-0.890	1.897	0.872	0.515	-2.459	-2.433
MODULE_146 MODULE_146	0.874	3.128	-0.774	-1.056	-2.444	2.347	-2.444	-1.414	-0.555	-0.260	1.697
MODULE_125 MODULE_125	-1.093	-1.827	0.239	1.372	2.283	-1.827	2.283	-0.651	0.684	-0.374	-1.815
MODULE_158 MODULE_158	-1.059	-1.786	0.253	1.041	2.903	-1.786	1.865	-0.626	0.716	-0.355	-1.773
MODULE_97 MODULE_97	-0.477	-2.274	0.411	1.259	1.259	-1.717	1.548	1.548	0.278	-0.325	-4.014
MODULE_316 MODULE_316	0.999	2.019	-0.423	-0.649	-2.912	0.738	-2.005	-0.964	-1.398	0.999	2.042
MODULE_122 MODULE_122	2.725	0.855	1.279	-2.532	-2.048	0.391	-1.304	-0.443	-0.788	-1.304	2.763
MODULE_182 MODULE_182	-0.349	-2.342	0.384	1.198	1.198	-1.777	1.477	1.198	0.384	0.258	-4.097
MODULE_91 MODULE_91	-1.536	-1.536	-0.862	3.511	0.614	-0.862	0.614	1.334	0.614	-0.477	-1.525
MODULE_352 MODULE_352	-0.705	-0.705	0.706	4.283	1.822	-0.705	-0.705	-0.273	-0.705	-0.705	-0.700
MODULE_234 MODULE_234	1.656	0.664	0.945	-1.435	-0.923	0.435	-2.244	-0.923	-1.435	-0.349	3.090
MODULE_28 MODULE_28	-1.328	-1.328	-0.703	2.776	0.479	-1.328	0.479	1.649	0.794	-0.363	-1.319
MODULE_375 MODULE_375	0.942	2.561	-0.248	-1.512	-1.512	1.496	-2.744	-0.557	-1.106	-0.378	1.845
MODULE_139 MODULE_139	3.700	3.217	-2.335	-0.845	-0.244	-0.845	-1.203	-0.845	-0.244	-0.579	0.548
MODULE_149 MODULE_149	-1.536	-0.862	0.359	-0.250	2.883	-1.536	2.308	-0.250	0.614	-0.477	-1.525
MODULE_430 MODULE_430	-2.286	-2.286	0.637	0.245	-0.601	-0.601	0.911	0.911	2.481	0.911	-1.457
MODULE_111 MODULE_111	1.961	1.208	-0.597	-1.264	-1.000	0.274	-2.386	-1.578	-1.000	1.438	2.936
MODULE_237 MODULE_237	-1.575	-1.575	1.459	2.756	-1.038	-1.575	1.114	0.815	0.362	0.362	-1.561
MODULE_57 MODULE_57	-0.980	-2.328	0.877	0.877	1.192	-1.505	0.397	1.192	1.192	-0.382	-2.311
MODULE_403 MODULE_403	-1.160	-1.911	-0.228	1.273	3.804	-1.911	-0.228	0.920	-0.412	-0.228	-0.696
MODULE_87 MODULE_87	-1.093	-1.827	0.239	0.239	2.283	-0.651	2.815	0.684	0.239	-0.651	-1.815
MODULE_292 MODULE_292	1.961	0.451	0.958	0.451	-1.520	0.451	-4.509	-0.927	-1.195	1.174	0.782
MODULE_157 MODULE_157	0.742	1.195	-1.196	-2.050	-0.654	0.954	-1.575	-1.196	-0.893	1.464	2.841
MODULE_484 MODULE_484	-1.744	-1.744	1.084	0.268	-0.600	-0.600	0.749	1.084	1.932	0.476	-1.732
MODULE_197 MODULE_197	-1.728	-1.414	-0.320	0.381	2.114	-0.722	0.498	2.703	1.597	-1.145	-2.063
MODULE_324 MODULE_324	2.727	2.069	-2.291	-1.448	-1.448	0.361	0.361	-1.830	0.361	0.822	0.371
MODULE_153 MODULE_153	-0.408	2.576	-0.408	-0.766	-0.766	2.576	-1.411	-1.411	-0.766	0.427	0.724
MODULE_278 MODULE_278	-1.411	-1.411	0.427	0.716	2.013	-1.411	2.013	-0.766	0.427	0.215	-0.759
MODULE_332 MODULE_332	-0.393	-1.869	1.322	-0.393	1.322	0.959	0.959	0.959	-1.126	-1.126	-1.856
MODULE_491 MODULE_491	-1.681	-3.288	1.601	-0.845	0.538	-0.384	0.996	0.996	0.749	0.749	-1.188
MODULE_308 MODULE_308	-0.649	-1.398	0.519	0.999	0.342	-0.964	1.640	1.640	0.738	-0.964	-2.892
MODULE_105 MODULE_105	-2.787	-2.365	0.340	0.442	2.381	-1.140	2.113	0.442	0.694	0.340	-0.726
MODULE_130 MODULE_130	3.987	0.199	0.199	-0.434	-0.954	0.199	0.199	-0.954	-0.954	-0.954	1.293
MODULE_201 MODULE_201	1.097	2.855	0.521	-0.811	-0.811	1.097	-1.297	-0.811	-2.077	0.521	-0.486
MODULE_261 MODULE_261	-0.717	-1.777	0.384	1.787	1.477	-1.777	1.477	0.948	0.384	-0.988	-1.757
MODULE_199 MODULE_199	1.506	0.845	0.379	-1.009	-1.009	-2.369	-1.540	-0.235	-0.400	0.845	1.925
MODULE_330 MODULE_330	0.978	3.241	-0.581	-0.581	-0.581	0.607	-1.162	-1.162	-1.162	0.607	0.327
MODULE_58 MODULE_58	4.359	0.235	0.235	-0.379	-0.871	-0.379	0.235	-0.871	-0.871	-0.871	0.938
MODULE_545 MODULE_545	-0.829	0.566	-0.351	-0.351	-0.351	4.566	0.566	-0.829	0.256	-0.829	-0.824
MODULE_273 MODULE_273	-1.366	-0.867	0.721	1.764	0.286	-1.366	1.367	0.476	1.018	-0.536	-2.146
MODULE_171 MODULE_171	1.386	-0.284	2.230	-0.284	-0.722	0.319	-3.676	-1.217	-0.945	1.149	0.594
MODULE_164 MODULE_164	0.728	3.034	-1.682	-0.740	-1.125	1.327	-1.682	0.728	-0.740	0.315	-0.282
MODULE_357 MODULE_357	1.560	2.705	-0.868	-0.868	-1.714	1.560	-0.868	-1.230	-0.398	-0.597	0.737
MODULE_307 MODULE_307	-1.037	-1.037	0.726	-1.037	-0.492	-0.492	0.397	2.252	1.149	0.726	-1.030
MODULE_154 MODULE_154	1.775	2.155	-1.554	-0.756	-1.554	1.775	-0.756	-1.095	-0.328	-0.507	0.631
MODULE_297 MODULE_297	1.560	2.291	-0.868	-0.868	-1.714	1.909	-0.868	-1.230	-0.398	-0.597	0.737
MODULE_42 MODULE_42	-0.492	-0.492	1.149	-0.492	2.252	-1.037	1.660	-0.492	0.397	-1.037	-1.030
MODULE_329 MODULE_329	0.301	3.903	-0.301	-1.331	-0.514	0.751	-1.331	-0.839	-1.331	0.498	0.761
MODULE_22 MODULE_22	-1.126	-1.126	0.959	0.654	2.729	-1.126	0.654	0.225	0.409	-0.393	-1.856
MODULE_115 MODULE_115	-1.120	-0.551	-0.260	-0.260	2.679	-1.120	2.055	-0.260	0.346	-0.260	-1.112
MODULE_303 MODULE_303	-1.162	-1.162	0.978	1.964	0.323	-1.162	0.323	0.323	0.978	-0.280	-1.154
MODULE_445 MODULE_445	-0.622	4.788	0.396	-0.223	-0.622	-0.223	-0.622	-0.622	-0.622	-0.223	0.399
MODULE_400 MODULE_400	1.057	1.057	-0.788	-0.788	-0.788	2.271	-0.788	-0.788	-0.325	0.608	-0.321
MODULE_568 MODULE_568	-1.491	-3.037	1.190	-0.712	0.665	-0.302	0.665	1.190	0.665	0.665	-1.029
MODULE_497 MODULE_497	0.928	0.572	-1.203	-1.203	-0.611	0.302	-1.203	-0.300	-0.300	0.302	3.137
MODULE_277 MODULE_277	-2.286	-0.951	0.637	1.234	1.604	-0.366	0.637	0.911	0.245	-0.951	-1.457
MODULE_410 MODULE_410	0.646	-0.234	-0.234	-0.830	-1.494	0.646	-0.234	-1.494	0.646	-0.830	3.006
MODULE_208 MODULE_208	1.539	0.486	1.277	0.486	-0.929	0.486	-3.175	-0.929	-1.567	1.041	0.361
MODULE_81 MODULE_81	-0.829	-0.351	-0.351	0.256	3.676	-0.829	1.522	-0.351	-0.351	-0.351	-0.824
MODULE_323 MODULE_323	-2.494	-1.096	1.743	1.040	1.743	-0.274	0.330	-0.274	-0.274	-1.096	-0.446
MODULE_350 MODULE_350	-1.540	-1.540	-0.647	1.506	-0.235	-1.540	0.587	0.845	0.845	1.506	-0.638
MODULE_358 MODULE_358	-0.579	-1.681	0.366	1.281	0.996	-0.845	1.601	0.749	0.538	-0.845	-2.315
MODULE_387 MODULE_387	0.333	3.503	-0.271	-1.262	-0.472	0.545	-1.262	-0.784	-1.262	0.545	0.825
MODULE_86 MODULE_86	-1.059	-1.059	-0.355	-0.355	1.425	-0.355	1.041	2.359	-0.355	0.253	-1.773
MODULE_321 MODULE_321	-0.723	-1.292	-0.723	0.861	0.861	-2.789	-0.253	0.664	2.610	0.355	-0.361
MODULE_121 MODULE_121	0.384	0.948	0.541	-1.335	-1.777	0.948	-1.335	-0.988	-0.717	1.477	1.500
MODULE_368 MODULE_368	0.304	3.186	-0.298	-0.746	-0.746	1.129	-0.746	-0.746	-0.298	-0.298	0.307
MODULE_106 MODULE_106	-0.200	1.489	0.434	0.434	-0.580	-0.580	-0.580	-0.580	-0.580	-0.580	2.225
MODULE_162 MODULE_162	1.057	3.022	-0.788	-0.788	-0.788	0.279	-0.325	-0.325	0.279	-0.788	0.282
MODULE_388 MODULE_388	-0.705	-0.705	-0.273	0.706	1.822	-0.705	0.706	1.207	-0.273	-0.705	-0.700
MODULE_470 MODULE_470	-0.663	0.362	-0.248	-0.248	-0.663	0.762	-0.663	-0.663	-0.663	2.698	0.768
MODULE_519 MODULE_519	-0.622	-0.223	-0.622	-0.223	-0.223	-0.622	-0.223	0.823	3.775	-0.622	-0.221
MODULE_25 MODULE_25	-0.539	-0.177	1.603	-0.539	1.603	-0.539	-0.177	-0.539	0.967	-0.539	-0.535
MODULE_21 MODULE_21	-0.414	-0.414	-0.414	-0.414	-0.414	-0.414	0.640	0.640	2.979	0.211	-0.412
