GO	[-2.86 -0.23]	[-0.23 -0.14]	[-0.14 -0.09]	[-0.09 -0.05]	[-0.05 -0.02]	[-0.02 0.02]	[0.02 0.05]	[0.05 0.10]	[0.10 0.15]	[0.15 0.23]	[0.23 1.86]
GNF2_EIF3S6 GNF2_EIF3S6	2.345	2.345	3.321	1.529	-0.554	-0.849	-1.264	-2.743	-1.853	-0.849	-2.694
GNF2_FBL GNF2_FBL	2.607	2.194	2.607	0.467	0.311	-0.292	-0.665	-3.521	-1.848	-0.665	-3.457
GNF2_ST13 GNF2_ST13	4.010	1.236	2.174	0.318	-0.530	-0.285	-0.936	-1.634	-1.634	-0.936	-1.605
MORF_EIF3S6 MORF_EIF3S6	3.241	0.298	2.761	-0.723	-0.304	0.669	0.462	-3.088	-1.518	-1.059	-1.025
MORF_ANP32B MORF_ANP32B	2.381	1.073	2.786	-0.454	-0.656	0.298	0.828	-2.260	-1.260	-1.260	-1.647
MORF_JUND MORF_JUND	2.422	1.402	2.422	-0.235	-1.507	-0.235	-0.457	-0.837	-0.837	-0.837	-1.480
GNF2_DAP3 GNF2_DAP3	2.345	1.185	1.185	0.421	0.629	-0.347	-2.743	-1.853	-0.347	-0.347	-1.811
MORF_PPP1CA MORF_PPP1CA	3.344	1.879	-0.421	-1.052	-0.249	-0.249	0.361	-1.597	-1.597	-1.052	0.588
MODULE_81 MODULE_81	3.259	-0.374	-0.374	-0.374	-0.374	0.239	0.711	-0.374	0.239	-0.374	-0.367
