GO	[-5.84 -0.54]	[-0.54 -0.29]	[-0.29 -0.15]	[-0.15 -0.05]	[-0.05 0.00]	[0.00 0.03]	[0.03 0.14]	[0.14 0.28]	[0.28 0.55]	[0.55 1.08]	[1.08 8.49]
SGCGSSAAA_E2F1DP2_01 SGCGSSAAA_E2F1DP2_01	-1.302	2.273	3.220	1.994	1.489	-2.839	-0.648	-0.276	-0.648	-2.363	-1.973
SREBP1_01 SREBP1_01	-1.717	-2.500	1.594	2.693	0.788	-1.717	1.153	1.153	0.961	-1.405	-2.522
GGCNKCCATNK_UNKNOWN GGCNKCCATNK_UNKNOWN	-1.165	0.263	1.601	2.914	0.681	-1.930	1.333	1.090	-1.165	-3.910	-1.177
GCGNNANTTCC_UNKNOWN GCGNNANTTCC_UNKNOWN	-0.537	0.459	2.054	0.790	-0.388	-3.232	0.790	0.612	1.753	-0.963	-4.086
NRSF_01 NRSF_01	1.259	-2.997	0.280	-0.940	0.773	1.259	-1.710	-1.710	-0.677	0.773	2.566
TMTCGCGANR_UNKNOWN TMTCGCGANR_UNKNOWN	-1.536	-0.463	4.087	1.336	0.470	-1.536	0.757	1.336	-1.536	-0.783	-1.898
HNF3_Q6 HNF3_Q6	0.533	-0.285	-2.147	-2.550	0.666	0.533	-3.539	0.417	1.373	1.830	0.970
GATA_Q6 GATA_Q6	0.695	-0.920	-1.376	-3.244	0.342	1.401	-1.376	1.015	0.561	-0.739	3.232
KCCGNSWTTT_UNKNOWN KCCGNSWTTT_UNKNOWN	-0.889	0.743	0.560	2.080	0.743	-2.042	0.955	1.758	-1.568	-2.042	-1.202
YNTTTNNNANGCARM_UNKNOWN YNTTTNNNANGCARM_UNKNOWN	-0.288	-2.072	-1.455	-0.688	-1.012	2.750	-1.455	0.315	1.226	0.938	1.215
CCGNMNNTNACG_UNKNOWN CCGNMNNTNACG_UNKNOWN	-0.382	0.750	0.997	1.954	-0.577	-1.676	0.997	0.540	0.367	-3.279	-1.208
GGAANCGGAANY_UNKNOWN GGAANCGGAANY_UNKNOWN	-2.708	1.399	1.999	1.399	-0.345	-0.685	0.703	0.381	-0.345	-0.685	-2.725
XBP1_01 XBP1_01	-0.265	-0.512	0.613	-2.900	0.785	-2.339	2.984	0.785	-0.512	0.613	-0.520
MEIS1BHOXA9_01 MEIS1BHOXA9_01	1.695	-0.834	-0.637	-3.198	1.438	-0.834	-1.363	-0.349	0.484	0.989	1.421
E2F_Q2 E2F_Q2	-1.011	0.853	-0.806	3.429	-0.277	-1.857	1.672	0.853	-0.634	-0.806	-1.266
HMEF2_Q6 HMEF2_Q6	2.077	-0.784	-0.594	-1.297	-1.016	2.387	-2.037	-0.594	-0.441	0.855	1.262
AAGWWRNYGGC_UNKNOWN AAGWWRNYGGC_UNKNOWN	-0.677	0.663	1.065	3.247	0.254	-0.496	1.065	-0.677	-0.496	-2.480	-1.548
GGCNNMSMYNTTG_UNKNOWN GGCNNMSMYNTTG_UNKNOWN	-1.549	-0.505	0.621	2.154	0.429	-1.091	1.774	0.852	-0.327	-0.753	-2.193
CAGNWMCNNNGAC_UNKNOWN CAGNWMCNNNGAC_UNKNOWN	1.026	-1.420	0.267	-0.730	0.405	2.320	-1.934	-1.420	-0.730	0.577	1.595
ETF_Q6 ETF_Q6	-1.099	2.006	0.291	0.939	-1.433	-0.829	2.006	0.939	-0.613	-1.845	-0.449
ATGGYGGA_UNKNOWN ATGGYGGA_UNKNOWN	-0.290	0.612	1.872	-1.488	2.569	-1.120	0.612	0.312	-0.424	-1.488	-1.131
RTTTNNNYTGGM_UNKNOWN RTTTNNNYTGGM_UNKNOWN	2.141	-2.981	-0.357	-0.635	-0.481	-0.357	-1.319	1.138	-0.357	1.138	0.748
