GO	[-7.55 -0.91]	[-0.91 -0.58]	[-0.58 -0.35]	[-0.35 -0.15]	[-0.15 0.00]	[0.00 0.01]	[0.01 0.22]	[0.22 0.46]	[0.46 0.81]	[0.81 1.72]	[1.72 23.61]
MORF_DAP3 MORF_DAP3	1.524	6.186	2.843	3.482	-0.408	-6.830	-0.408	0.498	-2.227	-4.258	-8.198
MORF_ANP32B MORF_ANP32B	-0.437	2.735	5.179	5.179	0.587	-6.951	0.465	0.271	-1.099	-5.079	-8.325
MORF_NPM1 MORF_NPM1	0.396	3.547	2.853	5.582	0.520	-6.759	0.520	0.293	-2.178	-5.517	-6.799
MORF_MAP2K2 MORF_MAP2K2	1.050	5.259	2.428	3.926	0.663	-5.499	-1.106	0.374	-2.807	-5.499	-5.531
MORF_CTBP1 MORF_CTBP1	-0.635	3.275	2.315	6.102	-0.268	-5.754	0.577	0.726	-0.815	-5.754	-7.053
MORF_FBL MORF_FBL	0.538	5.187	4.737	2.767	0.696	-5.835	-0.580	-0.580	-3.070	-3.070	-5.868
MORF_HAT1 MORF_HAT1	-1.139	5.287	2.702	2.114	1.156	-7.265	0.635	0.635	-0.911	-3.563	-7.307
MORF_G22P1 MORF_G22P1	-0.405	4.574	3.447	3.807	0.823	-5.913	-0.301	0.301	-1.366	-4.160	-7.222
MORF_NME2 MORF_NME2	3.891	3.152	1.897	2.182	0.259	-6.465	0.617	-0.348	-1.993	-6.465	-4.351
MORF_RPA2 MORF_RPA2	-0.285	2.955	3.960	1.837	0.533	-5.699	0.667	2.651	-3.547	-4.865	-5.740
MORF_EI24 MORF_EI24	0.497	4.555	2.984	3.732	0.646	-5.961	-0.465	-0.465	-1.056	-4.770	-5.995
MORF_ACTG1 MORF_ACTG1	0.731	1.615	3.600	4.862	0.311	-5.751	0.917	-0.406	-1.958	-4.574	-5.784
MORF_EIF3S6 MORF_EIF3S6	-1.188	0.853	3.661	7.067	0.853	-5.080	0.365	0.664	-1.961	-3.954	-5.109
MORF_PRKDC MORF_PRKDC	0.335	1.893	2.153	4.053	0.558	-6.630	0.851	1.424	-1.190	-4.090	-7.986
MORF_PSMC1 MORF_PSMC1	1.650	3.697	1.424	1.650	0.558	-7.940	1.424	-1.190	0.438	-4.794	-5.664
GNF2_FBL GNF2_FBL	-0.515	3.916	1.608	2.168	1.360	-6.129	1.608	-0.274	-1.433	-3.304	-6.164
MORF_PPP1CA MORF_PPP1CA	1.083	3.630	1.292	1.519	0.577	-7.012	1.519	-0.815	0.447	-4.799	-5.792
GNF2_DAP3 GNF2_DAP3	-1.144	3.362	2.257	1.117	0.896	-3.877	2.257	0.700	-1.485	-4.996	-5.025
MORF_CDC10 MORF_CDC10	-3.270	-0.370	0.763	3.205	-0.266	-4.887	1.638	3.969	1.157	-1.761	-6.122
MORF_ERH MORF_ERH	2.130	4.536	2.130	1.519	-0.567	-4.786	0.323	0.323	-1.763	-3.685	-4.814
MORF_RFC4 MORF_RFC4	-0.959	2.980	3.335	1.494	0.293	-6.297	0.529	1.494	-0.424	-2.320	-6.333
MORF_AP3D1 MORF_AP3D1	-1.065	1.877	1.877	4.474	-0.320	-4.263	0.397	1.877	-0.448	-4.263	-5.446
MORF_RAD21 MORF_RAD21	-0.479	0.710	1.705	2.825	0.442	-7.476	1.959	0.872	0.567	-2.645	-6.232
MORF_RAD23B MORF_RAD23B	1.114	1.545	0.757	2.051	0.926	-7.349	0.926	0.269	0.926	-3.628	-6.112
MORF_PAPSS1 MORF_PAPSS1	-2.471	1.347	0.650	4.910	-0.269	-4.284	0.335	3.944	-0.791	-1.892	-4.309
MORF_PPP1CC MORF_PPP1CC	0.260	3.724	2.386	1.126	0.470	-6.928	0.758	0.758	-0.463	-2.755	-5.713
GCM_RAB10 GCM_RAB10	-5.913	-0.879	2.180	3.447	0.301	-4.948	0.664	3.104	0.823	-0.405	-3.530
MORF_TPT1 MORF_TPT1	0.669	1.997	1.997	3.557	0.347	-4.242	0.669	0.347	-1.861	-4.242	-4.267
GNF2_EIF3S6 GNF2_EIF3S6	0.377	3.309	2.216	2.557	0.874	-5.038	0.377	0.263	-1.511	-3.095	-5.067
MORF_PPP2CA MORF_PPP2CA	-2.135	0.928	1.657	4.158	0.301	-4.186	0.928	1.948	0.301	-3.343	-5.362
GCM_MYST2 GCM_MYST2	-1.345	0.310	3.146	1.680	1.022	-5.873	0.841	1.222	1.022	-1.651	-7.180
MORF_RAB1A MORF_RAB1A	-0.786	1.400	-0.277	4.758	1.006	-5.661	1.400	0.427	0.681	-1.777	-6.714
GCM_ACTG1 GCM_ACTG1	0.343	1.791	4.405	1.509	0.473	-5.163	0.343	0.630	-0.945	-2.547	-5.193
MORF_EIF4A2 MORF_EIF4A2	-1.563	0.917	2.514	2.514	0.428	-4.574	0.428	2.193	0.428	-2.432	-5.784
MORF_PTPN11 MORF_PTPN11	-0.465	6.084	0.956	-0.465	0.744	-4.493	-0.651	2.433	-0.322	-2.044	-4.519
GCM_NPM1 GCM_NPM1	1.224	2.790	4.469	0.988	-0.582	-4.828	-0.582	0.440	-0.582	-2.920	-3.749
MODULE_92 MODULE_92	-0.402	-1.478	-3.371	-1.838	0.423	6.971	-2.263	-2.769	0.423	1.550	3.033
MORF_UBE2N MORF_UBE2N	-0.897	3.550	0.819	0.819	1.623	-3.950	0.614	0.819	-0.301	-3.950	-3.973
GCM_UBE2N GCM_UBE2N	-0.776	-0.594	3.609	1.691	0.502	-4.246	0.502	0.813	1.962	-1.571	-6.418
MORF_DEAF1 MORF_DEAF1	1.154	3.353	4.512	1.154	-0.398	-2.365	-2.365	-1.537	-0.645	-1.537	-2.379
GCM_APEX1 GCM_APEX1	-0.271	1.552	2.518	2.518	0.468	-4.745	0.333	0.468	-0.271	-2.850	-4.772
MODULE_152 MODULE_152	3.153	2.779	2.426	-0.376	0.811	-2.547	-0.711	-0.263	-0.945	-2.019	-5.193
MORF_PRDX3 MORF_PRDX3	-0.313	3.285	2.841	1.692	0.436	-3.532	-0.691	0.436	-0.691	-2.551	-3.553
GCM_MLL GCM_MLL	-0.895	0.806	2.435	0.806	-0.704	-4.195	2.147	2.147	0.393	-1.121	-5.992
MORF_DNMT1 MORF_DNMT1	-0.613	1.425	3.072	0.563	-0.311	-4.912	0.941	1.705	-0.443	-1.100	-4.940
GNF2_DDX5 GNF2_DDX5	-1.749	-2.615	0.288	0.460	1.990	-2.615	3.395	0.940	1.598	-1.182	-2.630
MORF_CCNI MORF_CCNI	-1.450	-0.350	2.274	6.214	0.391	-2.663	0.559	-0.350	0.391	-1.969	-3.679
GCM_TPT1 GCM_TPT1	0.739	1.642	3.369	2.020	-0.421	-2.907	-0.263	0.343	-1.394	-2.907	-2.923
MORF_TERF2IP MORF_TERF2IP	-1.385	-0.417	1.224	2.089	0.778	-3.723	1.224	2.790	-0.290	-1.385	-4.856
GNF2_RBBP6 GNF2_RBBP6	-2.037	0.969	0.501	0.328	0.501	-2.948	3.295	0.969	1.264	-2.948	-2.965
GCM_CSNK2B GCM_CSNK2B	0.730	0.730	2.126	1.788	0.259	-4.117	0.950	0.730	-0.506	-3.075	-4.141
GNF2_HDAC1 GNF2_HDAC1	-0.931	3.097	0.909	0.909	0.381	-4.577	2.003	0.261	0.381	-1.239	-4.604
MORF_CDK2 MORF_CDK2	-1.456	1.919	1.227	2.755	1.555	-2.073	0.482	0.482	-2.990	-1.456	-3.007
CAR_HPX CAR_HPX	0.464	0.666	-2.110	-3.032	-1.488	7.240	-1.488	-0.710	-0.300	-0.471	1.852
MORF_PHB MORF_PHB	0.630	6.357	1.509	0.473	-0.263	-3.201	-0.263	0.630	-2.547	-1.233	-3.226
GNF2_XRCC5 GNF2_XRCC5	0.277	0.853	1.777	0.621	-1.092	-3.115	5.717	-0.505	-0.505	-1.550	-3.133
GNF2_APEX1 GNF2_APEX1	-0.834	2.458	0.489	1.143	1.740	-3.824	1.426	0.489	-0.589	-2.101	-3.847
MORF_JUND MORF_JUND	-1.212	0.652	1.936	3.849	0.441	-2.657	0.652	0.652	-0.810	-2.657	-2.672
MORF_TERF1 MORF_TERF1	-2.740	0.849	0.849	2.685	-0.566	-2.740	1.135	1.135	0.849	-1.857	-2.756
MORF_SART1 MORF_SART1	-1.182	1.598	1.248	5.762	-0.507	-1.749	0.460	-0.314	-0.507	-2.615	-2.630
GNF2_RAN GNF2_RAN	1.056	3.220	1.337	1.337	0.420	-3.574	0.597	-1.006	-0.711	-1.903	-3.595
MORF_TPR MORF_TPR	-0.682	1.608	0.746	0.746	0.330	-3.304	2.478	1.360	0.330	-1.433	-6.164
MORF_PSMC2 MORF_PSMC2	-0.756	0.820	0.333	3.284	1.281	-3.646	1.281	-0.392	1.037	-2.850	-3.671
MODULE_289 MODULE_289	1.019	-2.547	-2.547	-1.587	0.811	3.153	-2.019	-0.523	-1.233	0.811	3.928
MORF_RRM1 MORF_RRM1	-1.052	1.674	2.348	-0.259	-0.552	-4.242	1.113	1.379	0.493	-0.552	-4.267
MODULE_62 MODULE_62	1.865	3.957	1.535	-0.363	0.739	-1.479	-1.078	0.377	-0.771	-2.700	-3.721
GNF2_SMC4L1 GNF2_SMC4L1	-0.958	-1.337	0.860	1.408	-0.671	-3.490	0.302	2.901	2.092	0.302	-3.511
GCM_RAN GCM_RAN	-2.637	0.498	1.755	1.524	0.294	-4.972	1.113	0.771	1.755	-0.408	-3.676
MORF_IL4 MORF_IL4	-0.495	-1.493	-1.493	-1.800	-0.634	9.801	-0.997	-0.634	-0.379	0.318	1.808
MORF_PRKAR1A MORF_PRKAR1A	0.497	1.730	0.646	1.730	0.266	-4.770	0.818	0.371	1.013	-1.686	-4.802
MODULE_298 MODULE_298	-0.520	-1.077	-1.077	-1.077	0.685	5.151	-1.077	-1.077	-1.077	-0.240	2.782
GNF2_RRM1 GNF2_RRM1	-0.751	-1.969	2.670	0.391	-0.521	-3.657	-0.350	2.274	2.274	0.391	-2.681
GNF2_HCK GNF2_HCK	-1.178	-2.850	-1.178	0.325	-0.606	-2.850	-0.278	0.867	0.867	6.916	0.465
MORF_UNG MORF_UNG	0.600	3.929	1.393	0.600	0.265	-3.157	0.600	0.265	-0.775	-2.219	-3.175
MORF_RAD54L MORF_RAD54L	-0.585	3.017	0.830	1.602	0.830	-3.265	0.631	0.324	-0.280	-1.922	-4.351
MORF_RAF1 MORF_RAF1	-1.239	0.261	1.401	2.707	0.704	-2.711	1.141	1.401	-0.493	-1.239	-4.604
MORF_CUL1 MORF_CUL1	-0.987	1.264	0.714	3.804	-0.275	-2.948	0.328	1.598	-0.668	-1.425	-2.965
MODULE_68 MODULE_68	-0.520	-1.077	-1.077	-1.077	0.685	5.151	-1.077	-1.077	-1.077	0.372	2.139
MORF_BMI1 MORF_BMI1	-1.226	0.521	0.521	4.132	-0.254	-2.366	2.292	0.726	-0.865	-1.226	-3.343
GNF2_UBE2I GNF2_UBE2I	-0.650	1.374	2.816	1.374	1.374	-1.824	-0.650	0.431	-1.824	-1.824	-1.835
MORF_MTA1 MORF_MTA1	0.249	2.443	1.750	1.750	-0.360	-3.113	0.249	0.710	-0.360	-1.801	-4.183
GCM_PSME1 GCM_PSME1	-0.473	2.044	1.692	1.372	-0.313	-3.532	0.290	1.086	0.290	-1.871	-3.553
GNF2_PCNA GNF2_PCNA	-0.910	-1.928	0.792	0.373	-0.910	-2.823	-0.239	2.557	4.054	0.373	-1.943
GCM_ZNF198 GCM_ZNF198	-1.819	0.301	0.579	2.050	1.197	-4.870	0.427	1.197	1.197	-0.598	-2.978
GNF2_HPX GNF2_HPX	1.444	-0.264	-2.905	-0.904	-0.687	4.173	-2.342	-1.877	-0.512	0.614	2.609
GCM_GSPT1 GCM_GSPT1	-1.030	0.726	2.618	2.315	-0.365	-3.369	1.083	0.577	-0.268	-0.635	-4.835
MORF_DAP MORF_DAP	0.382	2.005	1.645	1.645	0.243	-3.240	0.382	-0.368	0.382	-2.293	-3.259
GNF2_CASP1 GNF2_CASP1	-1.263	-1.652	-1.263	0.886	0.513	-4.619	0.368	0.886	0.886	4.338	-0.516
GNF2_ST13 GNF2_ST13	-0.329	0.909	1.936	1.552	0.652	-2.657	1.209	0.275	-0.810	-2.657	-2.672
GNF2_FEN1 GNF2_FEN1	-0.977	-1.502	0.613	1.556	-1.502	-2.323	0.613	3.438	0.879	0.398	-2.337
CAR_IGFBP1 CAR_IGFBP1	0.589	-0.398	-2.365	-1.537	-0.645	8.021	-1.006	-0.645	-0.234	0.589	-0.404
GNF2_CENPF GNF2_CENPF	-0.762	-2.573	0.479	-0.300	-0.489	-2.573	0.479	2.484	3.476	0.479	-1.726
MORF_PPP6C MORF_PPP6C	-0.280	0.324	1.316	1.316	1.058	-4.326	1.316	-0.280	0.830	-1.922	-3.287
MORF_SNRP70 MORF_SNRP70	-1.714	0.302	1.288	4.611	-0.762	-1.714	0.703	1.288	-0.762	-0.762	-2.588
GNF2_KPNB1 GNF2_KPNB1	-0.710	1.192	0.464	-0.471	0.464	-2.110	4.173	-0.300	1.192	-2.110	-3.049
GNF2_LCAT GNF2_LCAT	0.811	0.473	-2.547	-0.945	-0.945	4.864	-2.019	-2.019	-0.376	0.630	2.072
MORF_GMPS MORF_GMPS	0.272	2.146	3.709	0.693	0.693	-2.199	-0.332	-0.556	-1.397	-1.397	-2.211
GNF2_PA2G4 GNF2_PA2G4	0.540	1.283	2.346	1.283	-0.243	-3.282	0.750	-0.577	-0.243	-1.677	-3.301
MORF_RFC1 MORF_RFC1	-1.597	1.725	0.271	0.724	1.433	-2.677	1.169	0.724	0.724	-0.910	-4.561
GNF2_CARD15 GNF2_CARD15	-0.626	-1.965	-0.935	-0.251	-0.405	-2.865	-0.405	0.540	0.540	7.056	0.352
GCM_HBP1 GCM_HBP1	-2.001	-0.961	1.302	-0.263	1.000	-2.001	1.302	2.020	1.302	-0.961	-2.923
GNF2_CCNA2 GNF2_CCNA2	-1.333	-1.333	1.066	-0.606	0.373	-2.823	-0.239	2.127	3.521	0.373	-1.943
GCM_DFFA GCM_DFFA	-1.325	0.565	1.147	0.421	0.565	-3.343	0.734	2.598	0.928	-0.779	-4.214
MODULE_248 MODULE_248	-1.045	-1.348	-1.045	-2.165	-0.436	3.682	-1.045	-1.717	1.361	2.222	1.603
MORF_MBD4 MORF_MBD4	-0.473	1.086	-0.473	0.834	0.436	-3.532	1.692	0.290	2.427	-1.871	-2.569
MORF_BECN1 MORF_BECN1	-0.601	0.312	0.613	1.567	0.448	-2.539	1.285	2.212	0.312	-1.489	-4.393
MODULE_324 MODULE_324	0.824	-1.127	-1.823	-2.839	-1.127	3.087	-0.868	-1.127	0.492	2.070	2.044
MORF_RAB5A MORF_RAB5A	-0.446	0.614	0.302	2.310	0.819	-3.950	1.623	-0.301	0.819	-2.201	-2.219
MODULE_79 MODULE_79	0.259	-1.771	-0.715	-1.771	-0.985	0.259	-1.331	-0.715	0.385	3.747	4.670
MORF_PCNA MORF_PCNA	0.314	1.445	2.535	0.314	0.886	-3.449	0.468	0.468	-0.652	-0.935	-3.469
GNF2_CDC2 GNF2_CDC2	-0.762	-1.714	0.479	-0.489	-0.300	-2.573	-0.300	2.484	4.026	0.479	-1.726
MORF_XPC MORF_XPC	-0.273	0.331	-1.643	5.454	-0.273	-1.643	1.042	0.331	0.520	-1.093	-2.504
MODULE_263 MODULE_263	-1.866	-1.124	-1.866	-0.676	0.410	3.912	-1.124	-0.392	-0.392	0.960	2.194
GNF2_HPN GNF2_HPN	1.226	0.352	-2.872	-0.886	-0.672	3.814	-1.466	-1.850	-0.672	0.479	2.652
MODULE_183 MODULE_183	-1.821	0.423	1.172	1.883	0.878	-2.698	0.878	0.262	0.878	-1.242	-2.714
GNF2_NPM1 GNF2_NPM1	-1.013	1.919	1.227	1.555	-0.288	-2.990	1.227	-0.288	0.315	-1.013	-3.007
MODULE_76 MODULE_76	-0.888	-1.254	-2.403	-1.741	-0.614	1.865	-0.888	-0.412	0.503	2.240	3.526
MORF_SP3 MORF_SP3	-1.645	-0.368	-0.368	2.400	0.243	-3.240	1.645	0.775	1.645	-0.559	-2.309
MODULE_128 MODULE_128	0.280	-1.712	-0.678	-1.712	-0.941	-0.324	-1.279	-0.678	0.413	3.879	4.323
GNF2_DNM1 GNF2_DNM1	1.157	-0.732	-1.519	-1.519	-0.732	1.823	-2.146	-0.488	-0.732	0.644	4.604
GNF2_ITGB2 GNF2_ITGB2	-2.365	-0.645	-0.398	-0.645	-0.398	-2.365	0.847	2.831	0.847	2.348	-1.015
GNF2_GSTM1 GNF2_GSTM1	0.932	0.544	-2.677	-0.668	-0.668	3.569	-2.075	-1.597	-0.668	0.544	2.361
MORF_CDC16 MORF_CDC16	0.446	1.823	0.446	0.289	0.644	-3.073	0.881	0.446	0.881	-2.146	-3.091
GNF2_CCNB2 GNF2_CCNB2	-0.645	-2.365	0.380	-0.645	0.380	-2.365	0.589	1.508	3.353	0.589	-1.548
GNF2_TIMP2 GNF2_TIMP2	-0.702	-0.411	-0.411	-1.158	-0.411	3.805	-0.702	-1.158	-1.908	0.390	3.780
MORF_USP5 MORF_USP5	0.287	1.368	1.020	0.722	1.020	-2.157	0.477	1.020	-1.363	-2.157	-2.170
GNF2_MLF1 GNF2_MLF1	-0.505	-1.030	-1.936	-1.936	0.405	5.158	-0.505	-1.422	0.267	0.578	1.932
MORF_MAP2K7 MORF_MAP2K7	-0.502	-1.556	-0.502	-1.885	-0.502	6.170	-2.264	0.421	0.318	0.318	1.624
MODULE_170 MODULE_170	0.249	-1.357	-0.733	-1.801	-1.007	-0.360	-1.007	-0.733	0.372	3.682	4.595
MORF_EIF4E MORF_EIF4E	-0.982	1.692	0.617	1.692	0.834	-2.551	0.834	0.290	0.436	-1.365	-3.553
MORF_ATOX1 MORF_ATOX1	0.969	1.248	0.353	1.248	-0.254	-3.323	0.726	-0.397	1.248	-2.366	-2.383
MODULE_146 MODULE_146	0.669	-1.052	-1.861	-1.052	0.347	2.348	-1.861	-1.052	-0.771	0.669	4.449
GNF2_G22P1 GNF2_G22P1	-0.828	1.863	1.863	1.392	0.647	-1.492	-0.234	0.381	-1.492	-1.492	-1.501
MODULE_400 MODULE_400	0.279	-0.324	-0.787	-0.787	-0.787	5.803	0.279	-0.787	-0.787	-0.787	1.051
MORF_CTSB MORF_CTSB	-1.117	-1.371	-0.560	-1.665	-0.326	7.224	-1.117	-0.326	-0.326	0.278	1.496
GCM_PFN1 GCM_PFN1	-0.300	1.058	2.777	1.058	-0.513	-2.115	0.499	0.499	-0.300	-2.115	-2.128
MORF_SMC1L1 MORF_SMC1L1	-1.714	1.288	0.703	0.479	-0.489	-2.573	1.288	2.045	-0.300	-0.300	-2.588
GNF2_TPT1 GNF2_TPT1	0.339	2.788	1.725	0.339	-0.266	-1.575	0.585	0.339	-1.575	-1.575	-1.584
GCM_DDX5 GCM_DDX5	-1.242	-0.546	0.878	2.298	-0.344	-2.698	1.507	1.507	0.423	-1.242	-1.834
GCM_SUFU GCM_SUFU	-0.541	0.579	2.055	0.397	0.254	-3.198	0.800	-0.541	1.687	-0.354	-3.217
GCM_RBM8A GCM_RBM8A	-1.226	0.726	1.248	0.726	1.562	-3.323	0.521	-0.254	1.248	-1.226	-2.383
GNF2_BNIP2 GNF2_BNIP2	-1.409	-1.409	0.216	0.216	1.515	-1.409	0.717	1.515	2.015	-0.765	-1.417
MODULE_121 MODULE_121	0.385	-0.506	-0.985	-4.117	-0.715	1.479	-1.331	-0.347	0.542	1.199	2.856
MODULE_165 MODULE_165	-0.888	-1.254	-2.403	-0.614	-0.266	4.054	-0.614	-0.412	0.940	2.648	-0.899
MORF_IKBKG MORF_IKBKG	-0.525	2.946	3.316	0.767	0.331	-0.525	-0.384	-0.273	-2.938	-1.190	-1.925
GNF2_SPRR1B GNF2_SPRR1B	-0.994	-0.994	-0.462	-0.994	1.215	3.821	-0.462	-0.994	-0.462	-0.462	1.736
MODULE_22 MODULE_22	0.226	3.912	1.323	0.226	0.655	-1.866	-0.392	0.410	-1.124	-1.124	-1.877
MORF_RPA1 MORF_RPA1	-1.093	0.520	1.372	2.617	0.758	-2.490	0.758	-0.714	-0.273	-0.452	-2.504
GNF2_HMMR GNF2_HMMR	-0.729	-1.192	0.370	-0.729	0.370	-1.949	-0.241	2.072	3.113	0.598	-1.960
GNF2_CKS2 GNF2_CKS2	-0.810	-1.294	0.783	-0.285	-0.285	-2.074	0.318	1.465	3.411	0.318	-2.086
GNF2_RFC4 GNF2_RFC4	-1.093	0.331	0.758	0.331	-0.452	-2.490	0.758	2.617	1.372	-0.714	-2.504
GNF2_MYL3 GNF2_MYL3	-0.671	-0.671	-0.671	-1.285	1.243	2.272	-1.285	-0.671	-0.671	-0.341	3.542
MORF_FEN1 MORF_FEN1	0.423	1.883	1.507	0.423	0.628	-2.698	0.423	0.628	-0.835	-1.242	-2.714
MODULE_244 MODULE_244	0.270	0.596	0.902	1.730	-0.916	-3.991	0.740	1.083	1.496	-1.687	-2.055
GNF2_GLTSCR2 GNF2_GLTSCR2	1.243	1.723	0.837	0.837	0.509	-1.285	-1.285	0.509	-1.285	-1.285	-1.292
GNF2_MMP11 GNF2_MMP11	-0.599	-0.335	-0.335	-1.024	-0.335	4.256	-0.599	-1.024	-1.741	-0.335	2.977
MODULE_77 MODULE_77	0.324	3.980	1.966	-0.279	-0.279	-1.160	-0.279	-0.279	-1.160	-1.160	-1.167
MODULE_375 MODULE_375	1.205	-2.035	-2.035	-0.792	0.523	1.498	-1.507	-0.377	-1.103	0.944	2.948
MORF_CDH4 MORF_CDH4	-0.273	-1.904	-0.273	-1.904	-0.923	5.457	-1.190	-0.384	-0.384	1.415	0.753
MODULE_316 MODULE_316	1.000	-2.001	-1.394	-0.263	-0.421	1.302	-2.001	0.343	-1.394	0.739	3.342
MODULE_239 MODULE_239	-1.511	-0.482	0.263	-0.482	1.898	-3.915	2.216	1.092	0.377	0.682	-1.528
GNF2_EGFR GNF2_EGFR	0.247	0.247	-0.702	-1.326	-0.702	2.182	-0.363	-1.326	-1.326	0.480	3.415
GNF2_KISS1 GNF2_KISS1	-0.782	-0.471	-0.471	-1.260	-0.270	4.112	-0.782	-1.260	-0.782	-0.270	3.481
MORF_GPX4 MORF_GPX4	1.235	1.606	2.022	0.416	-0.364	-2.282	0.416	-0.364	-0.364	-2.282	-1.478
MODULE_124 MODULE_124	-0.461	-0.461	1.029	1.292	0.290	-3.992	1.910	0.796	0.427	-0.659	-2.253
MORF_PPP2R4 MORF_PPP2R4	2.278	1.058	-0.300	0.752	-0.300	-2.115	1.416	-0.837	0.302	-1.328	-2.128
MODULE_153 MODULE_153	0.717	0.216	-0.765	-1.409	0.216	2.015	-0.407	-1.409	-1.409	-0.407	3.181
GNF2_MCM5 GNF2_MCM5	-1.123	0.730	1.329	-0.287	-0.470	-2.532	2.102	1.007	0.316	-0.287	-2.546
GNF2_IGFBP1 GNF2_IGFBP1	-0.430	-0.218	-0.796	-1.451	-0.218	4.466	-0.430	-0.796	-1.451	-0.218	1.924
MODULE_91 MODULE_91	0.615	2.884	1.335	-0.250	-0.476	-1.534	0.942	-0.250	-0.860	-1.534	-1.543
MORF_WNT1 MORF_WNT1	1.499	-0.634	-2.608	-1.543	0.420	3.262	-0.870	-1.168	0.291	-0.451	1.777
MODULE_29 MODULE_29	1.434	3.243	0.980	0.324	-0.579	-1.160	-0.279	-0.279	-1.160	-1.160	-1.167
GNF2_CCNA1 GNF2_CCNA1	-0.586	-0.885	-1.892	-1.303	0.239	3.600	-0.586	-1.303	0.389	0.583	2.598
MODULE_108 MODULE_108	-0.622	-0.622	-2.323	-0.977	0.233	2.906	-1.502	-0.381	0.233	0.879	2.394
MODULE_113 MODULE_113	1.837	-1.145	-0.850	-1.145	0.301	1.837	-1.983	-1.145	-1.145	1.255	2.145
GNF2_MCL1 GNF2_MCL1	-1.537	-0.645	-1.006	1.154	-0.398	-2.365	-0.645	1.508	0.847	2.831	-0.404
MODULE_363 MODULE_363	-0.270	1.944	0.816	0.816	0.547	-2.032	-2.032	0.816	-0.270	-2.032	-0.274
MODULE_297 MODULE_297	0.521	-0.595	-1.709	-2.366	-0.254	4.665	-1.226	-0.254	-0.254	-0.254	1.233
GNF2_CD97 GNF2_CD97	-0.500	-0.500	-0.500	-0.893	-1.575	-1.575	2.788	1.725	-0.266	1.725	-0.505
GCM_CBFB GCM_CBFB	-0.263	0.739	1.642	1.302	-0.647	-2.907	0.520	0.739	-0.421	-0.263	-2.923
GNF2_STAT6 GNF2_STAT6	-1.199	-0.577	-0.577	0.540	0.750	-2.329	0.750	1.957	2.346	-0.382	-2.346
MODULE_223 MODULE_223	-0.329	-0.609	-1.037	-3.137	-1.321	1.497	-1.037	0.663	0.274	1.761	2.650
MORF_LCAT MORF_LCAT	1.502	0.256	-2.839	-1.442	0.256	3.869	-0.656	-1.127	-0.656	0.362	1.010
MORF_PTPRR MORF_PTPRR	-1.052	-1.409	-0.552	-1.052	-0.385	6.056	-1.409	0.347	-0.259	0.493	0.863
MODULE_357 MODULE_357	0.521	-0.595	-1.709	-2.366	-0.254	4.132	-1.226	-0.254	-0.254	-0.254	1.545
MORF_BAG5 MORF_BAG5	0.639	-0.364	0.416	1.235	0.246	-2.282	1.606	-0.364	1.235	-2.282	-1.478
MORF_ESPL1 MORF_ESPL1	-0.287	0.730	1.329	-0.470	0.499	-2.532	1.695	1.007	-0.470	-0.738	-2.546
GNF2_MCM4 GNF2_MCM4	-0.556	-0.893	2.146	0.693	-0.556	-2.199	0.272	1.711	0.693	0.272	-2.211
MODULE_292 MODULE_292	-0.273	-0.703	-0.273	-1.514	-1.514	0.598	-2.372	0.453	-0.384	1.678	4.074
GCM_RAF1 GCM_RAF1	-1.057	1.042	0.717	2.360	0.254	-1.783	1.042	0.454	-0.624	-1.783	-1.065
MODULE_545 MODULE_545	-0.351	-0.828	-0.828	-0.351	1.523	3.677	-0.828	-0.828	0.256	-0.828	0.562
GNF2_MMP1 GNF2_MMP1	-1.326	-0.363	-0.702	-1.326	0.795	0.480	0.247	-1.326	-0.363	0.480	4.128
MORF_BUB1B MORF_BUB1B	0.406	0.605	0.849	0.849	0.605	-2.740	-0.359	1.135	0.605	-1.272	-2.756
MODULE_154 MODULE_154	0.621	-0.505	-1.550	-2.183	0.277	4.549	-1.550	0.277	0.277	-0.327	0.842
MODULE_109 MODULE_109	0.859	-0.925	-1.617	-1.617	-0.925	3.294	-0.283	-0.524	-0.283	0.859	0.851
GCM_ANP32B GCM_ANP32B	-1.492	1.392	1.863	0.647	1.392	-1.492	-0.234	-0.453	-0.234	-0.828	-1.501
MODULE_345 MODULE_345	-0.281	-0.552	0.322	-1.639	-1.279	0.447	-2.612	0.322	-0.281	1.448	4.240
MORF_GSPT1 MORF_GSPT1	-0.270	1.944	0.547	1.140	1.140	-2.032	0.547	-0.270	-0.782	-1.260	-2.044
MODULE_180 MODULE_180	-0.830	-0.613	-0.830	-1.100	-1.435	0.738	-0.613	-0.613	-0.443	3.894	3.040
MODULE_57 MODULE_57	-0.381	-0.622	1.556	0.233	-0.381	-2.323	1.194	1.194	1.194	-0.622	-2.337
GNF2_RRM2 GNF2_RRM2	-0.958	-0.958	0.821	-0.549	-0.300	-1.658	0.302	2.075	2.075	0.528	-1.668
GCM_MAP4K4 GCM_MAP4K4	-1.651	0.310	0.537	1.937	-0.676	-2.423	0.537	1.680	1.442	-0.292	-2.449
GCM_PTK2 GCM_PTK2	-1.736	0.350	-0.853	0.970	-1.387	-1.736	1.668	0.970	1.944	0.970	-1.757
MODULE_424 MODULE_424	-0.298	-0.745	-0.298	-0.745	-0.745	-0.745	-0.745	-0.298	0.304	3.188	2.391
MODULE_122 MODULE_122	-0.441	-0.785	-1.017	-2.040	0.283	0.857	-0.595	-1.017	-0.441	1.280	5.075
MORF_MSH2 MORF_MSH2	-0.452	0.520	1.372	0.520	1.372	-2.490	0.758	-0.273	-1.093	0.520	-2.504
GNF2_RAP1B GNF2_RAP1B	-1.492	-0.453	-0.828	-0.234	0.647	-1.492	4.327	-0.234	0.381	0.647	-0.835
GNF2_TNFRSF1B GNF2_TNFRSF1B	-0.810	-1.212	-0.527	0.441	0.275	-2.657	0.275	0.909	-0.329	4.416	-0.334
GNF2_ELAC2 GNF2_ELAC2	-0.411	1.682	-0.228	-0.702	-0.228	-1.908	2.649	-0.228	0.922	-0.702	-1.919
MODULE_418 MODULE_418	-1.093	-1.093	-0.273	-1.093	-0.452	1.042	0.520	-1.643	0.520	-0.452	4.785
MODULE_149 MODULE_149	-0.250	0.942	1.793	2.310	0.359	-1.534	-0.860	0.359	-0.860	-1.534	-0.867
MODULE_42 MODULE_42	-0.222	3.663	1.151	0.398	0.398	-1.036	-0.222	-0.491	-1.036	-1.036	-1.042
MODULE_126 MODULE_126	1.624	1.186	2.133	0.410	-1.047	-2.730	-0.293	-0.391	0.665	-0.391	-2.760
MORF_THPO MORF_THPO	-0.762	-0.291	-0.566	-2.106	-0.411	5.130	-1.004	0.753	-0.291	-1.004	1.155
GNF2_DEK GNF2_DEK	-1.572	0.363	0.565	0.565	0.565	-2.407	1.115	-0.247	1.115	0.565	-2.421
GNF2_SPINK1 GNF2_SPINK1	0.685	-1.077	-0.520	-1.077	0.372	4.300	-0.520	-0.240	-1.077	-0.520	0.679
MODULE_36 MODULE_36	-1.146	-0.907	-0.543	2.894	0.407	-2.151	1.466	0.301	0.533	1.239	-2.176
GNF2_CDC20 GNF2_CDC20	-0.381	-0.977	0.233	-0.977	0.613	-2.323	0.398	1.194	2.906	0.613	-1.513
GNF2_TST GNF2_TST	0.463	0.631	-1.462	-0.810	-1.098	3.878	-1.098	-1.098	-0.810	0.463	1.894
MODULE_125 MODULE_125	-1.091	-1.091	0.685	0.685	-0.373	-1.824	1.374	1.803	0.431	0.431	-1.835
GCM_HMGA2 GCM_HMGA2	-0.365	0.354	-0.925	-0.925	0.647	5.415	-1.211	-0.694	-0.925	-0.925	1.261
GCM_PPP1CC GCM_PPP1CC	0.398	0.879	1.194	1.556	-0.622	-1.502	0.233	1.556	-0.977	-0.977	-2.337
MODULE_234 MODULE_234	-0.921	-0.578	-0.348	-0.578	-0.348	2.552	0.436	-1.432	-1.432	-0.348	3.591
GNF2_TTK GNF2_TTK	-0.524	-0.925	0.320	-0.283	-0.524	-1.617	0.320	2.150	2.695	0.320	-1.626
GNF2_PECAM1 GNF2_PECAM1	-0.622	-0.977	-0.381	0.233	-0.381	-2.323	0.233	0.613	-0.381	5.262	0.230
MODULE_382 MODULE_382	-0.279	-0.279	-0.579	-1.160	0.608	5.644	-1.160	-0.579	-0.279	-0.279	-0.282
MODULE_107 MODULE_107	-0.382	-0.577	-1.199	-1.199	-1.199	3.218	-1.199	-0.577	0.367	0.998	2.323
MORF_CCNF MORF_CCNF	-0.559	-0.820	0.775	1.318	0.775	-2.293	0.775	0.382	0.775	0.382	-3.259
MODULE_455 MODULE_455	-0.524	-1.617	0.556	-0.925	-0.925	-0.283	0.556	-0.925	0.556	-0.283	4.616
GNF2_CEBPA GNF2_CEBPA	1.552	-0.329	-1.785	-0.527	-1.212	1.936	-0.810	-0.810	-0.810	0.275	2.797
MODULE_222 MODULE_222	-0.911	0.874	2.599	-0.911	-0.911	-0.911	-0.911	-0.405	0.491	0.874	0.487
GNF2_CD14 GNF2_CD14	0.216	-1.409	-0.407	-0.407	-0.407	-1.409	-0.407	0.216	0.216	5.397	0.423
CAR_MLANA CAR_MLANA	-1.783	-0.354	-1.783	0.254	1.042	0.717	-1.057	-0.624	0.454	2.905	0.250
MORF_PPP2R5E MORF_PPP2R5E	-1.281	0.485	0.485	1.820	1.180	-2.440	0.681	0.913	-0.427	-0.427	-2.457
MORF_MAP3K14 MORF_MAP3K14	0.700	-0.469	-2.420	-1.485	0.531	4.210	-0.332	-1.144	-0.469	0.272	0.881
MODULE_158 MODULE_158	-1.057	-1.057	0.717	0.717	-0.354	-1.783	1.426	1.426	0.254	0.717	-1.793
GCM_TINF2 GCM_TINF2	-0.318	2.002	0.502	0.785	-0.991	-0.991	1.538	0.285	0.285	-1.700	-1.710
MODULE_61 MODULE_61	2.857	2.347	0.783	-0.492	-0.492	-0.492	-0.810	-0.492	-0.810	-0.285	-2.086
MODULE_306 MODULE_306	1.090	1.090	0.685	-0.240	-0.240	-1.077	2.152	-0.520	-1.077	-1.077	-1.083
MODULE_168 MODULE_168	-0.911	0.874	1.935	-0.911	-0.911	-0.911	-0.911	-0.405	0.491	1.358	0.487
GNF2_CD1D GNF2_CD1D	-0.373	-1.091	-0.373	-0.650	0.240	-1.824	0.240	0.431	-0.373	5.407	0.236
CAR_WBSCR22 CAR_WBSCR22	-1.492	-0.234	-1.492	0.381	1.392	0.647	-0.828	-0.828	-0.453	2.985	-0.237
MORF_RAB6A MORF_RAB6A	-0.586	0.583	0.820	2.183	-0.586	-2.782	0.820	0.389	0.583	-0.586	-1.906
MODULE_115 MODULE_115	-0.260	1.033	1.033	2.681	0.645	-1.119	-0.550	-0.550	-1.119	-1.119	-0.554
MODULE_426 MODULE_426	0.762	0.762	-1.450	-1.054	-0.751	2.670	-1.450	-0.521	-1.450	1.269	0.985
GNF2_TYK2 GNF2_TYK2	0.453	-1.368	0.755	-0.733	0.755	-1.368	0.453	1.132	1.581	-0.733	-1.375
GNF2_SELL GNF2_SELL	-1.192	-0.729	-0.729	0.370	-0.241	-1.949	-0.241	2.072	2.569	0.598	-0.736
MODULE_209 MODULE_209	-0.363	-0.771	0.246	-1.078	-2.002	2.225	-1.078	-1.078	0.739	0.971	2.202
GCM_MSN GCM_MSN	-1.160	-0.279	1.966	0.980	0.980	-1.160	0.324	-0.279	0.608	-1.160	-1.167
MODULE_274 MODULE_274	1.483	-1.281	-0.911	-0.633	-0.633	3.977	-0.633	-1.281	0.681	-0.633	0.671
GNF2_BUB1B GNF2_BUB1B	-0.782	-0.270	1.140	-0.471	0.334	-2.032	0.334	1.517	1.517	-0.270	-2.044
MODULE_50 MODULE_50	2.373	1.604	0.968	-0.538	-0.538	-0.538	-0.176	-0.538	-0.538	-0.538	-0.541
GNF2_PTPRC GNF2_PTPRC	-1.333	-0.606	-0.389	-0.389	0.373	-1.928	2.557	-0.239	1.380	1.380	-1.345
MODULE_388 MODULE_388	0.707	-0.272	1.824	2.545	-0.272	-0.704	-0.704	-0.704	-0.272	-0.704	-0.708
GNF2_MYL2 GNF2_MYL2	0.247	-0.363	-0.702	-1.326	0.795	2.182	-1.326	-0.702	-0.363	-0.363	2.168
MORF_BUB1 MORF_BUB1	-0.316	1.020	0.722	-0.316	0.722	-2.157	-0.316	1.368	0.722	-0.865	-2.170
GCM_PTPRU GCM_PTPRU	-0.364	0.416	-0.949	-0.600	1.235	1.235	-0.949	0.246	-2.282	-0.600	2.462
GNF2_SERPINI2 GNF2_SERPINI2	0.427	-0.994	-0.462	-0.994	-0.462	4.660	-0.462	-0.204	-0.462	-0.462	0.767
MORF_REV3L MORF_REV3L	-0.260	-0.691	-0.260	-0.260	0.347	-1.607	1.797	2.221	0.542	-0.434	-2.463
MODULE_404 MODULE_404	-0.520	-0.520	0.372	-1.077	1.090	2.798	-0.520	0.372	-1.077	-1.077	0.679
MODULE_273 MODULE_273	-0.534	2.700	1.020	-0.316	0.477	-0.865	-0.316	1.020	-0.316	-1.363	-2.170
GCM_ING1 GCM_ING1	0.239	1.783	0.389	2.183	-0.374	-0.885	0.389	0.239	0.239	-1.303	-2.798
MODULE_320 MODULE_320	0.256	-0.828	-0.351	-0.828	-0.351	-0.828	0.567	1.523	2.871	-0.351	-0.833
MODULE_436 MODULE_436	0.311	-0.553	0.311	-1.958	-0.960	0.568	-2.432	0.311	0.428	1.127	3.183
MORF_IL9 MORF_IL9	2.039	0.654	-1.178	-2.134	0.473	2.039	-0.606	-0.418	-1.178	-0.855	0.855
GNF2_PPP6C GNF2_PPP6C	-0.524	0.859	0.859	1.229	0.556	-1.617	0.320	1.229	-0.925	-0.925	-1.626
MODULE_208 MODULE_208	-0.510	-1.211	-0.254	-0.925	-1.562	1.043	-1.211	0.487	-0.510	1.279	3.569
GCM_CSNK1A1 GCM_CSNK1A1	-1.492	-0.453	1.863	-0.234	0.381	-1.492	0.647	0.986	-0.234	0.647	-1.501
GNF2_CENPE GNF2_CENPE	-0.574	-0.574	0.785	-0.574	-0.574	-1.700	-0.318	0.785	3.712	0.502	-0.999
GNF2_NS GNF2_NS	0.528	1.179	1.598	0.821	0.821	-1.658	-0.549	-0.300	-0.958	-0.549	-1.668
MODULE_25 MODULE_25	-0.538	4.279	-0.176	0.477	-0.176	-0.538	-0.538	0.477	-0.538	-0.538	-0.541
MODULE_90 MODULE_90	-0.704	1.208	1.824	-0.272	-0.704	-0.704	-0.704	-0.704	-0.272	-0.272	1.814
MORF_CSNK1D MORF_CSNK1D	-0.263	2.020	0.739	0.343	1.302	-1.394	0.343	0.343	-0.647	-0.647	-2.923
GNF2_TM4SF2 GNF2_TM4SF2	0.372	-0.520	-1.077	-1.077	-0.520	2.152	-1.077	-0.520	0.372	0.685	1.571
MODULE_28 MODULE_28	0.795	1.186	1.186	0.247	-0.363	-1.326	1.186	0.247	-0.702	-1.326	-1.334
GNF2_S100A4 GNF2_S100A4	-0.729	-0.729	-0.729	-0.241	-0.729	-1.949	0.370	1.625	-0.241	3.113	0.365
GNF2_SMC2L1 GNF2_SMC2L1	-0.385	-0.733	0.453	0.231	-1.368	-1.368	0.231	1.581	2.675	0.231	-0.739
GCM_RAD21 GCM_RAD21	-1.534	0.615	0.359	1.793	-0.476	-0.860	1.335	0.359	0.615	-0.860	-1.543
GCM_HDAC1 GCM_HDAC1	-0.500	1.281	0.339	1.725	-0.500	-1.575	0.339	1.281	-0.266	-0.893	-1.584
MODULE_139 MODULE_139	-1.199	-0.382	-0.577	-1.199	-0.577	0.367	-0.382	-0.842	-0.382	3.218	2.741
GNF2_H2AFX GNF2_H2AFX	-0.341	-1.285	0.509	-0.341	-0.341	-1.285	0.509	0.264	2.272	1.243	-1.292
MODULE_93 MODULE_93	0.665	3.703	1.396	-0.838	-0.838	0.310	-0.661	-1.292	-1.909	0.410	-0.301
MODULE_177 MODULE_177	-0.537	-0.537	1.412	-1.383	0.509	-3.151	0.509	1.711	0.900	0.359	-0.763
CAR_MYST2 CAR_MYST2	-1.119	-0.260	-1.119	0.645	1.033	1.033	-1.119	-0.260	-0.550	2.056	-0.554
MODULE_80 MODULE_80	0.247	-0.363	-1.326	-0.363	0.795	1.186	-0.702	-0.702	-1.326	0.247	2.761
MODULE_102 MODULE_102	1.615	1.615	0.279	0.609	0.609	-0.787	-0.787	-0.324	-0.787	-0.787	-0.791
MODULE_159 MODULE_159	0.503	0.503	0.940	2.648	0.503	-2.403	-0.614	0.340	-0.266	-1.741	-0.899
GCM_MAX GCM_MAX	-0.671	0.264	-0.671	-0.341	0.509	-1.285	0.509	3.561	0.509	-0.341	-1.292
GCM_CRKL GCM_CRKL	-1.212	0.441	1.552	0.652	-0.810	-1.785	0.909	0.909	0.909	-0.527	-1.798
MODULE_321 MODULE_321	-0.252	-0.522	0.356	-1.287	-0.252	-3.570	0.666	0.497	1.924	1.340	-0.531
MODULE_89 MODULE_89	-0.580	1.490	2.214	-0.580	-0.580	-0.199	-0.580	-0.580	-0.199	-0.580	0.887
MODULE_96 MODULE_96	-0.476	-0.476	-0.476	-0.476	-0.476	2.310	-1.534	-0.476	-0.860	1.335	1.779
MODULE_288 MODULE_288	0.942	-0.860	-0.860	-1.534	-0.250	1.793	-0.860	-0.250	-0.860	0.942	1.324
GNF2_CDKN1C GNF2_CDKN1C	-0.550	-0.260	-0.550	-0.550	-0.260	2.056	-0.260	-1.119	-1.119	0.347	2.666
MODULE_51 MODULE_51	0.381	-0.453	-1.492	-0.234	0.986	0.986	-0.828	-0.828	-0.828	-0.453	2.966
MODULE_235 MODULE_235	0.913	3.024	0.327	-0.633	-1.281	-0.911	1.820	-1.281	-0.633	-0.633	-0.282
MODULE_119 MODULE_119	0.283	0.524	0.283	-1.299	-3.103	-1.017	-0.320	0.857	-0.320	2.393	1.040
MODULE_206 MODULE_206	0.267	0.489	-0.338	0.489	1.661	-2.406	-0.608	1.186	0.632	0.489	-2.952
MODULE_171 MODULE_171	-0.395	-0.539	-0.282	-1.212	-1.931	0.749	-0.941	0.440	-0.539	1.151	3.614
MODULE_203 MODULE_203	-0.662	1.293	1.942	-0.247	-0.662	-0.247	-0.662	-0.662	-0.247	-0.662	1.286
MODULE_141 MODULE_141	0.363	-0.662	-0.662	-0.662	-0.247	2.700	-0.247	-0.662	-0.662	0.363	1.286
MODULE_111 MODULE_111	1.001	-1.258	-0.594	-1.571	-0.995	2.253	-1.258	-0.328	0.275	0.813	1.666
MODULE_172 MODULE_172	-0.312	-0.659	-0.312	-0.659	-1.682	2.263	-1.254	-0.919	0.427	0.796	2.239
MODULE_396 MODULE_396	0.167	-0.497	-0.497	-0.497	-0.497	2.550	0.167	0.167	-0.497	-0.497	1.724
