GO	[-7.55 -0.91]	[-0.91 -0.58]	[-0.58 -0.35]	[-0.35 -0.15]	[-0.15 0.00]	[0.00 0.01]	[0.01 0.22]	[0.22 0.46]	[0.46 0.81]	[0.81 1.72]	[1.72 23.61]
MODULE_92 MODULE_92	-0.402	-1.478	-3.371	-1.838	0.423	6.971	-2.263	-2.769	0.423	1.550	3.033
MODULE_289 MODULE_289	1.019	-2.547	-2.547	-1.587	0.811	3.153	-2.019	-0.523	-1.233	0.811	3.928
MODULE_298 MODULE_298	-0.520	-1.077	-1.077	-1.077	0.685	5.151	-1.077	-1.077	-1.077	-0.240	2.782
MODULE_68 MODULE_68	-0.520	-1.077	-1.077	-1.077	0.685	5.151	-1.077	-1.077	-1.077	0.372	2.139
GNF2_HPX GNF2_HPX	1.444	-0.264	-2.905	-0.904	-0.687	4.173	-2.342	-1.877	-0.512	0.614	2.609
GNF2_LCAT GNF2_LCAT	0.811	0.473	-2.547	-0.945	-0.945	4.864	-2.019	-2.019	-0.376	0.630	2.072
MODULE_324 MODULE_324	0.824	-1.127	-1.823	-2.839	-1.127	3.087	-0.868	-1.127	0.492	2.070	2.044
MODULE_79 MODULE_79	0.259	-1.771	-0.715	-1.771	-0.985	0.259	-1.331	-0.715	0.385	3.747	4.670
MODULE_263 MODULE_263	-1.866	-1.124	-1.866	-0.676	0.410	3.912	-1.124	-0.392	-0.392	0.960	2.194
GNF2_HPN GNF2_HPN	1.226	0.352	-2.872	-0.886	-0.672	3.814	-1.466	-1.850	-0.672	0.479	2.652
MODULE_76 MODULE_76	-0.888	-1.254	-2.403	-1.741	-0.614	1.865	-0.888	-0.412	0.503	2.240	3.526
MODULE_128 MODULE_128	0.280	-1.712	-0.678	-1.712	-0.941	-0.324	-1.279	-0.678	0.413	3.879	4.323
GNF2_DNM1 GNF2_DNM1	1.157	-0.732	-1.519	-1.519	-0.732	1.823	-2.146	-0.488	-0.732	0.644	4.604
GNF2_GSTM1 GNF2_GSTM1	0.932	0.544	-2.677	-0.668	-0.668	3.569	-2.075	-1.597	-0.668	0.544	2.361
GNF2_TIMP2 GNF2_TIMP2	-0.702	-0.411	-0.411	-1.158	-0.411	3.805	-0.702	-1.158	-1.908	0.390	3.780
MODULE_170 MODULE_170	0.249	-1.357	-0.733	-1.801	-1.007	-0.360	-1.007	-0.733	0.372	3.682	4.595
MODULE_146 MODULE_146	0.669	-1.052	-1.861	-1.052	0.347	2.348	-1.861	-1.052	-0.771	0.669	4.449
MODULE_121 MODULE_121	0.385	-0.506	-0.985	-4.117	-0.715	1.479	-1.331	-0.347	0.542	1.199	2.856
GNF2_MYL3 GNF2_MYL3	-0.671	-0.671	-0.671	-1.285	1.243	2.272	-1.285	-0.671	-0.671	-0.341	3.542
GNF2_MMP11 GNF2_MMP11	-0.599	-0.335	-0.335	-1.024	-0.335	4.256	-0.599	-1.024	-1.741	-0.335	2.977
MODULE_375 MODULE_375	1.205	-2.035	-2.035	-0.792	0.523	1.498	-1.507	-0.377	-1.103	0.944	2.948
MODULE_316 MODULE_316	1.000	-2.001	-1.394	-0.263	-0.421	1.302	-2.001	0.343	-1.394	0.739	3.342
GNF2_EGFR GNF2_EGFR	0.247	0.247	-0.702	-1.326	-0.702	2.182	-0.363	-1.326	-1.326	0.480	3.415
GNF2_KISS1 GNF2_KISS1	-0.782	-0.471	-0.471	-1.260	-0.270	4.112	-0.782	-1.260	-0.782	-0.270	3.481
MODULE_153 MODULE_153	0.717	0.216	-0.765	-1.409	0.216	2.015	-0.407	-1.409	-1.409	-0.407	3.181
GNF2_CCNA1 GNF2_CCNA1	-0.586	-0.885	-1.892	-1.303	0.239	3.600	-0.586	-1.303	0.389	0.583	2.598
MODULE_108 MODULE_108	-0.622	-0.622	-2.323	-0.977	0.233	2.906	-1.502	-0.381	0.233	0.879	2.394
MODULE_113 MODULE_113	1.837	-1.145	-0.850	-1.145	0.301	1.837	-1.983	-1.145	-1.145	1.255	2.145
MODULE_223 MODULE_223	-0.329	-0.609	-1.037	-3.137	-1.321	1.497	-1.037	0.663	0.274	1.761	2.650
MODULE_292 MODULE_292	-0.273	-0.703	-0.273	-1.514	-1.514	0.598	-2.372	0.453	-0.384	1.678	4.074
GNF2_MMP1 GNF2_MMP1	-1.326	-0.363	-0.702	-1.326	0.795	0.480	0.247	-1.326	-0.363	0.480	4.128
MODULE_345 MODULE_345	-0.281	-0.552	0.322	-1.639	-1.279	0.447	-2.612	0.322	-0.281	1.448	4.240
MODULE_180 MODULE_180	-0.830	-0.613	-0.830	-1.100	-1.435	0.738	-0.613	-0.613	-0.443	3.894	3.040
MODULE_424 MODULE_424	-0.298	-0.745	-0.298	-0.745	-0.745	-0.745	-0.745	-0.298	0.304	3.188	2.391
MODULE_122 MODULE_122	-0.441	-0.785	-1.017	-2.040	0.283	0.857	-0.595	-1.017	-0.441	1.280	5.075
MODULE_418 MODULE_418	-1.093	-1.093	-0.273	-1.093	-0.452	1.042	0.520	-1.643	0.520	-0.452	4.785
MODULE_234 MODULE_234	-0.921	-0.578	-0.348	-0.578	-0.348	2.552	0.436	-1.432	-1.432	-0.348	3.591
MODULE_107 MODULE_107	-0.382	-0.577	-1.199	-1.199	-1.199	3.218	-1.199	-0.577	0.367	0.998	2.323
MODULE_455 MODULE_455	-0.524	-1.617	0.556	-0.925	-0.925	-0.283	0.556	-0.925	0.556	-0.283	4.616
GNF2_CEBPA GNF2_CEBPA	1.552	-0.329	-1.785	-0.527	-1.212	1.936	-0.810	-0.810	-0.810	0.275	2.797
MODULE_209 MODULE_209	-0.363	-0.771	0.246	-1.078	-2.002	2.225	-1.078	-1.078	0.739	0.971	2.202
GNF2_MYL2 GNF2_MYL2	0.247	-0.363	-0.702	-1.326	0.795	2.182	-1.326	-0.702	-0.363	-0.363	2.168
GCM_PTPRU GCM_PTPRU	-0.364	0.416	-0.949	-0.600	1.235	1.235	-0.949	0.246	-2.282	-0.600	2.462
MODULE_436 MODULE_436	0.311	-0.553	0.311	-1.958	-0.960	0.568	-2.432	0.311	0.428	1.127	3.183
MODULE_208 MODULE_208	-0.510	-1.211	-0.254	-0.925	-1.562	1.043	-1.211	0.487	-0.510	1.279	3.569
MODULE_139 MODULE_139	-1.199	-0.382	-0.577	-1.199	-0.577	0.367	-0.382	-0.842	-0.382	3.218	2.741
MODULE_80 MODULE_80	0.247	-0.363	-1.326	-0.363	0.795	1.186	-0.702	-0.702	-1.326	0.247	2.761
GNF2_CDKN1C GNF2_CDKN1C	-0.550	-0.260	-0.550	-0.550	-0.260	2.056	-0.260	-1.119	-1.119	0.347	2.666
MODULE_51 MODULE_51	0.381	-0.453	-1.492	-0.234	0.986	0.986	-0.828	-0.828	-0.828	-0.453	2.966
MODULE_171 MODULE_171	-0.395	-0.539	-0.282	-1.212	-1.931	0.749	-0.941	0.440	-0.539	1.151	3.614
MODULE_172 MODULE_172	-0.312	-0.659	-0.312	-0.659	-1.682	2.263	-1.254	-0.919	0.427	0.796	2.239
