GO	[-22.08 -0.58]	[-0.58 -0.22]	[-0.22 -0.09]	[-0.09 0.00]	[0.00 0.00]	[0.00 0.00]	[0.00 0.02]	[0.02 0.14]	[0.14 0.35]	[0.35 0.76]	[0.76 7.99]
SGCGSSAAA_E2F1DP2_01 SGCGSSAAA_E2F1DP2_01	-2.354	1.982	5.962	7.873	-4.032	-7.017	-3.381	1.481	1.056	-4.032	-1.604
TMTCGCGANR_UNKNOWN TMTCGCGANR_UNKNOWN	-3.929	0.355	2.990	4.851	-4.698	-6.892	-0.606	8.109	1.119	-2.740	-2.281
ZBTB5_TARGET_GENES ZBTB5_TARGET_GENES	-2.276	1.610	0.987	4.390	-7.559	-5.289	-1.569	3.319	1.610	0.987	-3.226
ZBED4_TARGET_GENES ZBED4_TARGET_GENES	-2.381	1.694	1.236	1.951	-4.845	-7.059	-1.972	6.818	2.226	-0.843	-1.324
SETBP1_TARGET_GENES SETBP1_TARGET_GENES	-1.634	1.115	3.877	4.241	-6.391	-5.400	-0.880	3.877	0.491	-1.344	-1.640
CREB3L2_TARGET_GENES CREB3L2_TARGET_GENES	-0.609	1.091	5.347	3.208	-4.246	-5.394	-3.399	2.493	0.695	-1.366	-1.742
RUVBL1_TARGET_GENES RUVBL1_TARGET_GENES	-0.372	0.552	2.176	3.072	-5.214	-6.194	-2.224	7.544	-0.632	-1.247	-0.375
GCGNNANTTCC_UNKNOWN GCGNNANTTCC_UNKNOWN	-2.569	1.218	4.304	3.078	-4.054	-5.186	-2.040	2.367	1.746	-1.252	-1.612
SREBP1_01 SREBP1_01	-2.976	0.382	0.957	6.088	-1.134	-5.958	-1.400	6.088	0.632	-0.716	-2.499
GGAANCGGAANY_UNKNOWN GGAANCGGAANY_UNKNOWN	-3.481	-0.345	1.679	6.404	-2.702	-4.562	-0.928	2.327	1.136	0.380	-2.708
HOXC13_TARGET_GENES HOXC13_TARGET_GENES	-1.869	1.387	2.283	4.693	-3.824	-4.936	-1.869	0.717	2.283	-1.119	-0.850
GTF3A_TARGET_GENES GTF3A_TARGET_GENES	-1.143	-2.251	-2.251	-2.251	10.258	2.046	2.046	-1.143	-1.143	-0.796	-0.542
ZNF547_TARGET_GENES ZNF547_TARGET_GENES	-1.540	1.457	3.623	1.226	-3.454	-6.309	-1.232	0.388	3.257	-0.319	-0.761
E2F_Q2 E2F_Q2	-1.008	0.552	3.072	1.663	-1.008	-7.476	-1.247	0.691	3.751	-0.277	-2.665
RTTTNNNYTGGM_UNKNOWN RTTTNNNYTGGM_UNKNOWN	0.600	0.600	2.129	-0.821	1.591	-6.476	-6.476	0.757	0.600	0.347	0.460
NRSF_01 NRSF_01	0.998	-0.939	-0.939	1.255	4.828	-4.022	-2.991	-2.261	-0.939	0.998	1.853
TAXCREB_01 TAXCREB_01	-0.429	-1.605	2.744	1.545	-0.310	-5.810	-3.755	1.813	1.813	-1.272	0.689
SNACANNNYSYAGA_UNKNOWN SNACANNNYSYAGA_UNKNOWN	-1.648	0.817	2.297	1.319	-1.225	-3.939	-3.939	1.942	2.680	-0.896	-0.643
BCL6B_TARGET_GENES BCL6B_TARGET_GENES	-0.355	2.630	0.738	2.329	-2.300	-4.735	-2.769	1.534	1.534	0.457	-2.777
KRCTCNNNNMANAGC_UNKNOWN KRCTCNNNNMANAGC_UNKNOWN	-1.270	0.405	6.037	3.663	0.250	-2.735	-1.853	-0.359	-0.359	-1.853	-0.861
ZSCAN5C_TARGET_GENES ZSCAN5C_TARGET_GENES	-1.404	0.944	1.377	2.827	-3.254	-2.663	-3.971	1.896	1.150	0.457	-0.505
CCTNTMAGA_UNKNOWN CCTNTMAGA_UNKNOWN	-0.498	-0.256	1.219	-1.144	0.478	-5.560	-1.842	-0.362	3.387	3.387	-1.149
ZMYM2_TARGET_GENES ZMYM2_TARGET_GENES	-1.274	-0.399	2.326	0.595	-5.227	-2.601	-1.274	1.440	0.968	2.326	-0.284
ZNF622_TARGET_GENES ZNF622_TARGET_GENES	-0.240	0.560	5.187	1.063	-2.818	-2.818	-0.605	1.063	-0.240	-0.605	-1.929
PPARGC1A_TARGET_GENES PPARGC1A_TARGET_GENES	-2.362	0.524	2.812	3.657	-1.796	-4.147	-0.732	0.707	0.249	0.372	-0.523
ZNF133_TARGET_GENES ZNF133_TARGET_GENES	-0.435	2.270	1.979	1.979	-1.905	-5.097	-1.232	-0.973	1.979	-0.757	-0.321
TAAWWATAG_RSRFC4_Q2 TAAWWATAG_RSRFC4_Q2	0.836	1.213	1.431	-0.859	0.836	-7.101	-2.408	-0.293	0.676	-0.674	1.424
HDAC8_TARGET_GENES HDAC8_TARGET_GENES	-1.061	0.282	2.840	3.596	-2.730	-3.399	-1.061	1.864	0.396	-0.447	-0.815
GTTNYYNNGGTNA_UNKNOWN GTTNYYNNGGTNA_UNKNOWN	-1.964	1.566	-0.521	0.390	-1.052	-3.648	-2.656	1.264	2.262	0.760	0.991
ZNF532_TARGET_GENES ZNF532_TARGET_GENES	-1.210	0.275	2.349	1.929	-1.782	-2.652	-0.329	2.807	-0.329	-0.329	-1.786
GGCKCATGS_UNKNOWN GGCKCATGS_UNKNOWN	-0.909	-0.240	2.119	0.790	-0.389	-2.818	-2.818	1.728	1.728	-0.605	-0.608
YGACNNYACAR_UNKNOWN YGACNNYACAR_UNKNOWN	-0.713	1.779	0.385	0.259	2.866	-4.105	-2.328	1.194	0.259	-0.713	-0.349
GRE_C GRE_C	-0.311	1.615	0.548	1.899	-0.311	-3.364	-3.364	-0.794	0.713	-1.041	1.892
THRA_TARGET_GENES THRA_TARGET_GENES	-1.212	-0.334	1.163	1.715	-3.443	-2.668	-0.908	1.163	2.031	-0.334	0.540
TBX1_TARGET_GENES TBX1_TARGET_GENES	-0.713	0.480	0.914	-0.326	-1.992	-3.339	-0.896	4.568	1.741	0.278	-0.717
ZNF704_TARGET_GENES ZNF704_TARGET_GENES	-0.344	0.876	1.168	1.876	-2.693	-2.693	-0.344	0.627	1.502	-0.834	-1.243
TGASTMAGC_NFE2_01 TGASTMAGC_NFE2_01	-0.671	-0.842	0.293	1.510	0.387	-6.786	-1.042	0.766	1.299	0.927	0.761
CHAF1A_TARGET_GENES CHAF1A_TARGET_GENES	0.412	-0.475	2.976	0.412	-1.707	-2.261	-2.261	0.412	2.976	-0.324	-0.478
ZNF165_TARGET_GENES ZNF165_TARGET_GENES	-1.224	0.353	0.353	0.966	-2.361	-2.361	-1.224	2.281	2.281	-0.397	0.518
GATGKMRGCG_UNKNOWN GATGKMRGCG_UNKNOWN	-0.859	0.250	0.604	4.787	-1.270	-2.735	0.250	0.405	0.604	0.250	-1.273
STAT1_01 STAT1_01	0.357	0.764	1.030	2.484	-1.361	-2.859	-1.961	1.030	0.357	-0.251	-0.937
ZNF585B_TARGET_GENES ZNF585B_TARGET_GENES	-0.760	1.411	0.433	1.166	-2.098	-2.098	-1.658	2.981	0.579	0.311	-0.568
