GO	[-4.93 -0.51]	[-0.51 -0.24]	[-0.24 -0.13]	[-0.13 -0.05]	[-0.05 0.00]	[0.00 0.02]	[0.02 0.11]	[0.11 0.23]	[0.23 0.47]	[0.47 0.96]	[0.96 8.92]
TMTCGCGANR_UNKNOWN TMTCGCGANR_UNKNOWN	-1.242	0.603	1.336	3.711	0.470	-1.536	5.752	0.356	-2.281	-5.664	-3.322
GKCGCNNNNNNNTGAYG_UNKNOWN GKCGCNNNNNNNTGAYG_UNKNOWN	-1.677	0.499	1.328	4.704	1.006	-0.738	1.006	-1.122	-0.738	-2.530	-2.542
KRCTCNNNNMANAGC_UNKNOWN KRCTCNNNNMANAGC_UNKNOWN	1.462	6.732	0.605	0.250	-1.271	-0.566	-1.855	-1.271	-2.738	-0.859	0.598
SGCGSSAAA_E2F1DP2_01 SGCGSSAAA_E2F1DP2_01	-1.046	3.220	3.220	3.220	-1.302	-1.046	-0.497	0.328	-0.497	-1.954	-3.418
SREBP1_01 SREBP1_01	-2.500	0.634	4.066	0.383	0.285	-0.718	2.391	0.788	0.285	-2.988	-3.581
GGAANCGGAANY_UNKNOWN GGAANCGGAANY_UNKNOWN	-0.493	-0.493	0.907	0.703	0.703	-2.708	3.936	1.686	-0.493	-2.708	-2.725
NRSF_01 NRSF_01	2.988	-0.940	-0.940	-2.266	2.212	0.413	-2.997	-1.278	-0.475	0.773	1.533
MEF2_01 MEF2_01	0.927	-0.274	-0.380	-4.020	-0.274	0.446	-0.682	-0.515	-2.203	0.584	5.587
CCGNMNNTNACG_UNKNOWN CCGNMNNTNACG_UNKNOWN	-1.198	0.540	1.281	1.954	-0.842	-0.842	3.693	-0.577	-0.577	-1.676	-1.208
YTAAYNGCT_UNKNOWN YTAAYNGCT_UNKNOWN	1.410	-0.458	-1.591	0.267	-2.401	-0.458	-0.791	-1.012	0.489	3.548	1.169
E2F_Q2 E2F_Q2	-0.806	-0.372	1.226	0.431	-1.011	-1.251	4.146	0.431	0.553	-1.531	-0.818
RGTTAMWNATT_HNF1_01 RGTTAMWNATT_HNF1_01	1.820	-0.731	-0.731	-1.064	-0.731	1.820	-1.064	-0.313	1.156	-1.518	1.145
